DATA/PredictorVariables/1_WorldClim_R/alt.asc
NCOLS 166 
NROWS 105 
XLLCORNER -9.41666666666667 
YLLCORNER 35.1666666666667 
CELLSIZE 0.0833333333333333 
NODATA_value -9999 
[rows 22 to 43 of 105, columns 102 to 152 of 166]
460.936328303613 385.478509373571 391.044048163389 418.166323731139 434.299077884468 403.485063252552 406.261888431641 472.644795000763 474.500381039474 441.564471879286 463.163122999541 420.77865416857 392.376200274347 415.341030330742 654.905121170547 747.069615912204 771.500914494741 666.868312757202 772.673754000912 883.377914951987 921.385078494123 751.241769547324 852.045762841036 845.665599756132 806.224394147227 743.405959457392 594.403673220544 701.279835390945 780.253505563177 855.679012345674 847.747256515769 901.754420057912 765.638241121777 591.423754000912 700.322816643805 691.42535436671 743.838020118882 691.305060204234 604.187471422037 770.247599451301 806.099565614991 566.346060051823 427.75228623685 376.475232434074 163.51173601585 116.304412437131 84.478852309101 41.2762917238229 42.6567165259297 79.0188575570529 98.1506172839509
510.448788294463 363.269242493521 366.545953360768 431.385116598083 426.822092668802 371.373418686176 353.506287151347 397.717725956406 405.822016460903 388.384659350707 416.390298734948 370.364540466392 319.708504801094 347.502705380276 445.9019585429 544.857338820297 658.917162017978 632.983539094644 621.493598536806 722.81028044505 631.611492150582 655.545610425235 759.006744398701 612.749199817087 531.476337448552 511.595869532079 537.869189147995 647.993941472339 767.906492912666 707.220050297211 611.870713305896 599.935528120708 587.301021185791 494.766346593502 562.754229538177 581.064471879282 683.321902149065 637.911903673217 530.694368236553 637.356310013722 709.534064929135 644.227290047256 340.622656607227 199.214563328757 116.403711324493 189.365226337448 192.658550525837 107.460181374796 69.3501212853102 93.7213296629982 122.126807760141
425.807613168723 328.299039780521 354.078875171468 446.47839506173 487.359739368998 415.422153635117 350.650205761316 326.451303155006 331.603909465021 344.899176954733 392.93072702332 342.550754458161 271.635802469136 308.174554183815 338.340534979424 385.840534979424 425.453360768176 453.650891632373 480.11522633745 554.233882030178 473.520233196159 435.734567901235 442.416666666666 407.815500685871 431.522633744856 460.077160493828 496.43792866941 588.282921810701 689.92901234568 706.479080932784 613.793209876542 510.224279835389 489.577846364883 413.367283950617 445.26851851852 557.03086419753 765.458847736625 690.716049382714 654.032235939644 798.993827160494 780.792524005486 628.73559670782 361.081275720163 153.331618655688 117.861454046639 155.737654320988 197.745541838134 153.64207101158 85.7478350443459 92.3131822298501 -9999
331.398719707357 285.602347203169 358.441662856273 454.796639231828 553.018899557999 512.465287303769 405.761659807958 334.04797286999 283.96284865112 301.013831732966 316.472984301169 270.117055326928 245.529149519889 284.980071635421 261.096174363662 245.826017375396 275.809023014782 343.777434842249 313.448673982618 320.749771376305 289.872542295375 281.093621399174 320.618046029566 354.095336076815 388.607224508456 436.810813900319 484.570949550375 561.26886145405 607.46208657217 669.894223441547 638.790809327845 486.35166133211 371.813328760854 326.322359396428 406.951874714224 601.310089925317 758.391175125738 733.860615759789 747.433203779914 915.020576131686 760.129058070413 426.372999542746 213.911865569264 107.522862368538 132.020499923793 186.773232738916 179.619498552052 112.756135621696 48.1563307493536 -9999 -9999
249.137174211242 247.950998323425 346.751295534216 432.764403292178 482.017794543506 525.527892089618 537.499771376326 458.601432708438 344.995579942089 309.726337448563 304.409312604788 243.589315653102 214.007887517145 233.588629782042 210.658664837674 214.542981252858 276.497485139465 317.524157902757 232.78475080018 208.168267032461 211.412551440327 232.87002743484 263.296334400242 303.93270842859 357.506858710562 436.042981252862 521.582266422803 622.866255144037 664.86575979272 646.058413351622 651.879286694102 509.302431031854 329.852004267643 310.288294467309 533.385840573102 615.546677335772 631.689871970726 509.319425392449 500.532921810675 518.359739368957 392.324798049038 302.925278158811 230.656950160045 85.7585052773917 87.8194798266757 133.193952903512 124.06203703703 -9999 -9999 -9999 -9999
251.347393689985 206.213077274807 242.315614997718 310.140946502062 332.863511659812 376.437814357573 470.082647462282 513.709076360311 445.537037037034 391.483882030176 407.989940557838 345.419638774573 258.491769547323 213.730566986739 184.752171925012 221.721193415638 236.716392318246 209.149291266579 177.16632373114 192.330361225423 219.142889803383 246.510288065843 282.806698673982 319.422153635115 395.39951989026 519.221993598537 616.646090534976 655.321673525377 639.211705532693 521.228737997261 487.51028806585 503.573502514862 496.211934156372 334.476680384086 540.42535436672 492.751943301331 354.520233196167 227.547782350259 213.462734339285 256.634773662556 301.73571101966 238.064571902151 170.138010116601 56.9669267261068 66.5840681951792 100.114197530864 -9999 -9999 -9999 -9999 -9999
418.603566529499 313.485253772296 246.32022557537 202.598765432094 227.742150586797 271.272633744852 320.743369913117 367.436480719396 414.248666361833 354.15089163237 340.025758268552 337.345488492606 298.717764060358 302.008573388208 212.203208352387 184.056584362138 156.922229843007 148.82597927145 190.834133516234 231.240702636795 255.374028349339 289.570987654323 353.69646395367 439.673068129864 549.407864654786 667.33432403598 736.565691205614 714.558870598997 656.404244779759 527.015965554033 431.11454046639 396.469250114307 339.106043286075 208.838934613619 265.947835695767 255.01425087638 165.041266575209 116.261736015848 194.256668190826 192.12345679012 119.938404140398 61.7380960368499 127.440843621399 52.2127314814789 -9999 -9999 -9999 -9999 -9999 -9999 -9999
547.367741197988 456.947073616824 345.708009449779 262.284293552812 187.51756591983 206.60562414266 274.012459990854 348.911522633746 359.440176802316 335.48856881573 316.340382563634 280.356310013718 259.607681755828 282.484339277548 263.382906569118 150.660951074535 158.554679164768 217.214601432714 275.27080475538 346.556241426619 418.713534522183 458.812071330596 488.748894985528 561.165028196922 575.578417924092 554.82529340039 630.278349336985 676.870370370362 700.264098460598 637.955189757653 479.089849108358 301.229347660412 215.35977747295 201.100137174221 135.633516232284 144.943148910224 171.504362513177 102.429969610155 105.228395061725 -9999 -9999 -9999 -9999 -9999 -9999 -9999 -9999 -9999 -9999 -9999 -9999
573.302812071331 436.47039323274 358.610425240056 282.096707818931 232.411522633746 201.70644718793 238.62002743484 309.866255144031 317.613854595332 322.047325102876 314.952560585271 269.778806584357 225.284979423867 245.771376314588 227.740512117058 250.599451303157 289.179012345681 322.764974851393 395.527434842248 478.430955647005 554.144032921815 614.353909465028 672.160836762697 641.118770004582 516.028463648839 420.61762688614 472.749542752622 475.977366255141 613.852880658428 488.780178326467 313.580246913575 235.521833561956 279.489711934154 398.05281207133 226.232167352532 80.0468897126021 102.021144866866 31.4081632653048 7 -9999 -9999 -9999 -9999 -9999 -9999 -9999 -9999 -9999 -9999 -9999 -9999
623.577732053039 494.187966773358 409.758878219785 341.241083676269 285.087181832038 236.07696997409 185.026634659352 208.884506934919 200.768289894833 193.984910836761 175.306546258191 162.357300716355 206.651577503431 272.737540009145 265.535436671237 263.557270233195 287.114349946653 228.388355433619 291.764860539552 441.605586038713 605.305822283186 713.522290809323 809.303612254227 815.887288523086 596.292524005479 288.829980185936 258.559442158206 297.067329675353 355.777130010664 261.752476756587 193.678960254204 182.074081188416 192.51988939463 315.266660751226 179.029209606876 18.6091802995531 5.56140350877194 6 -9999 -9999 -9999 -9999 -9999 -9999 -9999 -9999 -9999 -9999 -9999 -9999 -9999
659.493598536812 602.43960524311 537.849298887372 422.347736625519 335.627495808568 292.5713686938 265.55852766347 253.115988416404 231.076512726724 205.867626886152 192.430460295691 210.425735406191 254.131344307271 238.465287303765 238.428250266732 264.514974851401 300.380696540175 156.368846212473 205.655578417923 322.807117817399 413.657902758718 506.313786008227 535.383097088846 476.934575522005 295.87814357566 125.625400091442 155.142715828776 156.025446793847 154.02268280368 91.2988385916738 78.6460445208404 84.5263283325502 102.586279461279 173.751748251749 51.5268281101577 8 -9999 -9999 -9999 -9999 -9999 -9999 -9999 -9999 -9999 -9999 -9999 -9999 -9999 -9999 -9999
755.395061728395 737.845336076818 731.269204389574 595.067901234566 443.354938271603 413.805212620027 374.688271604938 346.025034293552 323.223593964335 327.884773662551 287.37037037037 301.284293552812 318.336419753086 292.893689986282 333.64231824417 377.013374485597 420.227023319617 247.16975308642 142.97633744856 193.701646090536 339.396433470509 435.496913580246 278.678167866937 141.597571003243 83.9815382115014 44.1887789323976 68.1001552234496 61.4175804093567 56.5155092592591 36.2866666666666 17.3999999999998 -9999 -9999 -9999 -9999 -9999 -9999 -9999 -9999 -9999 -9999 -9999 -9999 -9999 -9999 -9999 -9999 -9999 -9999 -9999 -9999
852.913580246917 792.03699893309 736.934651729912 640.87311385459 590.275643956721 594.787532388364 519.859739369005 446.331542447801 374.086305441246 380.032807498858 411.763488797447 435.515393994823 415.809327846368 388.655502210033 412.064662399027 382.279378143573 351.814662399022 218.865188233497 132.736968449934 255.753657978976 416.698064319467 331.852582453619 107.161891310138 51.0493301066209 34.3663686040734 16.040795176182 -9999 -9999 -9999 -9999 -9999 -9999 -9999 -9999 -9999 -9999 -9999 -9999 -9999 -9999 -9999 -9999 -9999 -9999 -9999 -9999 -9999 -9999 -9999 -9999 -9999
1004.74977137633 878.85261393081 752.193568053657 703.634430727033 732.944596860245 726.370827617748 636.842935528126 549.136983691514 441.63660265204 470.243026977604 541.858062795314 543.698407254998 498.984224965712 493.375285779613 476.617855509835 500.697073616841 238.795381801538 231.218678555102 315.536579789682 244.689910074677 247.517142901408 156.640249258771 47.4343800322035 -9999 -9999 -9999 -9999 -9999 -9999 -9999 -9999 -9999 -9999 -9999 -9999 -9999 -9999 -9999 -9999 -9999 -9999 -9999 -9999 -9999 -9999 -9999 -9999 -9999 -9999 -9999 -9999
1044.19821673525 975.189300411519 900.722565157746 887.310699588472 885.139003200727 825.776977594876 781.762345679007 646.773205304063 518.691929583902 657.346364883397 715.474508459071 656.143347050751 587.732510288063 613.001486053952 745.990855052573 579.703703703701 146.725765889337 161.071216278009 379.375171467762 173.482395976224 72.8660168329067 57.5715630885146 -9999 -9999 -9999 -9999 -9999 -9999 -9999 -9999 -9999 -9999 -9999 -9999 -9999 -9999 -9999 -9999 -9999 -9999 -9999 -9999 -9999 -9999 -9999 -9999 -9999 -9999 -9999 -9999 -9999
1236.17855509832 1182.30757506479 1180.98696844994 1181.27194787381 1098.93830970889 1018.07182594118 892.917123914041 670.792066758111 716.864692882192 685.640717878373 763.235406188082 755.726642280145 818.992112482864 917.431260478602 996.848536808423 526.842249657057 102.854442920276 73.7183356195665 117.600627511838 25.3789374556575 2.74437422430996 6.29629629629588 -9999 -9999 -9999 -9999 -9999 -9999 -9999 -9999 -9999 -9999 -9999 -9999 -9999 -9999 -9999 -9999 -9999 -9999 -9999 -9999 -9999 -9999 -9999 -9999 -9999 -9999 -9999 -9999 -9999
1322.42203932327 1297.45652339582 1232.10791037952 1194.74348422497 1154.09255448865 1031.38172534676 873.097165066309 821.904816338979 821.915104404818 857.567558299046 986.452446273435 982.615264441397 1079.81790123456 932.027853985652 711.344650205746 338.487425697294 131.589658588629 63.0791349711193 3.16052774100643 -0.524902743873477 -0.393720680229574 -0.439668615984383 -9999 -9999 -9999 -9999 -9999 -9999 -9999 -9999 -9999 -9999 -9999 -9999 -9999 -9999 -9999 -9999 -9999 -9999 -9999 -9999 -9999 -9999 -9999 -9999 -9999 -9999 -9999 -9999 -9999
1319.7877229081 1307.62037037037 1336.5760173754 1335.65432098766 1304.38454503887 1263.57327389118 1088.68244170096 973.222336534066 864.226337448563 938.956104252402 1027.85528120713 970.222565157748 839.323045267483 583.20484682212 368.091106538634 223.323731138543 176.385459533605 220.092560117634 8.12005471380421 -1.74141922094506 -0.88505747126436 -9999 -9999 -9999 -9999 -9999 -9999 -9999 -9999 -9999 -9999 -9999 -9999 -9999 -9999 -9999 -9999 -9999 -9999 -9999 -9999 -9999 -9999 -9999 -9999 -9999 -9999 -9999 -9999 -9999 -9999
1473.86294010059 1368.81149977138 1412.43869074836 1452.46159122086 1509.958581009 1503.0140984606 1270.77491998171 1100.47809023015 997.16510440482 982.254000914498 1004.94471117208 850.331351928055 664.870027434835 417.466011278763 256.465592135345 153.905006858709 103.861243009388 93.6066100823024 -1.4861111111111 -1 -9999 -9999 -9999 -9999 -9999 -9999 -9999 -9999 -9999 -9999 -9999 -9999 -9999 -9999 -9999 -9999 -9999 -9999 -9999 -9999 -9999 -9999 -9999 -9999 -9999 -9999 -9999 -9999 -9999 -9999 -9999
1458.60139460448 1445.55803231215 1542.43865264442 1675.49828532237 1644.02777777778 1549.29404816339 1437.94935985368 1213.60158512422 1077.06515775034 1006.65489254686 920.568930041142 659.289018442304 474.430727023314 364.31786313062 246.915866483769 95.941320422109 30.3477985290003 11.6666666666667 -9999 -9999 -9999 -9999 -9999 -9999 -9999 -9999 -9999 -9999 -9999 -9999 -9999 -9999 -9999 -9999 -9999 -9999 -9999 -9999 -9999 -9999 -9999 -9999 -9999 -9999 -9999 -9999 -9999 -9999 -9999 -9999 -9999
1348.0853909465 1382.57956104253 1562.84224965707 1684.27777777778 1686.56550068587 1554.48799725652 1354.31481481481 1169.22668038408 915.185185185185 871.886831275719 730.467078189299 562.801783264745 388.478395061727 325.482853223593 252.491426611797 114.489590101797 19.3594054580877 -9999 -9999 -9999 -9999 -9999 -9999 -9999 -9999 -9999 -9999 -9999 -9999 -9999 -9999 -9999 -9999 -9999 -9999 -9999 -9999 -9999 -9999 -9999 -9999 -9999 -9999 -9999 -9999 -9999 -9999 -9999 -9999 -9999 -9999
1155.40637860081 1162.00903063557 1336.78113092515 1485.00788751714 1463.53227404358 1380.59202103337 1303.15089163237 1104.43362292333 762.572054564848 624.556127114753 581.001600365794 498.71936442615 283.619341563779 190.600436290192 199.511587682623 146.209950029393 -9999 -9999 -9999 -9999 -9999 -9999 -9999 -9999 -9999 -9999 -9999 -9999 -9999 -9999 -9999 -9999 -9999 -9999 -9999 -9999 -9999 -9999 -9999 -9999 -9999 -9999 -9999 -9999 -9999 -9999 -9999 -9999 -9999 -9999 -9999
