DATA/PredictorVariables/1_WorldClim_R/alt.asc
NCOLS 166 
NROWS 105 
XLLCORNER -9.41666666666667 
YLLCORNER 35.1666666666667 
CELLSIZE 0.0833333333333333 
NODATA_value -9999 
[rows 44 to 65 of 105, columns 0 to 50 of 166]
-9999 -9999 -9999 -9999 -9999 61.1831275720192 70.8799330580628 55.3492148140946 38.4234110653836 37.2728623685365 41.0612330437409 79.84990855053 160.876085962502 209.470431336683 212.777663465941 285.27160493828 394.567177259582 563.828494132014 765.153749428461 842.681946349658 613.897690900765 608.265432098736 567.073350099044 475.013183965856 489.711248285321 493.790733119948 519.70275110501 580.942844078636 660.222793781416 579.358024691329 589.646662094162 724.242950769674 673.223327236677 576.015089163207 507.709304983972 485.221993598523 534.796753543665 469.320759030625 417.299497027885 391.845564700502 453.263031550071 776.717764060383 1017.34396433472 1102.37909617434 1346.97420362749 1551.23251028807 1555.34872732816 1466.87814357564 1080.47462277085 1178.37547629927 1106.71395366553
-9999 -9999 -9999 -9999 -9999 41.0000000000005 25.9236378205152 28.4531390377467 37.8278686334241 47.8192729766793 50.3248742569723 147.9443301326 182.672496570644 230.274234110654 426.851165980794 576.778806584352 615.774691358021 683.260173754 768.789437585737 673.907178783729 542.708847736627 599.28395061728 613.939871970731 583.704503886597 474.800411522634 416.843621399179 427.559213534525 476.795610425243 465.98925468679 399.523205304072 418.449245541841 473.117741197994 407.053726566078 341.656378600828 368.016232281667 418.306698673984 449.805898491087 378.59202103338 370.671696387747 391.250000000001 513.632830361226 709.480681298589 907.623456790131 923.811042524005 766.506287151369 760.971879286724 727.527892089653 604.174668495683 412.84602194789 421.321673525396 435.346593507104
-9999 -9999 -9999 -9999 -9999 19.5972222222227 41.0908976996954 51.8846379957504 58.3353162231775 48.211248285322 189.978204541998 258.284941319925 285.996570644726 540.211629324815 691.22447035514 603.679355281206 525.950579179997 543.340306355731 507.683013260161 478.397462277084 655.409274500843 538.569044352991 570.475194330128 456.770309404045 371.798696844988 372.512155159273 378.900815424476 431.441586648376 476.195854290507 478.061118731904 349.498628257884 322.952370065532 275.320377991155 286.351851851851 324.458733424782 334.787799115984 319.125171467758 288.01889955799 290.833981100439 371.99577046182 458.99870446578 504.903711324484 545.336762688598 532.676078341696 405.425087639066 334.312071330576 287.928174058819 288.682289285162 292.898948331045 309.492074378905 344.509602194787
-9999 -9999 -9999 -9999 -9999 31.2328625149509 56.0849829714765 87.1129019966481 90.1897576588953 96.1848422496595 283.782083523852 265.157331199511 313.985025148608 484.085238530704 465.735977747287 419.219478737997 456.659922267954 557.268327998785 614.708504801102 628.467421124824 540.655578417914 350.8996342021 371.98616826703 373.185032769394 336.339506172838 334.128219783566 317.514060356649 346.04115226337 370.052812071328 337.27537722908 312.650091449474 354.368960524307 314.017032464563 289.534636488341 282.135688157295 279.25442005792 269.702903520807 277.624295076975 359.608139003207 427.156950160036 402.231062338056 327.263336381646 275.592935528119 264.596631611034 257.047629934462 265.643689986283 272.422648986438 276.643308946808 292.373799725653 315.10490016766 335.86854138089
-9999 -9999 -9999 -9999 32.9263252470801 31.1410055066891 43.4886831275725 99.0563557384561 140.777892089622 156.985596707822 253.617969821674 221.621170553271 320.695130315501 324.349679926839 330.085848193872 403.846707818927 534.655921353449 623.381458619112 690.317901234566 514.530978509366 357.623914037492 292.116255144033 329.778577960677 340.373342478279 298.83333333333 238.067215363509 238.950502972108 263.953360768177 313.882144490169 319.503200731594 300.227023319617 305.970621856424 314.691129401005 306.923868312757 325.75125743027 340.965020576134 343.094650205765 384.047096479198 455.022748056696 406.223593964333 360.594878829444 293.959076360311 260.260288065846 267.342478280752 269.978166438044 290.280521262005 338.698331047099 303.340420667582 316.010631001373 359.084476451763 392.793095564701
-9999 -9999 -9999 -9999 62.5734665677404 65.0452646139434 65.7400548696853 102.160874866638 177.479042828838 230.230338363055 234.910455723212 184.273967383022 293.735825331502 281.776329827769 282.688728852309 322.85390946502 400.051249809481 540.225308641973 554.998399634197 367.400586800787 295.419600670629 298.638888888889 309.274081694862 275.181108062793 221.155006858711 218.226680384089 230.933432403598 295.717764060357 287.677297668039 275.414075598232 304.534865112025 304.962010364274 311.184042066758 305.48182441701 320.780787989635 371.28852309099 405.159693644259 402.977137631456 390.252514860538 365.840649291266 322.681069958849 336.931565310168 350.745541838136 348.259449778999 330.526482243564 365.636031092824 405.453589391863 366.309289742421 379.873228166441 403.812223746382 414.283340954123
-9999 -9999 -9999 84.4207527365425 83.8372139195744 102.703856119495 106.250000000002 142.553459838445 218.776863283043 235.97508001829 189.423830208809 150.541266575219 207.092706904434 264.066110349031 248.286579789668 307.508916323733 361.787456180462 390.97187928669 330.152834933694 261.284979423865 263.254153330284 240.828989483304 237.862978204539 226.607148300566 253.433470507545 252.3142432556 249.35314738607 281.940214906262 283.281816796217 273.749237921048 286.203475080021 324.685223289136 344.005182136873 345.426268861458 313.388393537572 290.07902758726 316.857338820304 345.779340039631 365.413885078497 382.539094650207 363.590192043898 391.334933699133 420.426268861456 455.800563938428 496.893804298132 508.586191129409 505.051668952908 521.604214296607 552.692844078655 528.209343087953 502.22001219327
-9999 -9999 -9999 82.0610902255639 82.0098271656507 104.199245541839 165.333333333333 263.315157750345 349.55315500686 279.345679012345 172.679012345679 133.717764060356 136.50205761317 227.560013717421 239.679355281209 306.203703703704 341.335048010974 321.043209876543 270.811728395061 208.475994513031 228.376543209876 191.239711934157 235.438957475995 264.092249657065 279.925925925926 272.141289437586 308.492455418382 294.658436213991 264.454732510288 273.533607681756 310.886831275721 354.808299039781 388.50925925926 402.41975308642 374.706790123456 340.588477366255 334.060699588477 348.424554183814 360.814471879287 376.375514403292 376.317215363512 403.381687242799 436.083333333334 478.868312757202 536.726680384088 570.190329218107 606.892661179699 684.531893004116 765.213991769547 736.211934156377 674.892661179698
-9999 -9999 66.6654589371972 36.246030148507 84.8945949550395 138.803612254235 292.280178326482 382.846250571564 349.842135345217 267.310128029259 123.027663465932 93.5534217344902 102.707590306357 162.780178326472 180.331047096476 201.311385459527 227.300906873945 237.058984910831 227.725422953814 220.329522938579 244.715744551139 264.506401463194 295.046905959459 299.91083676269 304.524691358025 315.260973936901 373.731976832801 369.00708733425 313.068244170098 276.379401005944 304.522976680384 337.535474775186 354.127190976983 372.861796982165 387.17192501143 386.220774272216 345.194444444446 355.399519890264 364.333866788602 339.891518061271 363.110158512422 398.010935832953 442.38888888889 491.512383782963 549.602766346598 562.720050297213 614.411713153481 814.744589239449 913.330818472797 845.339849108368 735.67832647462
-9999 71 54.8287040143322 49.783033637504 113.189033683891 202.794810242347 276.893347050747 251.522862368524 173.480452674881 133.019204389564 64.847622313668 45.8878219783544 97.3040695015997 110.747332723667 111.312452370061 115.945816186554 145.453246456331 208.805136412135 235.127343392779 258.929355281209 279.225461057767 304.019433013262 343.822245084595 397.228776101213 401.141975308652 384.541457094961 392.128791342784 426.130086877005 406.648300563946 345.270385611956 323.83013260174 318.455761316872 324.057651272671 329.650548696843 356.015355890868 386.798468221307 423.390832190222 422.086267337301 405.060928212164 379.876543209881 382.439414723368 425.819501600369 465.482510288067 552.579141899107 670.67584971804 664.216278006409 668.912170400862 817.754153330284 889.269890260625 700.058070416076 610.892813595477
2.38393058372834 61.6634738186467 46.7996070530415 79.5943072702325 118.344878829447 159.932441700962 126.519547325108 111.358253315047 101.319958847737 58.1838134430737 27.4373571101974 60.8659122085055 143.90843621399 149.999542752627 146.122313671694 150.22222222222 193.183013260172 225.142203932327 231.249314128944 244.064814814816 276.388431641519 315.791838134431 364.625285779607 481.579675354367 581.54835390946 548.26211705532 497.15432098765 458.503772290808 416.191815272062 398.039780521261 400.497942386828 352.702446273432 382.031092821215 397.862139917692 357.506172839505 363.027320530408 394.295610425242 414.972450845909 428.609739368998 430.048010973935 426.189414723365 475.258802011887 487.421810699588 502.144947416556 635.338820301787 687.284979423869 630.602652034753 616.124828532243 615.931412894385 579.36019661637 482.646547782353
30.9235776333761 87.7535548009468 102.383557384548 89.6369455875633 111.347050754458 108.954351470809 73.5366941015075 73.5387517146766 57.8407636031068 26.1655235482381 32.6012421886913 108.890527358637 140.224051211705 167.554679164762 182.578036884623 186.301440329219 173.301440329216 184.574455113548 203.548696844992 189.514898643497 228.542181069957 261.378143575672 314.276710867244 430.105890870293 586.693758573388 602.207171162932 457.041533302846 354.854366712385 369.005753696081 373.117626886144 324.842135345217 315.675278158816 356.362635269012 360.92832647462 387.333485749126 407.903901844234 381.947873799725 420.079713458315 469.73388203018 463.12117055327 459.692767870753 483.178821825941 434.548353909462 391.554945892389 421.344726413647 403.859396433456 422.102994970269 423.545229385757 501.426726108822 498.180269775944 428.782998018592
61.3085936884092 68.1902126068875 89.3486511202565 117.27640603567 186.86202560585 110.56923487273 79.0771604938266 65.5971931679603 29.7671872618488 25.017604023778 77.7463801249807 103.787837219936 117.872999542753 142.515012955343 161.190024386526 157.101508916323 149.454884926078 182.720469440634 192.448216735252 174.171353452217 211.89624295077 278.618084133515 299.934003962811 327.89468068892 376.180041152261 423.874828532232 389.15291114159 323.602309099221 308.745465630237 354.914685261389 286.405578417923 294.39216582838 321.644871208657 348.197187928669 391.895404663922 404.763526901383 417.848994055781 426.454732510288 451.433089468067 552.104252400538 466.37227556774 373.07186404511 344.487997256513 329.556889193717 341.000647767107 334.429240969362 358.98083371437 339.996037189452 380.145633287607 430.959533607681 441.466316110348
50.5946975072133 57.7884600223897 100.111225422957 184.747256515774 139.53635116598 76.5066404788615 60.243623930757 32.555922932759 15.4045853337909 48.0771604938278 71.3568815729314 101.335619570188 123.276406035666 140.153406492912 143.897805212619 133.371399176954 151.373571101967 173.936785550983 160.542866941015 169.351394604481 196.759830818473 242.10013717421 292.553383630542 312.411979881114 314.37757201646 309.807041609509 313.677297668037 296.21330589849 258.114769090077 278.304069501597 253.177640603566 284.012688614538 297.55075445816 321.670781893002 334.768175582988 325.129515317785 339.220164609051 400.208161865567 389.322816643802 359.28635116598 299.208047553725 288.370256058527 284.246913580246 278.551783264746 294.807613168724 297.66426611797 314.817101051672 328.290237768637 345.058641975309 403.610310928211 420.636259716507
61.2145633287624 84.3931946349656 146.945930498402 190.732053040696 137.89460594656 49.8351335358836 16.8762591615534 10.2490794888456 26.9449016918158 58.1417466849569 76.9084362139915 93.5189757658883 105.587219935984 105.534636488339 110.799382716049 118.69890260631 140.507277853985 157.090458771529 176.920324645634 182.749123609207 206.291342783113 221.916666666667 238.595526596556 270.879058070416 286.177983539095 284.93792866941 269.688957475995 266.874028349336 243.300335314738 206.075750647767 209.830589849108 216.178135954884 223.61614083219 244.057613168724 260.071673525377 263.219554945892 272.552926383173 309.083333333334 339.778730376466 321.681184270688 265.708581008992 256.305212620027 261.489711934156 265.441929583905 278.756325255297 297.415637860082 366.88385916781 405.963229690594 357.612940100595 389.684270690446 422.184994665447
108.599679926841 167.153254077127 212.954618198448 223.987540009141 132.405192981837 27.7238811893998 5.00103820207845 16.4008916323739 34.1104252400557 55.9959990855048 57.8605014479488 54.5151272671857 69.4686785550996 84.086114921507 101.382258802013 117.622085048012 123.144413961287 152.161827465326 197.358824874257 216.266803840878 244.554945892397 271.081732967539 273.111530254537 287.007849413201 310.660493827162 340.586877000461 309.533379058073 242.32773205304 215.683394299647 188.162780064014 189.173525377228 189.953894223441 196.350670629477 210.825445816186 219.954465782654 229.031816796219 246.295381801553 282.543971955493 299.370751409843 248.796639231823 244.853642737388 256.747294619724 272.444101508918 291.737997256519 303.634163999393 319.027206218567 330.752476756592 351.430307879896 386.437700045725 411.24870446578 404.281435756743
126.672839506174 219.059670781893 211.269547325101 117.677088924673 69.4081136106087 6.02827864414115 10.173042560104 25.578875171468 40.2314814814817 57.1244855967079 63.9252400548697 78.898834019205 106.134773662551 107.744855967078 124.45267489712 142.861111111111 154.038065843621 172.813443072703 206.788065843622 224.453017832648 257.21536351166 322.444444444445 356.456790123457 340.394718792867 321.268518518519 359.454732510289 321.02537722908 217.237654320987 181.679355281207 188.194444444445 198.993827160494 198.412551440329 197.371056241427 207.25 221.070987654321 241.721536351166 260.504115226338 258.974279835391 261.530521262003 262.019547325103 285.212277091907 301.805555555556 328.793209876543 355.78840877915 360.126543209877 375.141975308642 338.810699588477 378.161865569273 406.665637860082 420.810013717421 423.719135802469
159.480566986741 179.070568510895 147.37940100594 60.2850919606825 14.0159064492582 8.35598061511854 17.117613349217 33.5174516079873 50.76318396586 66.2326245999087 81.2724813290654 95.3087562871519 124.633516232282 140.822168876698 171.305707971349 204.231138545957 221.903101661336 225.876581313827 251.684385002289 262.86995122695 285.349718030792 335.564929126659 388.94151044048 370.509068739521 312.973593964334 262.361111111106 227.49428440786 195.82304526749 196.344154854445 222.134811766501 236.559327846366 232.003048315807 233.141784788906 242.759259259261 254.379820149369 289.246684956563 306.704389574761 274.412589544278 294.875933546719 342.877114769095 378.998704465788 391.548696844997 390.219821673528 437.353147386074 408.570530406952 400.985368084134 382.826817558301 412.279568663314 456.155235482398 489.285284255451 503.288827922577
90.4507012509509 77.9981803257674 79.9174565070602 40.6859261708768 8.8449586543519 14.4464038806961 21.6166136675398 33.1793171772595 56.1965782655086 81.1260859625074 96.1899481786331 111.722984301176 126.608939186101 169.179622008842 215.721307727483 257.318244170098 285.723898795919 278.448902606313 280.807155921355 283.239292790733 273.60855814662 308.321216278003 318.741693339423 303.508725803987 279.004115226334 206.28585581466 190.582952293858 226.000571559217 237.053726566075 269.948292943152 272.032235939646 264.079751562264 270.620598994058 277.67009602195 284.811804602959 312.118503276941 339.19878829447 322.328722755681 308.133897271757 365.792181069958 419.983996342022 451.18891937205 443.516803840881 451.153063557383 441.611492150588 430.042181069962 469.561423563489 498.599184575531 543.566986739833 535.960105166898 511.160798658738
59.4258839100018 47.480966786412 53.0232452825184 33.6759780172259 25.305897546741 37.628512890858 36.4907407407402 32.0388660265205 40.6053955189765 62.9533607681767 79.4487882944683 104.592021033381 168.137860082304 223.673411065385 260.956218564243 298.683127572015 318.89529035208 302.599565614997 264.088477366256 252.802812071332 239.708047553727 252.295267489714 269.776406035666 249.974394147234 210.480452674899 190.96959304984 194.932898948331 260.662208504801 299.801211705531 335.921467764058 348.704046639229 328.241083676267 326.191586648375 341.85905349794 327.165866483766 355.008116140831 377.303497942386 375.912780064013 350.388317329674 389.615912208505 454.933127572015 492.745656149977 497.978395061727 473.637631458618 514.50091449474 523.342935528118 584.168381344305 550.301097393689 491.016117969825 465.262231367173 463.403406492914
-9999 -9999 56.5231903821009 50.5543362998495 68.1930265482569 88.3976105171093 52.7887855384564 12.8595127846782 28.2819874589712 71.2193644261556 68.4674211248282 91.3669029111426 166.261774119799 200.755563176343 229.6010897729 276.003086419752 261.410493827157 246.855319311078 245.258573388202 229.45797134583 214.259640298734 230.1410608139 257.09388812681 258.116750495351 205.613854595336 184.104519128181 212.440329218108 263.589163237312 335.781169029114 381.104328608446 435.94741655236 503.056279530567 473.67661179699 489.954046639239 409.792866941017 406.722336534068 445.893575674443 442.023814967233 411.494093888129 393.453703703705 499.518518518521 517.405845145558 500.822702331961 494.216849565616 580.930041152267 625.220164609058 575.265393994816 540.824340801706 474.208847736626 486.410493827163 511.986015851245
-9999 -9999 86.5219058448605 111.379772961817 145.429927099045 127.130698005695 24.4551587301587 3.61580405191544 21.5759734093074 36.2609123843689 58.9150824217681 78.7961438805045 90.7904663923184 142.580589849107 175.259259259259 181.066529492456 194.464067977443 214.969478737998 228.03875171468 210.331656759641 196.537989635727 220.228966620941 231.056965401614 218.953132144488 185.508916323729 171.882639841489 211.594802621553 251.568129858254 304.720926688007 376.674820911446 464.996684956563 563.390032007315 610.309708885832 593.503429355273 505.106195701873 459.349679926843 515.453360768177 507.617626886147 480.402530102122 427.548353909469 447.79126657522 492.005639384243 542.292524005486 547.933089468068 577.129477213838 574.056012802925 539.483462886756 555.390679774426 564.707361682671 543.158626733732 554.630391708585
