DATA/PredictorVariables/1_WorldClim_R/alt.asc
NCOLS 166 
NROWS 105 
XLLCORNER -9.41666666666667 
YLLCORNER 35.1666666666667 
CELLSIZE 0.0833333333333333 
NODATA_value -9999 
[rows 0 to 21 of 105, columns 51 to 101 of 166]
-9999 -9999 -9999 -9999 -9999 -9999 -9999 -9999 -9999 -9999 -9999 -9999 -9999 -9999 -9999 -9999 -9999 -9999 -9999 -9999 -9999 -9999 -9999 -9999 -9999 -9999 -9999 -9999 -9999 -9999 -9999 -9999 -9999 -9999 -9999 -9999 -9999 -9999 -9999 -9999 -9999 -9999 -9999 -9999 7.91836419753085 15.8199331275722 30.2580018289898 52.8360768175585 74.4753086419761 87.7226794695947 71.9060356652964
-9999 -9999 -9999 -9999 -9999 -9999 -9999 -9999 -9999 -9999 -9999 -9999 -9999 -9999 -9999 -9999 -9999 -9999 -9999 -9999 -9999 -9999 -9999 -9999 -9999 -9999 -9999 -9999 -9999 -9999 -9999 -9999 -9999 -9999 -9999 -9999 -9999 -9999 -9999 -9999 -9999 -9999 -9999 -9999 8.13081275720166 14.1726423182442 27.1799649443683 45.6664380429809 58.8237311385454 56.7868465172978 39.0070873342464
-9999 -9999 -9999 -9999 -9999 -9999 -9999 -9999 -9999 -9999 -9999 -9999 -9999 -9999 -9999 -9999 -9999 -9999 -9999 -9999 -9999 -9999 -9999 -9999 -9999 -9999 -9999 -9999 -9999 -9999 -9999 -9999 -9999 -9999 -9999 -9999 -9999 -9999 -9999 -9999 -9999 -9999 -9999 -9999 10.8064726870698 22.7094390162381 38.5675582990396 43.4589620484675 31.6945587562873 20.1085200426773 27.0983462886762
-9999 -9999 -9999 -9999 -9999 -9999 -9999 -9999 -9999 -9999 -9999 -9999 -9999 -9999 -9999 -9999 -9999 -9999 -9999 -9999 -9999 -9999 -9999 -9999 -9999 -9999 -9999 -9999 -9999 -9999 -9999 -9999 -9999 -9999 -9999 -9999 -9999 -9999 -9999 -9999 -9999 -9999 -9999 8.29109811565939 10.000035825003 18.5902677569339 28.6116826703245 26.2231367169641 39.2592592592592 46.9919981710106 46.865454961133
97.2769396551719 38.7605363984671 33.4097222222223 -9999 -9999 -9999 -9999 -9999 -9999 -9999 -9999 -9999 -9999 -9999 53.7876984126982 28.7738095238095 25.3931623931622 38.6274572649579 63.2588114754098 44.1594327348423 85.9285714285723 -9999 -9999 -9999 -9999 -9999 -9999 -9999 -9999 -9999 -9999 -9999 -9999 -9999 -9999 -9999 -9999 -9999 -9999 -9999 -9999 -9999 -9999 32.0073086208441 20.3309408065205 28.2510288065844 32.5289590001523 30.9859396433476 45.5709876543213 47.4090458771527 66.460409998476
142.237142134956 141.042351880771 116.760673868322 173.045877403559 179.720493363037 112.989682539683 104.64 70.44 56.3044444444439 30.88 42.5877294685993 66.1015247584544 97.3242669753089 38.3934832854153 56.4938347070551 41.271091661206 35.8438689875483 49.9433074079956 83.934911539502 67.6103069366312 84.9353280039878 131.774537037037 225.15167548501 -9999 -9999 -9999 78.965241955294 134.205138552597 210.297480128531 161.011495634061 124.767178362573 88.6523148148142 -9999 -9999 -9999 -9999 -9999 -9999 -9999 -9999 54.1990740740744 27.0129198966409 33.0203256628014 39.5983455568014 39.6749733272385 50.2246227709217 49.9700121932662 67.5640146319179 68.541380887062 54.1402225270546 80.8287608596258
257.913580246914 322.200617283952 343.820987654321 356.896645549058 419.30914928783 298.529477758181 208.015473251028 122.237489711934 108.325747599451 95.9585185185183 101.346333870102 123.054191734508 126.229005915638 82.1089501475086 89.5010822510823 99.1513409961687 128.036153206332 154.77934548305 202.765432098766 182.481183276674 131.083409002803 205.37800925926 245.578924162258 165.758380053462 145.128572929802 92.708121164642 71.6402832695688 111.000717424446 186.906970516941 151.828202714496 169.10100596516 147.140286351166 124.859953703704 -9999 -9999 -9999 -9999 75.994172494172 59.9006919006918 82.4336970899474 80.2791726020892 91.1261444476347 105.29580611781 74.5553455075451 98.3847736625516 134.836419753087 152.520919067215 140.477709190672 128.31378600823 80.728052126199 103.059327846365
485.867969821671 689.889384240204 913.501447950001 821.559099222673 816.142394452063 810.786122542287 542.174668495652 461.229119036724 349.335886297817 341.54869684499 297.24196006706 331.230871818319 299.33710562414 235.904892546865 235.083257125436 263.537151348878 317.233234263071 485.943301326014 513.341220850476 429.938157293092 296.934927030937 325.778729423868 340.416704770613 318.824698615376 229.644879413258 245.86620236491 103.463847077529 112.255829903978 170.916857186405 166.170055988685 279.282270667292 269.362368541379 207.334045400852 203.635395233195 212.456256668188 133.508018875493 160.030244780488 113.633879152396 104.473154303401 195.532335962505 317.629847628174 193.402796829751 231.200845907635 228.312947721383 306.672610882486 328.644718792864 270.270385611948 232.424706599603 191.688728852308 143.223060509067 162.604138088705
848.649176954749 1145.76505105931 1377.43095564702 1582.66015089167 1475.86545496117 1252.1569120561 710.876085962507 809.531969212024 823.34278311235 621.090877914962 538.774767565929 603.499809480275 508.716620941936 347.747904282884 481.702255753707 428.832304526755 490.430765127279 808.089620484697 919.888888888905 637.666933394303 509.012383782969 472.236739826253 480.751257430276 365.862406645327 267.374142661179 298.780559365949 286.197454656311 206.636831275725 222.84754610578 247.664304221922 313.527549154093 347.226337448563 350.389079408633 358.363625971658 321.053002591073 318.294315392403 327.203753339118 255.417123914046 342.149634202119 336.812414266124 554.388584057319 362.805746075303 352.152720621864 447.170248437746 499.003848498713 487.233539094653 311.123799725651 266.328151196464 318.728509373579 336.597126962364 270.157254991622
1304.76028806583 1294.22793781436 1448.87414266118 1630.12928669411 1446.05464106082 1018.87997256517 741.088134430726 840.399405578427 1092.74874256972 1058.1502057613 956.826131687227 881.045153177861 782.287722908083 585.89700502971 772.225422953808 623.079561042518 751.892432556009 1038.58630544124 1112.54320987654 975.841563785996 871.686899862813 617.919753086413 426.51600365798 448.10196616369 331.434499314126 331.704275262916 351.754915409236 361.657407407403 342.156149977133 457.667352537719 468.267489711928 402.59385002286 376.617169638775 435.68587105624 475.631001371736 445.973822588018 378.733539094649 370.581161408322 546.0853909465 618.460219478729 615.883401920438 418.196502057613 407.479080932784 474.172039323277 574.589506172839 628.231481481477 559.207361682659 437.788866026514 530.243141289432 813.787151348871 597.716506630076
1404.59465020576 1303.3307422649 1477.70275110502 1499.9122085048 1692.77926383175 1666.35650053349 1387.62814357571 1269.91304679167 1353.70930498401 1550.67181069961 1358.23289132755 1114.87841030331 955.483882030184 927.434423106249 909.228242645942 873.679926840432 898.272405121176 881.709038256353 805.358367626869 754.894413961272 766.563557384537 753.506287151355 719.327427221475 769.898491083691 693.666666666683 459.868084133519 396.893689986286 659.823045267506 846.71056241429 695.967459228784 635.272062185649 443.256630086876 403.070377991162 516.225880201192 444.661903673215 324.299649443676 456.929355281213 557.914570949558 611.413808870603 791.66815272063 749.715858862984 718.527396738317 782.967306813007 946.004000914518 880.6593126048 876.151234567913 1008.40588324953 951.251409846085 984.520919067237 1143.07129248592 763.622389879597
1366.04252400548 1285.94368236549 1252.93667123914 1460.85562414266 1713.16929583904 1752.65058680078 1592.95107453131 1388.47519433012 1292.06089010821 1509.43209876542 1429.01992836456 1095.52465325407 977.519204389575 920.591487578114 904.068510897734 900.723365340648 890.259830818472 844.168838591676 737.83984910837 640.15695016004 666.273014784333 727.13340192044 754.786617893618 762.055822283193 786.450160036579 731.073693034598 631.504953513193 662.226680384091 684.65858862978 610.202827312905 596.499885688155 711.172991921958 767.207133058979 877.420438957465 749.054526748968 621.311080627958 707.262688614542 901.091335162318 849.66594269166 721.39586191129 652.754762993441 634.354061880808 646.911979881118 783.400129553416 801.262879134279 931.184842249654 950.794543514707 1019.26684194483 1076.28349336991 1221.09785093736 1254.34697454656
1264.60390946503 1306.87997256517 1282.04983996343 1393.41529492456 1410.59236396891 1411.23308184729 1377.97530864199 1177.81470050297 1097.1394604481 1109.56069958848 1093.29492455419 1009.79401005944 989.400205761319 944.930384087796 977.180498399641 867.248628257886 881.228395061726 819.86408321902 840.622427983533 748.86088248742 692.763603109277 723.155692729773 801.050297210801 835.674668495661 783.727366255141 763.314128943768 800.683584819392 722.226337448564 643.274919981709 554.003429355276 549.800754458157 581.259602194782 623.884430727018 671.852880658428 789.748971193406 767.332533150425 748.935185185174 781.759259259247 861.247828074984 690.650548696834 540.321444901692 556.500342935536 610.108024691366 659.339849108374 754.918267032473 807.842592592601 920.591678097864 1036.49988568816 934.415980795614 1071.52572016462 1108.66426611798
1117.71604938271 1124.48761621704 1126.84407864655 1196.81435756744 1307.63092516384 1184.21871665904 1148.9646776406 1158.66346593507 1060.22226032617 1008.32270233196 954.146357262612 954.720469440635 976.040009144949 895.842402072857 885.194520652343 922.691015089165 877.470583752477 907.34865112026 963.513374485598 852.646509678402 772.11488340192 683.248285322363 662.872618503279 756.185642432558 813.838820301781 621.854938271604 647.979347660414 624.427983539092 619.082533150433 635.616750495352 664.85505258345 743.875247675665 741.744513031551 833.040580704162 936.394299649441 894.091220850477 899.211248285319 917.513336381642 862.112978204533 772.776177411974 526.006934918455 484.188766956261 481.340306355741 578.974622770921 632.457133058986 646.604595336076 699.194215820757 840.726185032764 820.441929583901 909.101165980797 949.394718792864
1006.80315500686 1009.06912056089 1053.80083066606 1102.21856424325 1108.89483310471 1077.94924554184 1032.56001371742 1049.0626428898 990.716659045873 961.350137174207 951.181641518059 996.04614388051 1027.61716963877 1014.31755829904 987.189795762841 977.814471879285 933.445092211557 982.305060204239 1017.88031550069 891.225270538027 734.174820911442 787.966735253766 736.671239140375 798.273129096174 786.958047553726 578.606995884776 551.493941472337 545.018861454047 622.935375704929 678.836495960987 757.606881572933 846.931450998319 757.057079713457 800.045496113391 805.264784331648 727.68385154701 681.972222222212 619.502819692112 551.111034903211 541.035208047547 511.36617893613 594.056774881874 587.339391861008 688.537570492314 696.731481481488 618.393347050756 566.803269318702 702.012917238228 810.575445816198 857.360920591374 829.119570187466
962.700617283951 948.605624142661 1004.58882030178 1044.90946502058 1025.62791495199 1029.9365569273 975.683127572016 973.340877914952 944.367283950617 890.104938271605 900.477023319616 963.453017832648 959.735596707819 976.672839506173 968.173868312757 980.680041152263 984.129972565158 992.935185185185 963.432098765432 846.543895747598 720.670438957475 706.316872427984 744.693415637861 775.47085048011 775.400205761316 637.814471879285 554.230109739369 536.472222222222 628.325788751716 745.443758573389 776.798353909465 746.883401920438 736.027777777778 707.197530864197 658.257201646088 559.819958847736 546.567901234568 510.489711934155 473.725651577503 417.215020576131 398.673868312757 532.483539094651 637.677983539097 779.378943758573 720.631687242798 597.802469135802 519.195816186557 627.515432098765 781.250000000001 741.080246913578 727.27914951989
923.679355281208 896.750076207896 949.901539399483 990.805555555556 951.698254839201 962.811347355587 939.062185642433 919.66270385612 907.542524005487 876.315500685871 857.060051821369 861.36004420058 863.300297210792 881.43152720622 920.248780673679 987.70141746685 973.026825179089 964.051821368694 905.132373113854 861.848231976831 879.046715439718 813.038866026518 798.153254077121 778.158360006096 731.969021490626 638.15576893766 561.714753848498 538.269204389574 539.217802164305 576.340268251794 592.932441700964 557.572892851702 566.400396281058 549.153063557387 513.199893308947 474.280025910685 482.482510288067 447.396281054717 413.002057613169 365.840420667581 363.767451607987 466.293019356806 512.342249657068 643.87574302698 620.50735406188 530.570987654321 544.140413046791 555.246951684194 631.181069958848 688.847622313672 809.817405883247
881.053497942385 856.460714830055 906.28368388965 944.040695016002 911.620865721687 888.000990702634 888.601280292636 869.571787837217 854.00011431184 842.745541838132 827.275643956712 824.857376924248 823.138317329674 837.839277549154 911.315195854291 941.681984453587 929.589125133362 918.416514250874 909.952331961592 936.819425392473 935.599946654472 913.351623228169 891.868198445362 813.705227861608 776.390717878376 723.784026825184 654.779111415948 613.943758573392 559.076741350406 517.007011126355 540.052469135807 489.188538332573 441.754077122389 427.964106081388 410.817329675351 393.973251028804 398.084019204386 383.623380582226 388.359701265051 391.567101051671 352.060318549001 404.806774881876 403.993026977591 496.458161865565 532.9630772748 477.052812071328 593.48719707362 705.921658283806 790.164151806137 846.454580094507 986.057575064783
832.982510288067 823.189871970737 856.725308641977 892.598079561044 881.535322359397 851.494741655236 843.884773662552 832.905692729768 829.016117969822 815.938271604939 798.605281207134 792.294695930499 804.651234567902 867.356310013717 905.990740740741 896.103566529493 871.568815729312 886.591906721537 912.162551440329 954.819158664838 993.640832190212 1079.8353909465 1056.43324188385 962.615454961129 1042.66700960219 1015.33561957017 907.138888888881 811.965020576124 629.048925468676 687.581047096475 874.064814814805 676.804183813433 599.705989940551 555.375514403287 517.961248285317 476.37265660722 414.568930041151 362.301554641061 351.77400548697 381.283607681757 328.743369913123 333.776634659353 340.54595336077 369.908093278468 402.723593964339 406.771604938274 515.495656149983 648.83641975309 733.15226337449 797.127114769095 872.991540923645
791.455761316871 802.276863283036 822.456332876085 835.905692729764 849.687700045724 842.0940405426 814.791723822587 810.216963877457 799.874180765126 800.082647462276 789.066034141137 795.996380124982 844.056127114772 907.77324340802 879.887669562565 842.036579789664 867.64719554946 907.188004877307 955.278120713308 990.698369151046 1054.22923334858 1158.06458619113 1274.57887517148 1286.03589391863 1307.69467306814 1258.62421886909 1258.2729004725 1132.54355281208 868.786922725203 1021.87429507699 1092.48319615913 972.895557079725 995.340649291285 997.868998628278 886.858862978223 859.584095412301 612.04698216736 421.683546715441 339.845526596554 335.43461362597 325.086534064929 308.42524005487 364.346136259718 388.582914189912 398.659160188996 396.125171467764 439.97443225118 519.027472946191 583.002857796062 644.360120408469 690.715973174813
774.568587105624 791.48700655388 807.463420210333 800.468106995884 801.554564852917 823.435451912815 814.189414723365 785.318625209571 786.3056698674 794.921124828536 796.180193568056 845.349298887366 874.255144032918 833.961705532693 817.64593811919 850.098994055783 870.12147538485 900.288142051518 946.13923182442 1009.70709495504 1154.69482548392 1343.97142203931 1408.81439567138 1586.8955570797 1542.08790580703 1554.10608139002 1535.03014022251 1281.03943758573 1234.37048468222 1200.62932479805 1070.55006858711 1147.98940710259 1045.91445663773 1180.39517604024 987.009640298739 876.48975003811 701.408779149532 572.411789361389 485.313976527979 357.155921353456 290.05300259107 279.960181374793 331.328532235938 336.702331961589 332.881496723063 375.571330589849 391.357605547933 409.897309861298 426.186556927293 490.399329370519 564.571787837213
779.778806584363 792.781778692272 786.130429812528 778.315500685871 768.916323731138 759.727023319615 787.909465020574 776.538866026521 817.635459533609 865.865226337448 834.72096479195 844.430841335161 807.85390946502 837.415752171926 823.596479195245 836.072702331962 870.641175125744 918.610996799268 987.068930041151 1042.42569730224 1046.05578417924 1081.80281207133 1211.33847736625 1234.49211248285 1290.71742112484 1342.79332418839 1231.77343392776 1327.14300411524 1440.18952903521 1346.43564243256 1294.84842249658 1360.4852537723 1392.61774119799 1283.20850480109 1123.15649291267 1057.99885688158 953.375514403291 814.716049382711 711.614883401915 468.950274348421 353.212277091908 332.283493369913 295.674211248286 304.89860539552 368.620827617742 394.539094650209 357.027549154094 333.429012345678 343.190672153636 385.298696844996 434.073616826703
