DATA/PredictorVariables/1_WorldClim_R/alt.asc
NCOLS 166 
NROWS 105 
XLLCORNER -9.41666666666667 
YLLCORNER 35.1666666666667 
CELLSIZE 0.0833333333333333 
NODATA_value -9999 
[rows 0 to 21 of 105, columns 102 to 152 of 166]
52.8988340192053 44.7289666209423 59.3867169638781 76.9609053497954 81.6979881115691 84.4150663008692 87.4694787379975 91.6817558299038 90.1563786008218 108.303840877915 135.598079561043 143.72759487883 148.010288065843 138.519090077731 139.714220393232 122.239368998627 148.577846364884 148.83916323731 122.777434842249 132.501943301325 160.030978509373 170.616255144034 144.927183356194 173.040923639687 166.345679012344 110.342021033376 127.085390946503 126.259945130314 111.463420210332 151.792524005488 191.814814814817 187.896204846824 149.520118884316 150.013374485595 193.546067672611 197.244741655235 240.84327846365 271.06161408322 358.848193872885 481.395061728396 573.126085962506 627.235596707816 486.494855967068 468.246113397343 396.595679012333 398.121742112472 555.757773205302 590.754801097393 654.794238683131 736.012688614547 777.69764517605
28.8544810242332 39.6680003048314 46.3330666056998 53.7647462277083 62.0150129553414 73.1568739521409 80.8828303612252 100.053955189759 119.008687700047 108.404435299497 117.225880201188 143.522595640909 167.818244170097 162.630506020424 151.349641822893 143.332190214907 159.791838134432 174.401577503431 137.93747142204 153.842440176804 167.615950312453 150.870027434841 176.615188233503 223.175049535134 196.551440329219 147.45831428136 114.175011431184 152.53795153178 157.8526901387 142.535550983081 139.839506172837 135.963572626122 166.102956866332 205.191700960222 209.270042676422 206.678516994361 228.623342478281 272.978242645939 372.087029416249 492.588477366257 595.627991159887 688.73765432099 689.766460905358 602.919943606161 693.625857338833 699.395176040249 613.005906111876 619.796867855511 590.157750342933 640.468564243253 560.088286846509
51.5545267489711 63.1118350861146 75.1439948178632 82.6985596707826 90.2732434080187 106.69859777473 128.739826246 114.511850327696 109.450693491846 128.256287151349 132.642242036275 142.916209419296 173.303840877915 175.406416704771 162.893728090231 161.821101966164 185.019280597471 198.781283340955 156.994741655237 181.439567139157 183.144071025758 169.07133058985 173.33904892547 197.556508154244 216.331847279377 164.668838591678 154.52149062643 129.148948331048 155.570035055632 175.612292333486 185.587105624143 188.084400243866 157.46650663009 177.074417009605 237.716468526139 263.361720774269 243.007773205302 272.1841563786 388.370141746682 495.467078189302 578.446082914192 650.560356652953 799.169181527211 930.136945587564 897.977480566986 883.081275720168 771.222374638016 691.572206980635 495.701989026054 476.825979271449 335.584514555707
53.8672839506153 62.0171467764041 77.4083219021483 101.14403292181 119.308070416096 127.952674897118 144.017489711933 167.726451760402 132.179583904891 139.758916323729 141.970850480108 146.868655692729 174.394032921811 194.611225422953 190.013831732966 174.427983539094 206.537722908094 210.975422953819 185.138203017832 207.734224965705 188.926840420667 187.012345679011 191.637745770462 182.760973936899 188.99039780521 203.547096479196 176.610539551898 150.704732510287 151.041380887059 180.113054412438 193.777777777777 204.458619112939 219.277892089621 227.210562414266 211.209304983994 207.494513031548 187.48731138546 219.073388203019 299.301668952908 488.088477366263 605.846822130772 735.906835848192 872.373456790128 887.346364883401 884.325903063559 926.223251028827 791.843964334723 519.972336534071 339.847736625513 338.341106538641 287.89220393233
90.4659350708735 98.5414951989025 100.6128638927 116.967078189301 122.061842706905 158.103566529492 171.250571559214 197.969554945894 178.706980643196 195.681412894377 185.646738302088 164.992226794697 178.701303155007 210.257087334248 213.410227099528 196.310699588478 213.171239140376 207.696006706295 213.609282121629 228.392089620485 212.827351013566 209.680384087792 197.386869379667 208.900853528427 244.735139460449 204.601813747903 175.886374028349 163.829446730682 175.587753391252 179.999123609207 201.063443072703 219.894147233654 220.729843011736 237.934156378601 230.431222374637 234.392089620484 223.358939186103 280.389879591532 319.520766651432 414.593964334709 595.232777015699 699.227785398563 772.552354823957 814.887517146771 742.560166133204 539.270233196157 408.12597165066 337.374599908546 291.576131687238 242.564929126654 204.278235025146
109.755029721081 116.230795610427 122.585352842555 130.476680384087 150.114502362447 169.69859777473 204.631915866486 230.676268861456 244.345107453135 244.958619112942 230.554945892397 201.64014631916 193.341220850481 215.372351775646 235.568244170098 216.235253772292 224.223022405122 236.909998475843 243.392318244172 249.453513183967 233.063557384545 220.640946502058 216.178288370677 260.423258649598 256.068358481939 208.65390184423 184.781931108064 184.512802926385 202.765927450084 208.186213991771 202.016117969822 211.030749885688 233.539361377839 236.791152263374 224.664990092976 307.022176497496 435.463077274822 583.663999390349 628.720659960383 588.796296296311 624.874371284881 642.328151196474 665.032007315957 587.839048925465 468.066110349033 441.963077274795 284.527853985664 162.685299497026 129.791838134426 109.240893156529 87.8363054412419
131.5329218107 147.626886145405 159.634087791495 150.521604938271 163.884430727024 175.370713305899 214.091563786009 256.305212620028 298.748628257887 309.950617283951 295.694787379972 249.265089163237 226.962962962963 242.851508916324 274.013374485597 251.230452674897 251.095336076818 271.283607681756 283.561728395062 272.114540466392 253.270576131687 256.441358024692 268.152606310014 290.774348422496 257.557613168724 215.120713305898 215.258230452675 227.841563786008 210.422153635117 229.32475994513 227.697530864197 219.514060356653 231.796982167352 213.75 215.622427983539 334.379629629629 466.75925925926 552.313100137175 580.918724279835 576.296296296297 598.536351165981 542.674897119342 453.72427983539 388.916323731137 330.370027434842 229.032921810698 137.292524005487 97.8597393689984 61.4351851851849 57.1467764060359 47.2901234567902
165.296639231824 186.928440786465 194.142813595489 209.605967078189 209.52099527511 224.277472946196 227.486968449931 248.065272062186 309.707933241884 363.831961591221 356.644032921809 294.663961286389 283.244855967078 277.640527358633 320.42977442463 312.192844078646 323.132868465173 330.597088858405 329.058870598993 300.161979881115 306.662437128486 313.558984910836 306.076398414875 289.971764974852 249.076703246456 235.977975918305 263.333942996494 256.440786465478 258.168609967992 240.756363359244 242.541152263375 255.587486663618 260.271071483005 252.840992226794 202.543933851545 175.823921658284 206.664837677185 234.708199969519 241.061423563484 233.022976680387 231.55083066606 185.926611796985 149.11648376772 119.807613168725 118.483043743333 77.2352537722914 45.7261469288223 29.1000990702642 30.6731824417012 27.881725346746 16.264161632935
262.286465477829 290.322397500386 258.306812985829 250.205761316874 276.519737844844 301.370484682216 298.645861911298 271.965439719556 305.524043590916 390.772519433015 405.372618503278 344.957933241886 360.742798353913 341.26806127115 398.097584209728 425.340192043902 449.0196997409 427.328722755682 390.705075445819 378.701379362906 368.606043286087 366.804526748974 341.905273586345 308.783036122544 293.627000457251 289.519128181682 299.377457704619 284.681412894378 296.10173754001 290.872542295385 268.673525377231 268.708390489255 289.057270233197 313.371399176957 298.272290809332 229.65180612712 195.521490626433 211.451036427378 163.690557841793 153.315157750344 155.262993446122 129.012802926385 116.411065386376 86.0363511659816 58.907597927144 55.4112940100603 41.1457475994521 26.7777015698839 57.0906721536374 25.3063862216119 3.98186543800563
315.610082304527 380.716392318242 380.873685413805 421.296296296291 519.832304526743 495.984682213071 469.637517146771 407.242455418375 455.589391860991 469.708847736623 476.739597622311 474.15432098765 493.103909465016 447.665523548235 484.942958390486 560.621399176951 542.029721079101 496.569501600364 434.259602194786 406.318930041152 382.409579332419 359.541152263375 347.544467306813 376.887174211246 393.564128943755 402.038751714674 374.012231367167 343.143347050753 348.433699131228 350.536465477822 314.006172839505 298.446044810241 331.965363511658 350.94684499314 361.667924096935 311.929469593048 248.122085048009 225.92101051669 214.339849108366 274.402263374483 304.867283950611 247.2358253315 195.47942386831 120.839163237309 116.75434385002 111.09087791495 63.4434156378587 20.4467306812993 39.4230746619646 13.5518518518518 -9999
668.928783722014 853.457056851114 865.710371894551 827.091906721555 1112.80117360162 989.944711172102 1202.12368541385 1002.80970888586 1161.38355433626 900.872885230928 733.109967992698 916.78200731598 877.084019204405 780.950464868176 699.678821825952 673.206675811619 645.173487273285 590.35554793477 532.949359853686 521.112368541386 479.190976985221 460.88031550069 434.88675506783 427.880696540164 463.72622313672 500.223784484077 489.996037189458 431.7970964792 468.034903215979 466.444063404974 429.228052126205 423.35307117818 399.848841639997 391.100937357112 402.890755982322 462.41579027588 348.548925468682 293.719250114316 373.492379210495 497.70816186558 498.507582685573 345.906721536356 280.944444444448 253.374256973028 244.171925011437 146.923525377229 48.7538484987031 11.8387964868156 14.4190365961193 -9999 -9999
1290.37882944673 1450.47675659199 1574.48212924859 1073.28497942388 1320.6775643957 1313.04766803843 1511.14323273893 1593.2182594117 1287.02720621859 1206.40409236399 1096.73693034601 1667.73479652492 1727.52126200276 1455.04016156076 1312.59609815578 1073.34750800183 1285.20115073924 983.079218107014 787.537951531792 900.869570187481 992.461210181387 951.324417009617 855.40390184424 726.53692272521 646.118541380905 647.516537113246 794.247485139462 840.742684042076 848.852156683451 683.769547325119 592.286008230464 620.492226794711 593.46452522483 519.5291495199 495.977442463053 541.499276025007 500.041152263381 385.267108672461 426.416323731144 574.223936899867 579.296448712088 526.827389117513 455.68712848651 342.209609815573 231.28516994361 238.183584819389 125.681474554386 29.9652171944734 -9999 -9999 -9999
1220.97256515775 1563.67489711935 1711.9569044353 1476.47633744854 1641.2898948331 1701.99348422495 1885.21364883402 2106.12802926382 1981.28737997254 1780.49211248282 1642.3702560585 1645.00400091448 2099.44341563785 2087.17375400092 1549.51406035666 1181.47050754457 1627.57224508461 1376.86156835849 1079.451303155 1143.14128943757 1336.13717421123 1423.72119341561 1207.79801097389 1211.8778006401 1131.33367626884 742.787494284378 878.168381344297 1092.09876543209 1331.44833104708 1078.11728395061 852.73456790123 997.048925468671 1057.18621399174 849.801097393659 869.676154549595 813.268061271138 710.827503429341 499.938728852293 579.399405578407 637.598765432101 613.384887974401 500.971764974859 416.18552812072 287.421582075906 302.524119798817 258.150891632382 99.6913095173673 20.9722526803124 -9999 -9999 -9999
1193.8760859625 1341.31283340953 1522.81767261088 1753.07270233196 1791.78295991465 1965.07780826094 1878.93735711019 2155.47054564852 2333.26992836458 2243.10013717421 2082.981824417 1919.08550525835 2244.48628257887 2013.36602652035 1643.53402682519 1542.72965249201 1770.43327998783 1502.62117055328 1257.4405578418 1421.61732205457 1684.12985825332 1944.12585733882 1927.73532998019 1969.95926688005 1607.27160493828 1292.60783417163 1291.99458923946 1508.53852309101 1525.49058832495 1260.06363359245 1061.27880658437 1255.18526139309 1428.55547934765 1363.79915409236 1319.50144795002 1125.52438652646 960.266803840881 911.081656759649 871.485977747302 691.371056241431 494.401120256059 375.971193415639 281.777091906721 184.053955189755 172.344459686022 56.1618655692718 8.7480584655909 2.01415023894868 -9999 -9999 -9999
911.132601737528 986.919829294309 1129.6190367322 1440.48045267488 1568.17242036272 1862.35474775184 1733.3094421582 1644.88694558756 2093.9456256668 2019.82475994511 2107.61701722299 2105.70054107607 2086.31755829903 2043.20854290503 2099.14208962048 2156.05795610426 2318.03726566074 2056.02297668039 1847.86968449935 1762.79785855818 1745.68739521416 1916.79972565158 2051.13557384546 1969.28680841334 1864.48456790123 1916.21399176956 1932.64174668496 2088.09865112027 1833.08074226493 1801.04660112791 1717.99176954736 1604.56832037802 1372.1062719098 1508.67443987199 1773.10227099529 1676.79610577658 1299.5122313672 1450.93636640759 1212.99180765128 908.388888888885 609.112444749272 397.088020118885 264.933241883857 170.851623228162 101.351204084741 40.962620027435 14.4218131579078 3.89990707553427 -9999 -9999 -9999
688.072016460907 794.670096021949 890.606310013718 1002.5 1097.95027434842 1334.3268175583 1417.08230452675 1357.1378600823 1707.69238683128 1535.23353909465 1851.44238683128 1916.12620027435 1691.37654320987 1588.8792866941 1822.1951303155 2081.94135802469 2127.20301783265 1977.44821673525 2314.4341563786 2206.39917695473 2014.76783264746 2140.87037037037 2243.26028806585 1977.89197530864 1635.15020576131 1770.27572016461 1865.23251028806 2150.17181069959 2218.6817558299 2128.06310013717 2158.83641975309 2138.84224965707 1898.51131687243 2013.92283950617 2142.76714677641 1986.97530864198 1623.95884773663 1679.56069958847 1228.93278463649 825.450617283948 665.420781893003 587.828189300412 412.555555555554 225.286008230448 103.960562414266 56.2510288065839 19.306490703277 5.45028011204482 -9999 -9999 -9999
780.254229538177 767.496646852614 883.877419600669 937.965020576131 1030.79614388051 1016.57392165829 966.619455875631 1157.89719554946 1406.55627953056 1208.11031092821 1333.86057765585 1292.01707056851 1139.6779835391 1313.30338363055 1820.74317939338 1784.10528120713 1483.43190824569 1695.36004420058 1979.08630544125 1857.44554945893 1860.92375400092 2161.70130315502 2362.72607072093 2169.18792866941 1587.64529035207 1347.339391861 1640.0987654321 2033.47610882487 1978.20195092211 1816.31340496876 2192.71502057613 2374.30841335162 2147.27198597775 2133.9788523091 2040.46185794849 1847.24260783417 1656.93941472336 1533.27800640146 1256.74767565919 1182.22942386831 1402.66239902453 1129.3981100442 646.905349794234 329.764860539545 149.573616826703 184.483081847278 235.596787388934 190.990090732221 77.5955882352927 -9999 -9999
960.565843621402 805.633287608595 817.178898033828 834.126543209868 886.355586038703 842.13702179545 857.029949702789 1105.05746075294 1180.72016460904 1253.36568358482 1138.80978509373 917.605433622909 771.793895747588 950.424096936427 1312.30174516075 1231.07441700957 1338.66849565616 1643.50899253163 1488.65352080473 1316.31146166741 1517.03574150281 1936.18004115226 1971.28795153175 1841.67009602192 1363.77457704616 1547.65127267188 1666.37399024539 1745.58481938727 1572.71006706293 1827.2384545039 2164.03532235939 2157.12410455721 1896.17805974697 1544.75011431181 1394.98285322356 1646.56710105166 2071.12700045728 2117.05635573849 1928.77225270542 1729.50685871058 1543.20850480108 1064.29801097392 699.003657978965 679.532540771247 472.938766956278 327.697416552361 433.884163999394 354.755962707447 183.698400061287 97.0678178178198 -9999
864.403292181074 790.503543667123 776.505601280293 921.122427983535 951.759487882939 999.746570644711 1046.64300411522 1061.21181984454 1125.13317329675 1178.04218106996 1120.22210791038 921.244741655231 691.879629629629 689.289551897584 872.784522176504 959.646090534983 1140.93930041154 1274.35528120715 1338.50548696845 1258.05395518975 1232.76943301327 1347.40432098767 1278.50845907638 1228.03497942389 1265.38580246914 1643.48593964336 1505.69764517605 1122.96364883404 1017.21662094195 1273.81595793327 1405.58024691361 1385.49096936445 1310.84693644263 1383.9122085048 1563.32990397804 1868.86877000456 2095.29252400549 1913.27263374487 1785.4884545039 1486.37757201647 1216.63900320073 979.556927297668 802.974279835386 623.006858710565 349.29183813444 182.187585733888 156.899519890272 155.264860539561 162.047491936383 96.6270159047923 29.9934156378603
719.422610882481 655.843888126802 606.531626276474 725.826474622761 927.122542295384 1062.59198292943 1095.92283950617 1128.54511507393 1327.19021490627 1240.2946959305 1041.22500381039 947.626619417771 681.841220850478 641.32445511355 817.858558146622 772.295381801545 1005.09064929127 869.08531473859 1077.41460905348 947.962924858999 1049.09583142813 1164.53840877914 998.068053650348 977.142203932319 1402.68575674441 1541.19882639841 1331.26177411979 900.914266117967 1201.62661941779 1531.34156378603 1755.90603566532 1756.52972107913 1520.39578570342 1531.06527206219 1602.00053345527 1518.63115378751 1380.54458161862 1358.23681603412 1352.46833561955 1040.92421124826 795.694863587845 651.505258344748 718.15306355738 587.036008230448 300.910379515318 160.906607224508 62.5235482395954 22.89052735863 76.3915658333822 174.063122586481 117.13429956923
592.020804755366 553.593926230751 496.08584819387 511.229080932782 537.863968907177 587.674249352227 663.255715592127 757.258687700038 726.521262002734 729.832418838582 781.772671848794 841.120675201937 755.079561042515 641.160798658732 668.026825179082 604.215477823502 674.035436671249 826.338667885993 906.373113854587 803.906073769239 921.570416095101 823.229423868298 699.673182441695 1045.38919372045 1469.76428898032 1235.06435756743 937.157407407404 1000.34865112026 1394.66316110349 1587.42760249961 1566.38751714676 1574.49089315652 1352.84628867551 1071.94170096021 1208.48803536045 1110.71197226032 994.39974851394 874.539208962047 961.306774881883 826.112139917698 542.825331504347 443.23243408018 330.846364883406 281.607262612406 189.072245084591 114.279721079104 61.6745541838138 14.3981251263226 10.4042913881628 75.0925925925943 -9999
463.580932784635 437.1943301326 422.570301783264 454.383744855966 477.567443987196 465.776634659349 480.25137174211 541.700388660265 538.961591220849 516.999999999998 545.125857338817 542.477137631455 548.994855967073 500.388088705986 572.803497942392 649.032921810706 811.245427526295 808.098308184722 789.2061042524 739.816529492465 822.685185185192 623.340534979427 605.885688157304 761.894261545501 1041.00205761317 1099.64128943758 819.736511202552 1015.9403292181 1257.47496570643 1311.24828532234 1107.48148148147 1252.18632830361 1283.19158664836 880.257201646077 873.871627800637 875.784636488334 886.164266117964 809.360996799266 979.43209876542 944.577160493819 684.238568815733 616.486854138087 433.955418381344 314.947645176043 181.619684499314 119.808641975307 76.7948102423401 44.328201658448 20.018111861863 57.501157407409 -9999
