DATA/PredictorVariables/1_WorldClim_R/bio10.asc
NCOLS 166 
NROWS 105 
XLLCORNER -9.41666666666667 
YLLCORNER 35.1666666666667 
CELLSIZE 0.0833333333333333 
NODATA_value -32768 
[rows 0 to 37 of 105, columns 0 to 84 of 166]
-32768.000000000000000 -32768 -32768 -32768 -32768 -32768 -32768 -32768 -32768 -32768 -32768 -32768 -32768 -32768 -32768 -32768 -32768 -32768 -32768 -32768 -32768 -32768 -32768 -32768 -32768 -32768 -32768 -32768 -32768 -32768 -32768 -32768 -32768 -32768 -32768 -32768 -32768 -32768 -32768 -32768 -32768 -32768 -32768 -32768 -32768 -32768 -32768 -32768 -32768 -32768 -32768 -32768 -32768 -32768 -32768 -32768 -32768 -32768 -32768 -32768 -32768 -32768 -32768 -32768 -32768 -32768 -32768 -32768 -32768 -32768 -32768 -32768 -32768 -32768 -32768 -32768 -32768 -32768 -32768 -32768 -32768 -32768 -32768 -32768 -32768
-32768 -32768 -32768 -32768 -32768 -32768 -32768 -32768 -32768 -32768 -32768 -32768 -32768 -32768 -32768 -32768 -32768 -32768 181 -32768 185 188 -32768 -32768 -32768 -32768 -32768 -32768 -32768 -32768 -32768 -32768 -32768 -32768 -32768 -32768 -32768 -32768 -32768 -32768 -32768 -32768 -32768 -32768 -32768 -32768 -32768 -32768 -32768 -32768 -32768 -32768 -32768 -32768 -32768 -32768 -32768 -32768 -32768 -32768 -32768 -32768 -32768 -32768 -32768 -32768 -32768 -32768 -32768 -32768 -32768 -32768 -32768 -32768 -32768 -32768 -32768 -32768 -32768 -32768 -32768 -32768 -32768 -32768 -32768
-32768 -32768 -32768 -32768 -32768 -32768 -32768 -32768 -32768 -32768 -32768 -32768 -32768 -32768 -32768 -32768 180 172 183 183 182 185 185 188 190 -32768 -32768 -32768 -32768 -32768 -32768 -32768 -32768 -32768 -32768 -32768 -32768 -32768 -32768 -32768 -32768 -32768 -32768 -32768 -32768 -32768 -32768 -32768 -32768 -32768 -32768 -32768 -32768 -32768 -32768 -32768 -32768 -32768 -32768 -32768 -32768 -32768 -32768 -32768 -32768 -32768 -32768 -32768 -32768 -32768 -32768 -32768 -32768 -32768 -32768 -32768 -32768 -32768 -32768 -32768 -32768 -32768 -32768 -32768 -32768
-32768 -32768 -32768 -32768 -32768 -32768 -32768 -32768 -32768 -32768 -32768 -32768 -32768 -32768 186 182 180 177 182 176 174 182 176 177 184 191 -32768 -32768 -32768 -32768 -32768 -32768 -32768 -32768 -32768 -32768 -32768 -32768 190 -32768 190 190 187 187 190 -32768 -32768 -32768 -32768 -32768 -32768 -32768 -32768 -32768 -32768 -32768 -32768 -32768 -32768 -32768 -32768 -32768 -32768 -32768 -32768 -32768 -32768 -32768 -32768 -32768 -32768 -32768 -32768 -32768 -32768 -32768 -32768 -32768 -32768 -32768 -32768 -32768 -32768 -32768 -32768
-32768 -32768 -32768 -32768 -32768 -32768 -32768 -32768 -32768 -32768 -32768 -32768 -32768 182 184 183 181 179 173 169 171 174 168 182 188 189 188 188 192 191 190 188 191 186 189 187 183 181 183 184 185 186 186 185 188 188 185 185 189 188 -32768 -32768 -32768 -32768 -32768 -32768 -32768 -32768 -32768 -32768 -32768 -32768 -32768 -32768 -32768 -32768 -32768 -32768 -32768 188 187 -32768 -32768 -32768 -32768 -32768 -32768 -32768 -32768 -32768 -32768 -32768 -32768 -32768 -32768
-32768 -32768 -32768 -32768 -32768 -32768 -32768 -32768 -32768 -32768 -32768 -32768 -32768 183 186 180 174 172 175 171 165 162 162 171 182 187 181 189 189 181 178 177 184 171 179 182 177 170 180 185 179 178 182 184 183 179 178 185 184 183 181 187 190 189 192 194 195 -32768 -32768 -32768 -32768 -32768 -32768 191 191 189 189 190 189 187 188 188 -32768 -32768 -32768 -32768 -32768 187 187 186 192 -32768 -32768 -32768 -32768
-32768 -32768 -32768 -32768 -32768 -32768 182 188 -32768 -32768 -32768 184 186 185 186 181 175 174 171 173 172 172 168 171 173 177 184 183 173 165 170 177 173 169 178 171 166 175 181 182 185 185 180 182 182 180 180 181 182 182 188 188 181 181 178 173 181 186 191 192 192 191 188 189 191 189 189 187 189 184 185 188 184 184 188 190 191 189 189 185 188 188 189 193 -32768
-32768 -32768 -32768 -32768 -32768 183 185 184 182 183 183 183 186 187 187 182 176 170 172 175 176 177 179 177 177 177 183 171 167 169 179 175 162 163 174 178 177 171 175 172 173 176 180 180 179 177 171 171 175 169 175 180 170 162 165 173 168 178 177 184 181 183 184 181 186 185 185 178 173 175 177 183 178 178 178 184 184 192 189 190 189 188 186 189 189
-32768 -32768 185 184 185 182 183 184 184 182 177 179 181 186 185 179 176 173 175 175 179 179 182 182 179 175 178 173 170 175 180 167 159 170 175 173 161 165 161 161 171 153 169 179 172 169 172 169 168 154 163 165 151 124 140 132 137 168 161 168 174 176 171 176 181 177 177 176 162 152 167 177 178 176 181 185 184 181 189 190 188 183 183 185 184
-32768 -32768 186 185 181 182 179 177 179 177 179 181 180 181 179 175 175 174 176 177 178 182 183 182 178 174 177 167 171 169 176 168 161 169 171 160 149 161 151 157 153 164 164 172 164 165 165 154 148 153 149 143 153 138 131 140 163 173 167 145 157 162 163 164 176 166 173 169 152 148 155 160 168 181 181 185 184 185 185 186 178 183 185 185 182
-32768 184 184 182 177 178 177 177 178 180 182 186 185 184 182 179 176 171 174 178 179 182 182 180 178 172 171 176 175 181 179 165 156 167 154 154 135 134 138 128 138 132 156 165 141 138 144 136 133 145 138 146 150 139 140 128 132 142 152 146 131 142 155 159 162 161 163 160 161 166 168 168 168 170 167 170 184 184 173 161 174 175 184 187 180
-32768 186 185 178 178 177 179 180 182 184 186 188 187 185 183 182 176 175 174 178 177 179 185 186 184 175 175 173 182 180 169 167 158 155 148 140 148 148 147 142 147 146 140 146 149 144 149 141 147 157 149 149 151 153 144 131 128 134 146 152 133 141 158 162 163 164 164 164 166 170 176 174 171 170 170 169 172 174 177 173 179 180 175 173 164
-32768 188 -32768 184 177 179 182 182 187 190 188 188 190 189 187 188 185 182 179 177 181 184 187 189 186 181 174 180 180 169 155 145 145 155 152 154 148 136 142 137 137 148 157 144 155 157 159 152 160 161 153 158 152 156 146 144 144 146 156 160 160 160 162 162 165 162 168 166 171 168 171 176 172 170 168 172 171 170 173 180 185 185 184 182 182
-32768 -32768 -32768 187 185 187 189 179 187 191 193 192 193 192 184 184 181 178 181 178 180 188 183 183 189 176 172 175 171 166 145 157 164 173 170 156 142 142 143 152 159 164 166 167 163 170 171 167 170 168 166 166 162 165 159 155 161 162 160 163 165 168 167 164 169 169 164 168 167 163 170 171 179 180 178 170 183 178 183 183 180 178 175 176 170
-32768 -32768 -32768 191 186 178 186 185 191 190 189 192 184 185 183 178 179 175 173 182 188 181 179 184 182 172 161 158 162 169 162 174 182 180 181 171 167 168 165 160 161 168 172 174 172 178 179 175 178 173 175 172 172 169 165 165 166 167 166 169 169 170 166 165 166 167 167 169 166 162 168 179 172 174 169 173 188 189 189 184 184 183 175 180 181
-32768 -32768 -32768 -32768 189 184 192 193 188 191 186 183 176 171 182 181 176 174 173 184 189 186 187 195 185 171 172 166 158 170 178 186 192 193 189 188 185 177 169 173 177 176 180 180 180 185 185 183 182 179 180 175 178 172 170 171 170 173 171 173 175 174 170 170 168 168 167 167 165 167 174 182 182 181 180 178 183 186 190 183 176 174 180 181 182
-32768 -32768 -32768 -32768 191 191 194 193 192 189 186 182 179 173 175 178 174 172 178 183 191 191 199 198 193 184 179 167 165 173 187 195 199 196 191 176 167 164 167 177 181 181 185 186 186 189 189 189 186 184 181 180 182 177 175 177 175 175 176 176 178 178 177 177 176 173 169 170 170 174 175 173 175 178 179 181 188 192 193 195 195 195 196 195 195
-32768 -32768 -32768 -32768 192 191 192 191 186 192 187 180 170 175 182 186 189 189 189 191 192 196 197 191 190 191 191 175 181 186 191 194 183 168 170 159 156 169 177 182 186 186 189 189 189 190 192 191 189 186 184 184 185 181 179 180 181 181 181 181 181 181 181 180 179 175 173 174 175 173 172 173 175 175 180 184 186 190 191 194 198 197 200 203 204
-32768 -32768 -32768 -32768 -32768 193 192 193 188 191 189 185 171 174 189 199 197 200 202 201 184 179 186 187 176 176 195 197 180 176 186 169 164 169 148 145 156 171 177 182 187 190 192 192 192 192 194 192 190 189 187 188 188 186 183 184 185 184 184 184 184 184 184 183 180 178 178 178 178 176 174 173 168 170 175 171 171 179 184 194 193 183 193 197 200
-32768 -32768 -32768 -32768 -32768 -32768 191 191 187 192 188 184 179 171 185 202 200 196 204 201 188 185 172 168 167 159 183 187 176 161 156 152 152 160 170 163 153 164 177 186 189 192 193 194 194 194 195 192 190 191 191 191 191 189 188 187 187 188 188 188 187 187 186 184 179 181 182 181 179 176 175 172 167 161 160 158 168 158 170 185 175 169 179 178 175
-32768 -32768 -32768 -32768 -32768 -32768 194 192 191 191 193 195 185 182 192 198 197 197 194 193 189 191 172 159 153 147 165 182 169 161 146 134 138 149 149 154 165 171 180 186 189 190 194 195 195 195 196 193 193 194 194 194 192 192 191 191 190 190 191 191 189 189 186 183 186 186 184 183 181 179 176 169 158 155 147 147 150 148 164 169 166 177 170 177 168
-32768 -32768 -32768 -32768 -32768 -32768 188 191 183 195 196 199 190 200 193 186 177 183 182 183 189 187 181 170 160 164 174 179 165 155 143 146 165 173 172 172 177 183 188 189 192 194 194 197 196 197 196 196 196 195 196 194 193 194 194 195 195 193 194 190 187 188 187 190 187 188 186 184 181 178 174 177 175 169 167 166 161 169 165 155 161 167 161 157 165
-32768 -32768 -32768 -32768 -32768 -32768 180 181 190 195 197 195 198 180 164 157 165 175 183 187 189 190 182 194 179 176 180 174 168 161 155 154 176 179 180 183 184 188 191 193 195 196 196 197 198 199 198 197 196 198 197 196 196 196 196 197 197 197 196 192 193 194 191 189 188 188 188 187 186 183 181 177 180 179 172 156 152 151 144 148 148 149 151 160 169
-32768 -32768 -32768 -32768 -32768 -32768 183 190 191 191 179 186 181 158 171 177 184 181 172 170 178 181 189 203 191 185 189 183 178 178 175 165 183 185 183 182 187 189 191 192 195 196 198 199 200 199 199 198 199 199 198 196 198 198 198 197 196 193 196 198 195 193 191 188 187 187 187 185 184 183 179 176 173 181 178 175 173 167 156 161 153 163 164 171 165
-32768 -32768 -32768 -32768 -32768 -32768 188 188 183 187 178 192 191 185 187 187 173 161 163 165 167 186 190 205 195 185 192 192 184 184 186 185 193 189 191 189 187 186 185 188 191 195 197 199 200 200 201 201 201 200 199 199 198 197 195 194 195 195 200 197 195 193 191 189 188 188 188 187 186 186 184 181 179 178 178 177 174 173 174 177 178 179 178 181 181
-32768 -32768 -32768 -32768 -32768 -32768 186 184 180 194 192 196 194 188 172 165 157 173 168 172 173 181 192 207 198 187 196 196 196 189 182 191 198 191 195 193 190 192 194 192 192 196 200 200 200 201 201 201 200 201 201 198 196 196 195 196 198 201 200 197 196 194 193 192 191 192 192 191 191 190 189 188 187 185 182 180 180 178 178 178 178 179 184 185 183
-32768 -32768 -32768 -32768 -32768 -32768 185 188 190 189 190 188 193 190 186 185 188 179 172 172 182 194 203 201 190 197 204 207 198 189 178 191 192 196 198 192 191 192 194 196 196 197 199 201 202 203 202 202 201 200 198 197 197 197 196 198 203 200 199 198 198 196 194 194 193 197 197 196 195 195 193 192 191 189 188 187 186 184 186 183 180 183 184 186 187
-32768 -32768 -32768 -32768 -32768 -32768 -32768 189 188 190 193 199 200 199 193 191 175 173 180 190 193 200 204 187 199 207 212 213 204 193 189 189 197 199 200 197 195 194 195 195 197 200 201 201 203 203 201 201 200 200 201 200 199 198 198 203 204 202 202 200 199 198 199 199 197 198 196 196 196 196 194 193 193 193 193 190 191 189 189 188 190 188 186 187 190
-32768 -32768 -32768 -32768 -32768 -32768 -32768 188 189 193 195 197 193 197 198 189 190 193 194 201 187 191 183 190 206 214 217 213 205 200 200 200 205 205 203 198 196 198 199 199 198 199 201 202 205 205 203 203 203 204 204 204 202 203 205 206 206 205 199 199 198 196 197 198 197 194 193 194 193 189 190 188 191 194 195 196 195 192 193 194 191 190 189 190 187
-32768 -32768 -32768 -32768 -32768 -32768 -32768 190 190 191 193 193 197 198 197 192 194 207 197 182 181 183 191 200 202 204 216 212 200 190 204 208 209 207 205 200 198 201 199 199 201 200 202 204 204 205 203 203 205 205 205 205 206 205 204 205 206 204 200 198 198 197 197 197 197 196 190 184 183 185 192 192 189 191 189 191 192 192 193 192 192 193 193 191 186
-32768 -32768 -32768 -32768 -32768 -32768 -32768 190 190 192 195 197 197 197 199 194 198 207 194 169 191 190 193 203 213 215 214 209 212 204 210 208 200 196 198 201 204 201 199 198 199 200 200 202 201 200 202 201 202 203 204 204 204 203 203 204 206 204 203 204 203 202 201 200 199 199 193 187 190 192 193 191 190 186 183 183 181 182 187 189 187 187 189 190 189
-32768 -32768 -32768 -32768 -32768 -32768 -32768 -32768 190 191 193 192 191 195 200 202 207 193 183 199 205 196 206 199 211 203 203 216 216 212 215 207 199 201 205 208 203 201 200 199 198 198 197 197 197 198 199 201 203 201 203 204 204 205 206 205 205 205 205 205 204 203 202 200 200 198 197 193 195 194 187 180 175 175 174 175 177 181 185 186 187 186 186 186 189
-32768 -32768 -32768 -32768 -32768 -32768 -32768 -32768 191 192 193 194 195 198 200 206 193 189 189 212 208 206 215 213 209 199 200 219 215 209 211 205 205 204 205 201 200 201 202 201 199 198 196 196 198 198 197 198 201 202 203 203 204 205 205 204 205 203 205 204 204 204 203 201 200 199 197 193 192 191 179 160 160 167 172 170 177 188 188 191 193 185 185 185 190
-32768 -32768 -32768 -32768 -32768 -32768 -32768 -32768 192 192 195 196 196 197 202 202 201 204 201 211 209 209 211 209 212 214 215 222 211 209 212 211 207 202 202 202 201 200 201 202 203 201 201 201 201 200 199 199 200 202 203 203 203 204 205 203 204 202 203 204 203 202 203 202 198 194 192 190 184 171 161 164 176 171 181 179 184 188 190 194 195 188 186 186 184
-32768 -32768 -32768 -32768 -32768 -32768 -32768 -32768 -32768 192 192 196 198 199 197 186 191 178 183 198 194 199 196 196 199 207 210 221 219 218 217 216 208 204 203 202 202 201 200 201 202 202 203 203 203 201 200 198 199 201 201 202 202 203 203 201 203 201 202 202 201 203 201 199 194 188 171 169 169 188 188 173 183 192 190 187 197 198 197 198 193 190 187 185 185
-32768 -32768 -32768 -32768 -32768 -32768 -32768 -32768 -32768 191 190 192 193 195 196 193 181 175 181 183 183 192 202 195 190 200 213 218 211 211 215 208 207 205 205 204 202 202 202 201 201 203 204 203 203 203 202 201 200 200 200 200 200 200 200 201 202 201 200 199 200 202 203 198 191 166 156 176 190 196 198 192 192 200 200 201 202 205 203 200 194 189 189 189 187
-32768 -32768 -32768 -32768 -32768 -32768 -32768 -32768 190 191 191 192 189 180 182 187 197 197 196 191 189 190 196 194 192 201 212 214 209 205 209 211 206 204 204 205 205 205 205 204 203 204 203 202 202 200 200 202 201 199 199 197 197 199 200 201 201 199 197 196 198 199 199 192 183 154 180 171 179 196 204 209 208 204 206 210 207 202 197 195 196 194 192 189 187
-32768 -32768 -32768 -32768 -32768 -32768 -32768 -32768 188 191 193 193 185 192 190 193 204 204 200 198 197 198 197 198 194 203 211 210 212 207 205 207 208 206 204 204 206 206 205 205 203 202 200 199 197 197 202 201 201 200 198 196 194 194 198 196 198 196 194 191 192 193 185 163 162 153 164 190 204 209 215 212 207 207 211 214 209 200 198 198 201 199 192 191 193
