DATA/PredictorVariables/1_WorldClim_R/bio11.asc
NCOLS 166 
NROWS 105 
XLLCORNER -9.41666666666667 
YLLCORNER 35.1666666666667 
CELLSIZE 0.0833333333333333 
NODATA_value -32768 
[rows 0 to 39 of 105, columns 0 to 89 of 166]
-32768.000000000000000 -32768 -32768 -32768 -32768 -32768 -32768 -32768 -32768 -32768 -32768 -32768 -32768 -32768 -32768 -32768 -32768 -32768 -32768 -32768 -32768 -32768 -32768 -32768 -32768 -32768 -32768 -32768 -32768 -32768 -32768 -32768 -32768 -32768 -32768 -32768 -32768 -32768 -32768 -32768 -32768 -32768 -32768 -32768 -32768 -32768 -32768 -32768 -32768 -32768 -32768 -32768 -32768 -32768 -32768 -32768 -32768 -32768 -32768 -32768 -32768 -32768 -32768 -32768 -32768 -32768 -32768 -32768 -32768 -32768 -32768 -32768 -32768 -32768 -32768 -32768 -32768 -32768 -32768 -32768 -32768 -32768 -32768 -32768 -32768 -32768 -32768 -32768 -32768 -32768
-32768 -32768 -32768 -32768 -32768 -32768 -32768 -32768 -32768 -32768 -32768 -32768 -32768 -32768 -32768 -32768 -32768 -32768 93 -32768 95 99 -32768 -32768 -32768 -32768 -32768 -32768 -32768 -32768 -32768 -32768 -32768 -32768 -32768 -32768 -32768 -32768 -32768 -32768 -32768 -32768 -32768 -32768 -32768 -32768 -32768 -32768 -32768 -32768 -32768 -32768 -32768 -32768 -32768 -32768 -32768 -32768 -32768 -32768 -32768 -32768 -32768 -32768 -32768 -32768 -32768 -32768 -32768 -32768 -32768 -32768 -32768 -32768 -32768 -32768 -32768 -32768 -32768 -32768 -32768 -32768 -32768 -32768 -32768 -32768 -32768 -32768 -32768 -32768
-32768 -32768 -32768 -32768 -32768 -32768 -32768 -32768 -32768 -32768 -32768 -32768 -32768 -32768 -32768 -32768 93 82 95 93 91 93 92 95 96 -32768 -32768 -32768 -32768 -32768 -32768 -32768 -32768 -32768 -32768 -32768 -32768 -32768 -32768 -32768 -32768 -32768 -32768 -32768 -32768 -32768 -32768 -32768 -32768 -32768 -32768 -32768 -32768 -32768 -32768 -32768 -32768 -32768 -32768 -32768 -32768 -32768 -32768 -32768 -32768 -32768 -32768 -32768 -32768 -32768 -32768 -32768 -32768 -32768 -32768 -32768 -32768 -32768 -32768 -32768 -32768 -32768 -32768 -32768 -32768 -32768 -32768 -32768 -32768 -32768
-32768 -32768 -32768 -32768 -32768 -32768 -32768 -32768 -32768 -32768 -32768 -32768 -32768 -32768 101 96 93 88 92 83 81 88 79 81 88 94 -32768 -32768 -32768 -32768 -32768 -32768 -32768 -32768 -32768 -32768 -32768 -32768 94 -32768 96 96 94 94 96 -32768 -32768 -32768 -32768 -32768 -32768 -32768 -32768 -32768 -32768 -32768 -32768 -32768 -32768 -32768 -32768 -32768 -32768 -32768 -32768 -32768 -32768 -32768 -32768 -32768 -32768 -32768 -32768 -32768 -32768 -32768 -32768 -32768 -32768 -32768 -32768 -32768 -32768 -32768 -32768 -32768 -32768 -32768 -32768 -32768
-32768 -32768 -32768 -32768 -32768 -32768 -32768 -32768 -32768 -32768 -32768 -32768 -32768 98 98 95 92 88 80 74 74 77 69 84 90 90 88 87 92 90 90 86 91 84 88 87 83 80 84 86 89 91 92 91 94 94 89 88 92 90 -32768 -32768 -32768 -32768 -32768 -32768 -32768 -32768 -32768 -32768 -32768 -32768 -32768 -32768 -32768 -32768 -32768 -32768 -32768 94 92 -32768 -32768 -32768 -32768 -32768 -32768 -32768 -32768 -32768 -32768 -32768 -32768 -32768 -32768 -32768 -32768 -32768 -32768 -32768
-32768 -32768 -32768 -32768 -32768 -32768 -32768 -32768 -32768 -32768 -32768 -32768 -32768 98 100 90 82 78 80 74 66 61 59 70 81 86 78 86 86 76 71 70 79 64 73 77 72 63 78 86 80 80 85 87 87 80 78 86 83 81 78 87 89 88 91 94 95 -32768 -32768 -32768 -32768 -32768 -32768 95 95 95 96 96 95 91 93 92 -32768 -32768 -32768 -32768 -32768 88 88 87 94 -32768 -32768 -32768 -32768 -32768 -32768 -32768 -32768 -32768
-32768 -32768 -32768 -32768 -32768 -32768 100 106 -32768 -32768 -32768 99 102 99 98 90 82 79 74 75 72 71 64 67 68 72 79 77 64 53 60 68 63 57 69 60 53 66 77 79 85 86 81 84 82 79 78 78 78 78 85 85 76 75 72 65 75 82 89 91 92 90 88 90 94 92 92 90 92 86 86 89 84 83 88 89 91 90 89 84 88 88 89 94 -32768 -32768 -32768 -32768 -32768 94
-32768 -32768 -32768 -32768 -32768 101 102 100 97 97 97 96 99 99 97 89 82 73 74 76 76 74 75 71 70 69 75 60 54 56 68 61 46 47 60 66 65 57 64 61 63 69 77 76 75 70 60 58 65 55 63 70 57 47 52 61 55 70 68 77 74 78 80 77 83 84 83 74 66 69 73 80 73 72 72 81 80 90 87 88 86 85 82 87 86 92 93 94 93 92
-32768 -32768 104 103 102 98 98 98 98 94 85 87 89 94 92 84 79 74 75 74 77 76 76 74 70 65 67 60 55 61 66 50 40 52 58 56 41 45 41 40 56 31 54 69 56 52 56 52 49 31 44 47 29 -2 17 8 14 54 44 54 62 66 59 66 74 69 68 67 48 35 54 68 69 67 73 78 76 73 84 85 82 74 75 78 77 79 78 79 87 75
-32768 -32768 106 103 97 96 91 88 87 83 84 85 84 85 82 77 77 74 75 74 74 77 75 72 67 60 63 50 54 50 58 47 40 47 50 36 24 38 26 33 27 41 41 53 42 42 41 28 21 27 22 16 28 11 4 14 42 56 49 22 37 43 45 47 63 50 59 54 32 26 35 42 53 70 69 74 73 75 75 76 65 71 74 74 70 69 69 73 75 60
-32768 103 102 99 91 90 88 86 84 85 85 88 87 85 84 81 76 69 71 74 73 74 72 67 64 56 53 58 55 61 58 41 31 42 28 27 7 5 8 -3 8 1 27 38 10 7 14 5 2 15 7 17 21 10 11 -2 3 16 27 21 4 15 32 37 41 40 42 39 40 47 48 49 48 52 48 51 69 69 55 39 56 55 68 72 62 70 76 71 56 57
-32768 106 103 94 90 89 88 88 87 88 88 88 86 85 83 83 76 73 69 72 68 68 72 71 68 57 55 52 61 57 45 42 31 27 19 10 17 16 15 10 15 12 7 13 15 10 15 7 13 24 17 17 20 23 13 -1 -3 4 18 25 3 13 33 38 39 40 40 41 43 49 56 53 49 48 47 45 49 52 56 50 57 58 51 48 37 50 57 49 38 40
-32768 108 -32768 99 89 90 92 89 93 95 88 85 88 87 86 87 84 79 74 69 70 72 72 72 67 60 51 57 56 43 28 17 16 24 21 22 16 4 8 3 3 12 20 8 18 19 22 15 24 26 19 25 18 24 13 12 13 15 27 32 32 32 36 35 38 35 42 41 45 42 46 53 48 44 41 47 46 44 46 56 61 60 58 56 54 44 46 44 43 32
-32768 -32768 -32768 102 100 100 101 85 92 94 95 91 91 90 83 83 78 72 73 67 67 72 65 63 68 53 47 49 44 37 16 26 32 40 36 21 8 6 7 15 21 25 26 27 22 30 31 28 31 31 30 31 27 32 25 22 29 30 29 33 35 39 39 35 40 41 35 39 38 33 41 42 52 53 51 41 57 49 55 55 50 48 44 44 37 34 38 39 30 35
-32768 -32768 -32768 107 100 88 96 93 98 94 89 90 80 81 79 74 73 67 62 68 72 63 59 62 59 47 35 31 33 38 29 40 46 43 43 33 29 28 25 19 20 25 29 30 28 33 35 32 38 32 36 34 35 33 30 31 32 35 33 38 37 39 34 33 34 35 35 37 34 29 36 49 41 42 36 41 58 60 59 53 52 49 41 44 45 43 42 45 51 54
-32768 -32768 -32768 -32768 104 96 103 102 94 94 85 79 72 65 75 73 67 63 59 67 70 65 65 70 59 44 43 36 28 37 43 49 54 53 48 46 43 35 26 29 32 31 33 33 32 38 38 39 39 37 40 35 39 35 33 35 35 38 37 39 42 41 36 36 33 33 32 32 30 32 40 49 49 48 46 44 49 53 56 48 40 37 42 42 42 44 52 52 50 55
-32768 -32768 -32768 -32768 106 106 106 102 99 92 85 78 73 66 66 67 62 58 62 64 68 67 73 71 64 54 49 35 32 38 50 56 58 54 47 33 24 21 23 31 34 34 37 36 36 38 41 42 41 41 38 38 41 38 36 39 38 39 41 40 43 43 42 41 40 37 31 32 32 36 38 35 38 41 41 43 51 56 56 58 57 55 55 53 51 54 56 55 57 57
-32768 -32768 -32768 -32768 107 105 104 99 91 96 87 75 62 66 71 73 72 71 69 67 67 68 68 61 60 60 58 41 45 49 52 53 41 27 27 17 13 23 30 35 37 36 39 38 38 39 42 43 42 40 39 40 43 40 39 41 43 43 43 44 44 44 44 43 42 36 33 34 34 33 32 33 35 35 40 44 46 50 50 53 56 54 56 58 58 59 59 57 58 58
-32768 -32768 -32768 -32768 -32768 107 103 102 93 94 87 80 63 64 74 80 75 76 74 72 59 53 57 57 45 44 59 61 43 38 45 29 24 26 7 4 12 24 29 32 37 40 41 40 40 40 43 42 41 41 41 43 44 43 41 42 44 45 46 46 46 46 45 44 39 36 35 35 35 33 30 30 25 28 33 28 28 36 40 50 48 38 46 49 52 51 55 57 60 59
-32768 -32768 -32768 -32768 -32768 -32768 103 99 91 95 86 78 70 59 69 82 77 71 73 70 60 56 44 39 37 28 47 49 38 23 18 13 12 17 25 18 9 17 28 35 38 40 41 41 41 41 44 40 39 42 43 45 45 44 44 44 45 47 47 47 47 47 45 42 37 38 39 36 33 30 30 27 22 17 16 14 23 14 25 39 29 24 32 31 28 36 33 47 56 60
-32768 -32768 -32768 -32768 -32768 -32768 106 100 96 93 90 89 74 68 75 77 72 70 66 64 60 59 43 30 24 16 30 44 31 22 9 -3 -1 7 6 10 18 22 30 34 37 37 41 42 42 42 44 41 42 43 45 46 45 45 46 46 46 47 49 49 47 47 43 39 41 41 38 36 34 31 29 23 13 9 2 3 5 3 17 22 19 29 22 28 20 31 34 42 49 51
-32768 -32768 -32768 -32768 -32768 -32768 99 100 86 98 94 93 78 85 74 65 57 59 57 56 59 56 49 39 28 30 37 40 27 16 5 6 22 27 25 24 28 32 36 36 39 40 40 43 42 43 44 43 44 44 45 45 44 46 47 48 50 49 51 46 43 44 43 45 41 41 39 36 33 30 26 28 27 21 20 18 14 21 18 8 14 19 13 9 16 23 24 31 36 38
-32768 -32768 -32768 -32768 -32768 -32768 87 86 95 97 95 88 87 65 49 40 46 52 57 58 57 56 49 57 43 40 41 35 28 21 14 12 30 32 32 33 34 36 38 40 41 42 42 42 43 44 44 44 43 45 45 44 46 46 48 49 51 50 51 47 47 48 45 42 40 40 39 38 36 34 31 27 29 29 22 8 4 4 -3 1 0 1 2 10 18 15 21 26 38 46
-32768 -32768 -32768 -32768 -32768 -32768 92 99 96 92 73 78 69 45 54 57 61 56 47 44 48 50 54 64 53 46 48 42 37 36 31 21 36 37 34 32 35 37 38 39 41 42 43 44 45 45 44 44 45 46 45 44 46 47 48 48 47 44 49 50 48 45 43 39 37 38 37 35 33 32 27 26 23 29 27 24 22 17 7 12 5 13 13 19 14 12 19 25 35 39
-32768 -32768 -32768 -32768 -32768 -32768 99 96 86 86 72 84 79 70 68 66 51 39 39 39 39 53 55 65 56 46 50 49 41 40 40 39 45 41 42 38 36 33 32 34 36 40 42 43 44 46 46 47 47 46 46 45 45 44 43 43 43 45 50 47 45 43 40 38 37 36 36 35 34 34 31 29 27 25 26 25 22 21 22 24 25 27 25 28 27 21 19 24 28 28
-32768 -32768 -32768 -32768 -32768 -32768 97 90 82 95 88 89 83 72 54 46 37 49 43 45 44 48 56 67 57 47 54 52 52 44 37 44 50 42 45 42 38 39 40 37 36 40 44 45 44 46 46 45 45 46 46 44 41 41 41 42 45 49 48 45 44 43 41 40 39 39 39 37 37 36 35 34 33 32 28 27 26 24 24 24 25 25 29 30 28 25 24 24 24 23
-32768 -32768 -32768 -32768 -32768 -32768 96 96 96 91 86 79 82 75 68 64 64 54 46 44 51 58 64 61 50 55 60 62 54 43 33 44 44 46 48 41 38 38 40 41 40 41 43 45 45 46 47 46 45 44 42 41 42 41 41 43 48 45 45 45 44 42 41 40 39 42 42 42 40 40 38 36 36 34 33 31 31 28 30 28 25 27 28 30 31 30 28 28 24 17
-32768 -32768 -32768 -32768 -32768 -32768 -32768 98 94 91 91 94 90 85 74 69 52 48 52 58 59 64 65 48 57 63 69 68 58 46 42 42 47 49 49 44 42 40 41 40 41 43 44 45 46 47 44 44 44 44 45 44 43 42 42 46 47 46 46 45 44 44 44 45 41 43 40 40 40 40 38 37 36 36 36 33 34 33 32 32 33 31 29 30 33 32 29 28 25 23
-32768 -32768 -32768 -32768 -32768 -32768 -32768 98 95 95 93 91 82 83 80 66 65 66 64 68 53 55 46 51 63 70 72 67 59 53 52 51 56 54 51 46 42 43 44 44 41 43 44 45 47 48 46 46 46 47 46 46 45 46 48 48 48 48 43 42 41 40 40 41 40 38 36 37 36 33 33 31 35 36 37 37 37 34 35 35 33 32 31 32 30 28 29 29 26 27
-32768 -32768 -32768 -32768 -32768 -32768 -32768 100 97 93 92 87 87 83 78 70 68 80 67 51 48 48 53 59 59 61 71 66 53 43 56 59 59 56 53 48 45 47 43 42 44 43 45 46 47 47 46 47 48 48 48 48 48 47 47 47 48 46 42 42 40 40 39 39 39 38 33 28 27 28 34 34 32 33 32 33 33 34 34 34 33 35 35 32 28 28 34 32 31 31
-32768 -32768 -32768 -32768 -32768 -32768 -32768 100 98 96 94 92 88 82 81 71 72 79 63 39 55 53 54 61 70 70 68 63 65 56 61 59 49 45 46 47 50 46 42 41 41 43 43 44 44 44 45 45 45 46 46 47 47 45 45 46 47 45 45 46 44 43 42 41 39 40 34 29 31 33 33 32 31 28 26 25 24 24 29 31 28 28 30 31 30 33 38 36 34 35
-32768 -32768 -32768 -32768 -32768 -32768 -32768 -32768 98 94 91 85 80 81 83 80 83 65 53 65 67 58 66 57 68 58 58 70 69 64 66 57 48 48 52 54 48 45 44 42 41 40 40 40 40 41 42 45 47 45 46 46 47 48 47 46 46 46 45 45 45 43 41 40 39 38 36 33 35 34 29 22 18 18 17 18 19 23 25 27 28 27 27 26 30 36 39 40 41 42
-32768 -32768 -32768 -32768 -32768 -32768 -32768 -32768 98 95 91 89 84 85 82 85 68 61 59 78 71 67 75 72 66 54 55 73 67 60 61 53 53 51 52 46 45 45 45 44 42 41 38 39 41 41 40 42 44 46 46 47 47 47 47 45 46 44 45 44 44 42 41 39 39 38 36 33 32 31 22 6 6 11 15 13 19 28 28 30 32 25 25 25 29 34 36 34 31 32
-32768 -32768 -32768 -32768 -32768 -32768 -32768 -32768 98 95 95 92 87 84 85 81 76 76 71 77 72 71 71 67 69 70 69 76 63 59 62 60 55 48 48 46 45 43 43 44 45 43 43 43 43 43 43 44 45 46 46 46 45 46 46 44 45 42 43 43 42 40 41 39 36 33 32 30 25 16 7 9 18 14 21 20 24 28 29 33 33 27 25 25 24 22 21 21 23 26
-32768 -32768 -32768 -32768 -32768 -32768 -32768 -32768 -32768 96 91 93 90 87 80 64 66 50 53 64 58 60 57 54 56 62 63 73 70 69 67 65 55 50 49 47 46 44 43 43 43 44 44 44 44 44 44 44 44 45 45 45 44 45 45 42 43 42 41 41 39 41 39 35 32 28 16 14 14 28 28 16 24 31 29 26 35 36 35 35 31 29 26 24 24 20 17 18 21 17
-32768 -32768 -32768 -32768 -32768 -32768 -32768 -32768 -32768 97 91 87 83 82 79 71 57 48 51 51 49 55 62 54 49 56 66 70 62 61 63 56 53 51 50 48 45 45 45 43 43 44 44 44 44 45 47 47 45 44 44 43 43 42 42 42 43 41 40 39 39 40 39 34 30 13 5 19 30 33 35 30 31 36 36 37 38 41 39 36 32 28 27 26 25 24 21 18 17 18
-32768 -32768 -32768 -32768 -32768 -32768 -32768 -32768 102 100 93 87 79 64 63 65 72 69 64 57 54 53 56 53 50 56 65 66 59 55 57 58 52 50 49 49 48 48 47 45 44 44 44 43 43 43 44 46 46 44 42 41 40 41 41 42 42 41 38 36 37 37 36 31 24 4 23 16 21 33 39 44 43 40 41 44 42 38 34 32 33 31 29 26 24 29 24 23 18 23
-32768 -32768 -32768 -32768 -32768 -32768 -32768 -32768 102 101 97 91 74 78 71 72 80 75 69 64 61 60 58 57 52 58 63 61 63 57 53 55 55 50 48 48 49 48 47 46 44 43 41 40 39 40 45 44 44 44 41 39 37 37 40 38 40 38 35 33 33 33 27 12 11 3 11 29 39 43 48 47 41 42 45 48 43 36 34 34 37 36 29 28 30 28 25 25 23 21
-32768 -32768 -32768 -32768 -32768 -32768 -32768 -32768 102 102 99 95 90 79 80 75 78 73 70 71 71 69 64 63 63 63 61 57 56 56 52 53 53 53 48 48 50 48 46 44 44 41 38 37 41 44 44 43 41 40 37 31 31 29 29 29 33 32 31 24 25 22 20 24 32 34 39 41 39 47 52 48 46 45 49 47 37 37 36 33 39 43 41 37 30 21 17 15 19 17
-32768 -32768 -32768 -32768 -32768 -32768 -32768 104 103 102 101 99 92 83 70 66 78 79 78 76 72 68 69 71 67 63 50 52 54 52 52 52 55 56 55 51 47 45 43 40 38 40 42 42 42 43 42 40 35 31 28 22 22 24 28 32 33 30 26 23 20 22 18 33 43 39 40 49 51 54 55 51 50 49 51 43 41 41 36 34 42 38 33 29 28 24 19 15 14 14
