DATA/PredictorVariables/1_WorldClim_R/bio1.asc
NCOLS 166 
NROWS 105 
XLLCORNER -9.41666666666667 
YLLCORNER 35.1666666666667 
CELLSIZE 0.0833333333333333 
NODATA_value -32768 
[rows 38 to 75 of 105, columns 0 to 84 of 166]
-32768 -32768 -32768 -32768 -32768 -32768 -32768 -32768 148 149 149 147 144 135 138 135 140 135 134 136 136 136 132 131 133 134 132 128 128 129 125 126 127 127 122 122 125 123 121 120 119 116 113 112 116 120 119 117 115 114 110 104 104 102 101 102 107 105 104 96 97 93 92 97 108 110 117 120 117 127 133 128 125 124 128 126 115 115 114 110 117 121 119 115 108
-32768 -32768 -32768 -32768 -32768 -32768 -32768 148 148 149 151 151 147 139 128 125 140 142 142 141 138 135 137 140 137 133 120 122 125 124 124 125 128 130 129 126 122 120 117 115 112 114 117 117 118 118 117 114 108 104 101 94 94 96 100 106 107 103 98 94 91 93 89 109 121 116 119 129 132 135 136 131 130 128 131 122 119 120 114 111 120 116 111 106 105
-32768 -32768 -32768 -32768 -32768 -32768 -32768 149 150 150 152 153 151 139 126 146 147 148 144 145 143 144 138 118 113 119 119 121 123 125 122 125 129 130 130 128 118 111 102 111 114 120 122 117 115 117 114 108 107 106 97 86 97 102 100 96 95 99 109 105 112 112 108 121 125 131 133 136 134 136 137 134 134 134 126 121 125 119 115 117 124 116 115 114 115
-32768 -32768 -32768 -32768 -32768 -32768 -32768 151 150 151 152 155 150 145 147 150 151 150 149 145 141 122 99 108 117 126 119 123 126 125 122 127 128 124 125 125 120 118 118 119 134 133 125 124 114 113 115 114 107 94 81 80 83 81 88 102 111 119 119 125 130 125 126 132 136 138 134 138 136 137 140 140 137 128 123 124 123 118 120 125 127 124 127 124 122
-32768 -32768 -32768 -32768 -32768 -32768 152 152 152 153 153 155 150 151 155 154 153 150 145 141 121 83 99 126 138 138 128 123 124 121 121 122 123 123 123 113 120 122 136 142 139 129 125 112 89 95 112 107 90 84 83 83 93 94 103 108 104 100 108 130 134 136 138 143 140 140 137 137 141 139 140 140 133 127 126 129 125 126 131 128 130 121 118 124 119
-32768 -32768 -32768 -32768 -32768 -32768 153 152 152 153 155 157 151 152 157 154 152 150 142 136 125 97 103 140 144 140 136 129 120 118 113 118 121 117 125 130 137 140 143 148 140 135 127 93 78 97 102 92 82 70 76 86 105 99 101 123 137 132 127 129 133 142 146 143 140 141 139 138 142 143 144 139 132 130 131 128 128 134 129 124 128 126 120 119 116
-32768 -32768 -32768 -32768 -32768 -32768 150 152 156 157 159 159 155 155 154 153 148 136 123 118 135 141 143 145 143 145 143 138 134 141 143 125 137 143 146 148 143 148 151 152 151 132 105 120 103 77 79 83 114 100 108 129 141 135 148 144 140 134 131 141 147 148 144 141 141 143 139 141 141 143 143 141 136 134 132 133 136 135 124 122 126 119 120 120 119
-32768 -32768 -32768 -32768 -32768 -32768 155 156 157 158 159 156 155 157 146 137 133 133 127 132 142 140 138 141 145 151 150 147 149 152 150 147 151 156 154 150 149 153 153 153 146 131 130 116 130 133 135 142 154 154 153 151 147 146 144 134 130 144 148 150 148 145 143 142 145 143 143 144 141 145 144 139 133 134 137 140 137 132 124 122 123 119 117 117 113
-32768 -32768 -32768 -32768 -32768 -32768 155 154 157 159 153 151 153 137 127 135 140 140 143 147 136 143 137 150 154 153 154 150 147 148 155 157 160 159 156 156 157 159 159 155 150 147 144 144 153 156 159 159 158 157 155 153 152 150 146 148 151 152 151 150 148 146 145 146 148 145 148 145 146 148 145 143 142 142 139 135 132 130 126 123 122 120 117 116 112
-32768 -32768 -32768 -32768 -32768 155 154 154 156 157 149 151 150 141 144 148 146 139 139 138 144 155 154 154 157 157 158 156 155 157 158 155 159 160 160 160 161 161 156 152 154 158 160 161 161 160 160 160 159 158 156 156 153 152 153 153 153 152 149 146 146 147 149 150 148 149 150 149 147 142 138 136 135 135 133 131 130 130 127 124 126 125 121 120 117
-32768 -32768 -32768 -32768 -32768 155 157 154 154 156 152 154 150 151 153 148 142 138 132 146 156 159 158 157 159 164 163 162 158 159 160 160 159 160 159 158 158 155 150 154 157 161 162 162 161 160 157 159 159 156 153 155 154 155 153 148 150 151 153 152 150 150 152 149 148 149 149 148 146 142 139 137 137 135 134 133 133 131 128 127 127 126 125 122 122
-32768 -32768 -32768 -32768 154 154 156 155 153 151 152 156 152 155 155 154 151 144 143 154 159 159 158 162 166 165 165 161 162 161 160 161 162 162 159 158 155 157 159 159 161 158 159 158 161 158 155 158 156 155 154 157 153 153 151 146 147 147 146 147 151 148 143 143 141 140 142 143 143 144 143 140 139 137 136 136 135 133 129 127 126 128 127 124 124
-32768 -32768 -32768 -32768 153 152 154 155 152 152 157 159 157 154 157 154 154 153 157 162 161 163 165 164 162 163 164 162 162 164 163 160 159 159 162 164 162 159 157 157 158 156 154 150 148 149 150 148 146 148 151 149 148 141 142 141 141 139 141 140 143 140 137 140 137 137 138 139 140 141 141 141 139 139 138 137 136 135 132 130 128 130 128 124 125
-32768 -32768 -32768 -32768 153 155 153 150 144 152 156 160 162 158 159 156 153 155 160 164 165 167 164 163 164 165 162 164 164 162 161 159 158 156 159 161 162 161 160 159 160 158 156 154 151 148 144 142 135 141 139 145 146 133 133 131 132 131 132 132 138 138 134 133 135 135 136 138 138 140 140 140 139 141 140 139 138 134 131 133 132 129 131 127 127
-32768 -32768 -32768 155 154 154 144 142 145 148 161 163 164 161 160 161 161 162 162 165 163 164 162 164 162 162 159 159 163 165 163 161 161 159 159 159 162 161 161 162 160 158 155 153 150 149 147 133 132 129 139 139 144 142 135 133 132 122 133 124 127 128 129 129 129 132 138 139 139 140 140 140 142 142 141 140 140 138 135 137 135 132 132 132 132
-32768 -32768 153 155 153 150 146 150 157 161 164 166 165 166 167 167 167 164 163 162 162 162 160 158 159 160 159 157 158 162 163 163 164 162 161 160 158 159 159 161 160 158 154 151 141 145 145 135 128 142 147 148 147 151 148 148 144 138 140 135 137 138 139 128 122 126 132 137 136 139 141 141 143 143 141 139 141 141 139 139 138 137 137 135 135
153 152 154 154 154 152 158 159 160 164 166 166 162 163 163 165 163 162 163 164 163 161 160 153 149 151 154 156 157 157 158 161 158 160 162 162 160 159 158 159 157 155 155 153 145 142 144 146 147 149 155 152 154 154 154 151 147 143 137 134 132 139 136 133 132 129 132 136 134 132 138 142 144 144 144 142 143 143 141 141 141 140 139 138 138
152 151 152 154 155 157 160 161 163 166 167 164 163 163 163 163 165 165 165 166 165 164 163 158 147 148 157 162 160 161 163 163 160 162 160 159 161 159 157 157 157 155 158 160 157 160 159 158 152 153 158 157 157 149 152 151 147 147 144 143 146 146 142 134 135 137 136 132 134 130 139 144 145 145 145 145 144 144 143 142 141 140 140 139 139
153 153 154 154 150 159 161 163 166 167 165 165 165 165 164 165 167 165 165 167 166 163 163 163 160 158 160 163 164 161 165 164 162 162 160 159 159 158 158 152 156 162 162 163 162 163 161 162 161 157 157 158 157 152 146 148 149 150 146 139 144 148 147 139 138 141 144 143 139 143 146 146 145 145 145 144 144 144 143 141 140 139 138 138 139
154 154 154 152 157 162 162 166 167 167 166 165 165 165 165 167 166 166 167 167 167 165 163 163 163 164 164 165 167 165 166 164 164 163 162 163 163 160 161 162 166 166 166 167 165 165 165 164 163 160 159 156 153 153 149 145 149 149 143 140 142 144 146 142 141 144 146 147 147 147 147 146 146 146 145 145 144 143 140 139 137 136 136 134 136
153 154 153 152 157 165 167 168 168 167 166 166 167 167 167 167 167 167 167 167 167 166 166 165 164 165 167 166 166 168 167 167 167 166 166 166 166 164 163 164 168 168 168 168 167 166 161 160 163 161 159 159 156 154 151 147 146 148 149 149 142 144 148 144 147 147 147 147 147 147 147 146 146 145 144 143 141 139 134 133 132 131 132 130 131
151 149 151 151 159 167 168 169 168 168 169 170 169 168 168 168 168 168 165 165 164 164 164 164 163 161 163 167 168 169 168 167 167 167 168 167 167 166 165 169 168 168 167 166 166 165 164 163 161 160 162 157 149 153 150 150 151 151 146 150 149 147 149 146 148 147 147 148 147 147 147 147 146 145 141 139 136 134 135 133 131 128 126 125 128
150 149 152 161 165 169 169 169 169 168 168 168 167 168 167 167 166 166 165 164 163 159 159 161 162 159 161 168 169 168 167 166 167 168 168 167 166 167 168 167 167 167 164 164 163 162 164 162 161 159 160 161 155 158 155 152 150 146 145 149 150 146 147 149 148 148 148 146 146 146 142 144 146 144 142 140 138 134 133 133 131 130 128 126 127
148 151 157 166 169 170 170 169 169 169 168 167 166 166 165 163 163 163 162 162 162 162 158 157 163 165 167 169 168 166 165 165 165 166 165 164 164 166 164 163 162 162 162 157 162 161 163 160 159 157 156 157 162 157 156 156 156 150 149 146 148 149 147 146 146 142 145 148 148 148 146 146 146 142 142 141 139 135 133 132 131 129 128 128 130
156 159 162 167 171 170 171 170 169 168 168 167 167 165 162 160 159 160 160 160 161 159 160 162 162 168 169 167 166 165 164 164 164 164 165 164 163 164 166 163 160 158 160 160 159 160 158 157 154 155 156 160 161 160 161 160 157 155 153 148 145 146 147 147 145 140 143 149 148 146 147 146 146 144 142 141 140 137 134 131 131 133 132 127 123
-32768 165 165 168 170 170 170 170 170 169 168 167 164 161 161 159 157 158 161 162 163 164 163 165 167 168 168 165 163 161 161 162 162 162 162 162 161 161 164 161 159 157 156 159 156 156 153 155 158 160 160 161 160 155 160 157 152 153 151 149 146 145 146 145 146 148 150 144 150 146 146 146 146 143 140 140 139 138 134 136 135 140 131 120 114
-32768 -32768 165 167 167 166 170 172 171 169 169 168 164 163 162 159 160 161 162 163 164 164 163 164 167 169 167 165 161 159 157 153 156 154 160 160 158 159 160 162 155 156 156 159 153 151 154 155 159 158 157 157 158 158 159 159 158 154 144 141 144 146 147 153 151 148 150 151 148 147 146 143 143 142 141 142 143 137 139 144 143 135 118 113 113
-32768 -32768 163 163 163 163 171 172 172 171 170 169 169 166 164 165 164 163 163 164 165 164 164 165 168 169 167 165 163 159 156 150 149 149 154 158 154 155 157 161 160 157 155 156 153 154 156 155 154 156 155 155 157 155 154 154 155 156 155 150 140 141 142 143 152 156 148 142 138 136 145 145 146 146 147 144 142 143 147 147 140 134 130 120 119
-32768 -32768 -32768 -32768 -32768 -32768 -32768 171 171 170 171 170 169 169 164 164 164 163 160 162 164 165 166 168 169 168 167 166 162 160 156 152 160 158 157 154 154 154 153 156 157 154 156 155 155 155 154 153 154 154 152 152 154 153 152 152 152 151 151 153 152 154 149 148 148 160 151 151 149 144 147 147 152 154 153 149 149 150 154 150 144 140 126 119 128
-32768 -32768 -32768 -32768 -32768 -32768 -32768 170 170 168 169 170 170 170 168 166 164 163 163 162 159 163 166 168 169 168 168 166 164 161 159 161 162 160 160 157 155 153 152 152 153 153 154 154 154 156 154 153 156 156 156 151 147 153 154 151 152 151 151 149 150 151 158 153 156 161 160 159 160 159 158 162 163 160 154 152 154 159 147 135 142 123 115 126 128
-32768 -32768 -32768 -32768 -32768 -32768 -32768 169 167 165 168 168 169 170 169 169 167 165 163 163 163 164 167 169 168 168 167 166 166 166 161 158 151 152 156 157 154 153 155 154 151 151 153 156 158 161 158 154 152 151 154 156 155 152 155 158 156 153 155 154 156 152 161 159 161 165 160 168 169 168 166 169 164 157 155 156 157 148 142 136 135 116 117 125 112
-32768 -32768 -32768 -32768 -32768 -32768 -32768 170 165 160 166 168 170 169 170 169 167 165 166 167 168 170 169 168 168 168 168 167 165 163 161 157 153 152 149 149 151 149 151 157 160 156 151 153 155 159 162 162 159 157 153 151 154 160 158 161 163 160 161 170 168 166 169 168 169 168 172 173 173 169 173 170 165 165 163 158 153 146 121 141 119 109 110 111 112
-32768 -32768 -32768 -32768 -32768 -32768 169 169 164 162 164 168 169 169 169 167 164 164 164 166 166 169 167 166 164 166 166 162 158 155 157 160 154 148 149 149 143 145 151 154 160 163 160 154 150 154 159 164 168 163 162 156 155 157 159 160 169 169 171 175 175 176 177 178 178 178 177 176 175 174 169 160 155 155 159 163 158 133 129 125 99 105 100 103 105
-32768 -32768 -32768 -32768 -32768 -32768 168 168 163 165 166 168 170 169 169 166 166 165 164 165 168 168 167 166 165 165 166 164 164 161 154 153 153 153 158 160 155 154 159 155 153 163 158 154 157 151 153 159 162 167 167 161 163 165 163 165 173 178 178 179 176 177 176 174 176 177 176 177 176 175 171 168 169 168 167 164 158 141 125 105 96 110 109 117 124
-32768 -32768 -32768 -32768 -32768 -32768 -32768 168 163 165 167 169 169 168 166 165 165 166 166 168 168 169 167 165 166 168 165 160 158 157 153 153 150 151 152 156 163 162 160 161 162 169 163 161 160 156 159 163 170 168 172 171 173 172 175 178 178 176 176 175 173 173 175 173 174 175 173 175 173 170 168 169 165 166 168 160 144 115 113 105 113 129 125 127 134
-32768 -32768 -32768 -32768 -32768 -32768 -32768 167 163 164 166 167 167 165 163 163 165 166 167 167 168 169 166 166 168 167 164 162 164 163 163 165 163 162 159 158 162 167 163 164 163 172 172 168 169 167 169 172 171 176 179 179 179 178 176 177 176 174 174 174 171 174 174 173 170 168 164 170 171 157 145 141 145 159 160 161 137 112 130 135 135 138 138 135 133
-32768 -32768 -32768 -32768 -32768 -32768 -32768 168 165 165 163 162 165 165 163 162 164 165 165 166 167 169 167 169 168 169 168 167 169 169 168 171 166 163 162 162 163 167 170 170 169 169 178 177 176 172 175 179 180 180 179 177 176 176 174 172 174 177 175 174 172 173 172 169 167 158 146 158 156 151 132 113 141 142 146 152 155 144 141 144 144 145 139 134 135
-32768 -32768 -32768 -32768 -32768 -32768 -32768 167 167 167 163 161 159 163 162 161 162 163 165 167 169 170 169 171 171 169 168 167 171 172 169 170 166 165 169 165 167 169 172 173 176 175 179 183 182 181 182 180 179 178 178 178 176 174 173 174 171 174 171 167 169 167 169 167 155 157 143 128 136 146 139 135 137 139 144 150 155 149 148 151 151 145 136 123 121
