DATA/PredictorVariables/1_WorldClim_R/bio13.asc
NCOLS 166 
NROWS 105 
XLLCORNER -9.41666666666667 
YLLCORNER 35.1666666666667 
CELLSIZE 0.0833333333333333 
NODATA_value -32768 
[rows 0 to 40 of 105, columns 0 to 90 of 166]
-32768.000000000000000 -32768 -32768 -32768 -32768 -32768 -32768 -32768 -32768 -32768 -32768 -32768 -32768 -32768 -32768 -32768 -32768 -32768 -32768 -32768 -32768 -32768 -32768 -32768 -32768 -32768 -32768 -32768 -32768 -32768 -32768 -32768 -32768 -32768 -32768 -32768 -32768 -32768 -32768 -32768 -32768 -32768 -32768 -32768 -32768 -32768 -32768 -32768 -32768 -32768 -32768 -32768 -32768 -32768 -32768 -32768 -32768 -32768 -32768 -32768 -32768 -32768 -32768 -32768 -32768 -32768 -32768 -32768 -32768 -32768 -32768 -32768 -32768 -32768 -32768 -32768 -32768 -32768 -32768 -32768 -32768 -32768 -32768 -32768 -32768 -32768 -32768 -32768 -32768 -32768 -32768
-32768 -32768 -32768 -32768 -32768 -32768 -32768 -32768 -32768 -32768 -32768 -32768 -32768 -32768 -32768 -32768 -32768 -32768 132 -32768 127 123 -32768 -32768 -32768 -32768 -32768 -32768 -32768 -32768 -32768 -32768 -32768 -32768 -32768 -32768 -32768 -32768 -32768 -32768 -32768 -32768 -32768 -32768 -32768 -32768 -32768 -32768 -32768 -32768 -32768 -32768 -32768 -32768 -32768 -32768 -32768 -32768 -32768 -32768 -32768 -32768 -32768 -32768 -32768 -32768 -32768 -32768 -32768 -32768 -32768 -32768 -32768 -32768 -32768 -32768 -32768 -32768 -32768 -32768 -32768 -32768 -32768 -32768 -32768 -32768 -32768 -32768 -32768 -32768 -32768
-32768 -32768 -32768 -32768 -32768 -32768 -32768 -32768 -32768 -32768 -32768 -32768 -32768 -32768 -32768 -32768 134 143 130 130 130 127 126 122 120 -32768 -32768 -32768 -32768 -32768 -32768 -32768 -32768 -32768 -32768 -32768 -32768 -32768 -32768 -32768 -32768 -32768 -32768 -32768 -32768 -32768 -32768 -32768 -32768 -32768 -32768 -32768 -32768 -32768 -32768 -32768 -32768 -32768 -32768 -32768 -32768 -32768 -32768 -32768 -32768 -32768 -32768 -32768 -32768 -32768 -32768 -32768 -32768 -32768 -32768 -32768 -32768 -32768 -32768 -32768 -32768 -32768 -32768 -32768 -32768 -32768 -32768 -32768 -32768 -32768 -32768
-32768 -32768 -32768 -32768 -32768 -32768 -32768 -32768 -32768 -32768 -32768 -32768 -32768 -32768 130 134 135 138 132 138 138 129 134 132 125 118 -32768 -32768 -32768 -32768 -32768 -32768 -32768 -32768 -32768 -32768 -32768 -32768 114 -32768 115 115 117 117 115 -32768 -32768 -32768 -32768 -32768 -32768 -32768 -32768 -32768 -32768 -32768 -32768 -32768 -32768 -32768 -32768 -32768 -32768 -32768 -32768 -32768 -32768 -32768 -32768 -32768 -32768 -32768 -32768 -32768 -32768 -32768 -32768 -32768 -32768 -32768 -32768 -32768 -32768 -32768 -32768 -32768 -32768 -32768 -32768 -32768 -32768
-32768 -32768 -32768 -32768 -32768 -32768 -32768 -32768 -32768 -32768 -32768 -32768 -32768 135 132 134 136 139 145 148 144 137 142 127 121 120 119 118 114 115 114 116 113 117 114 115 118 120 119 118 118 117 117 118 114 114 116 115 112 113 -32768 -32768 -32768 -32768 -32768 -32768 -32768 -32768 -32768 -32768 -32768 -32768 -32768 -32768 -32768 -32768 -32768 -32768 -32768 144 146 -32768 -32768 -32768 -32768 -32768 -32768 -32768 -32768 -32768 -32768 -32768 -32768 -32768 -32768 -32768 -32768 -32768 -32768 -32768 -32768
-32768 -32768 -32768 -32768 -32768 -32768 -32768 -32768 -32768 -32768 -32768 -32768 -32768 135 132 143 151 153 146 150 154 154 151 138 126 121 124 117 116 121 123 123 117 125 120 118 121 125 119 116 120 121 119 117 116 118 117 113 113 113 113 111 110 110 109 109 109 -32768 -32768 -32768 -32768 -32768 -32768 123 126 129 132 135 138 142 143 146 -32768 -32768 -32768 -32768 -32768 165 164 163 162 -32768 -32768 -32768 -32768 -32768 -32768 -32768 -32768 -32768 -32768
-32768 -32768 -32768 -32768 -32768 -32768 144 138 -32768 -32768 -32768 139 135 137 137 146 154 154 155 149 148 145 147 140 134 129 122 121 128 134 128 122 123 126 119 123 125 120 116 116 114 114 118 116 115 115 114 113 111 110 108 108 110 111 112 114 112 111 111 112 114 116 119 121 122 125 128 131 134 137 139 141 145 147 150 153 158 162 162 160 158 157 155 152 -32768 -32768 -32768 -32768 -32768 154 162
-32768 -32768 -32768 -32768 -32768 144 142 144 150 149 149 148 142 141 140 150 157 163 157 150 145 141 136 135 131 129 122 131 132 129 120 122 130 128 119 116 116 119 117 118 118 116 114 114 113 112 113 112 110 112 109 107 110 113 113 110 112 110 111 111 112 114 115 117 118 120 122 124 126 129 132 135 137 140 142 147 150 157 156 154 151 150 149 149 148 147 149 150 153 154 157
-32768 -32768 141 141 143 147 148 151 151 159 173 169 162 153 153 162 163 164 158 153 145 141 134 131 130 131 125 128 129 123 117 126 131 121 116 117 123 120 121 120 115 123 115 110 111 111 109 109 108 114 110 108 115 130 121 125 122 108 111 109 109 110 111 112 113 114 115 117 118 121 123 127 129 131 135 139 140 141 145 144 142 140 140 140 141 142 146 148 149 152 155
-32768 -32768 139 142 149 152 164 172 173 181 180 177 178 173 174 175 170 167 160 155 149 140 135 133 133 134 126 134 127 128 120 125 128 120 117 124 130 120 125 120 121 113 112 108 110 108 108 112 115 111 113 116 110 118 122 116 105 103 105 113 108 107 108 108 108 109 109 110 114 115 116 117 120 124 126 129 130 132 132 132 129 130 130 130 132 134 136 138 141 145 147
-32768 141 142 147 160 166 173 179 184 184 185 179 180 179 176 175 174 175 167 156 151 143 138 137 135 137 134 125 123 116 116 126 131 120 128 126 140 139 134 140 129 133 113 107 121 122 116 120 122 112 117 110 107 114 113 120 119 111 106 108 116 111 105 104 104 104 104 105 106 107 109 110 112 113 114 117 120 120 118 119 119 119 119 120 122 123 125 129 133 136 138
-32768 139 142 154 165 173 178 181 185 187 187 187 187 186 183 177 178 174 170 160 156 148 137 132 130 135 130 128 116 116 122 122 128 128 132 136 127 125 124 126 120 119 122 116 112 114 110 114 109 102 106 105 104 102 107 115 117 112 105 101 112 107 99 98 98 98 99 99 99 100 102 103 104 106 107 108 109 109 109 109 109 109 110 112 116 116 116 120 124 127 131
-32768 138 -32768 150 172 176 176 185 181 179 193 199 189 187 183 174 171 169 167 163 153 144 136 129 129 130 133 122 118 125 135 142 138 127 127 123 126 133 126 128 126 116 107 115 105 103 100 104 97 96 100 97 100 97 103 103 103 102 96 94 94 94 93 94 93 94 93 93 93 95 95 96 97 99 100 100 101 101 101 100 99 98 98 99 101 107 109 112 116 120 123
-32768 -32768 -32768 150 157 161 166 199 189 186 185 192 186 184 191 184 181 178 167 165 156 142 143 138 127 136 136 128 127 129 145 130 120 110 111 120 129 128 124 114 106 101 98 95 97 91 89 91 88 89 89 89 91 89 92 94 90 90 90 89 88 87 87 89 88 88 89 88 89 90 89 90 90 91 92 94 92 92 91 91 91 92 94 94 99 102 102 104 110 111 114
-32768 -32768 -32768 147 164 191 181 191 183 194 203 199 210 203 198 195 186 183 179 163 149 152 148 138 135 141 147 146 137 127 130 114 104 104 101 106 107 104 104 106 103 96 91 88 88 83 82 83 81 83 82 83 83 84 85 85 84 83 84 82 83 82 84 84 84 84 84 83 84 85 84 83 85 85 87 87 84 83 82 83 82 82 87 84 85 87 90 92 94 98 105
-32768 -32768 -32768 -32768 162 182 169 179 200 203 218 223 223 219 204 196 193 187 181 162 149 148 140 127 133 142 137 139 142 126 114 103 96 93 93 92 92 95 99 94 89 87 84 82 80 76 76 76 76 77 76 78 77 79 80 79 79 78 78 78 77 77 79 79 79 79 80 80 80 79 77 76 77 78 78 79 78 77 75 77 80 81 78 77 78 77 73 78 84 87 92
-32768 -32768 -32768 -32768 161 163 169 183 194 212 226 229 225 221 212 201 196 190 177 165 149 143 127 124 126 131 130 138 135 123 106 96 90 89 91 99 104 104 99 89 84 82 78 76 74 72 71 71 71 72 73 73 72 74 74 73 74 73 73 73 72 72 72 73 73 73 75 75 75 73 72 73 73 73 73 73 71 69 68 66 64 65 64 66 67 66 66 69 71 77 82
-32768 -32768 -32768 -32768 162 174 178 196 222 212 230 237 231 222 207 194 183 173 165 156 148 137 131 133 129 123 119 131 121 112 103 96 103 113 107 113 112 99 89 83 79 77 73 72 70 69 67 67 67 68 69 69 68 69 70 69 68 68 68 68 68 68 68 68 68 69 70 69 69 69 69 69 69 70 69 68 67 65 64 63 61 62 60 59 58 59 61 64 66 68 74
-32768 -32768 -32768 -32768 -32768 170 184 189 224 223 237 239 232 222 202 177 172 158 147 143 159 157 144 138 144 140 116 109 122 122 108 120 120 112 127 126 113 96 88 82 76 72 70 68 67 66 64 64 65 65 65 65 64 65 65 65 64 64 64 64 63 64 64 64 65 65 65 64 63 64 66 67 71 70 68 72 73 69 67 62 63 69 64 62 60 61 61 61 62 64 66
-32768 -32768 -32768 -32768 -32768 -32768 185 199 229 225 247 241 229 225 204 171 166 165 147 145 155 152 160 158 154 156 128 120 126 136 136 136 131 120 107 109 115 101 86 77 73 70 67 65 64 63 61 62 62 61 61 61 61 61 61 61 61 60 60 60 60 60 60 61 62 61 60 60 61 63 65 67 71 76 77 79 74 81 74 66 73 77 72 73 75 70 73 65 61 61 62
-32768 -32768 -32768 -32768 -32768 -32768 171 197 219 241 226 219 225 217 194 177 172 164 161 156 154 146 160 168 168 169 147 125 133 137 146 154 145 130 126 117 103 95 84 76 71 68 65 62 61 60 59 59 59 58 58 58 58 58 58 58 58 57 56 56 57 57 58 59 58 58 58 59 60 62 64 69 77 80 86 86 85 88 78 75 78 72 77 73 79 72 71 66 63 63 61
-32768 -32768 -32768 -32768 -32768 -32768 194 196 241 206 212 201 213 187 190 191 194 181 174 167 153 150 151 157 161 153 138 129 137 142 149 142 120 108 105 100 93 84 77 73 68 65 63 60 59 57 57 56 56 56 55 56 56 56 55 55 54 54 53 54 56 55 56 55 56 56 57 58 60 62 65 64 66 70 72 74 77 73 76 84 80 77 82 85 81 76 76 72 69 68 61
-32768 -32768 -32768 -32768 -32768 -32768 219 229 210 197 198 203 195 213 217 215 203 188 173 162 154 147 150 132 143 141 133 134 135 137 138 135 110 103 97 91 86 80 74 70 66 62 60 58 56 55 54 54 54 53 53 54 54 53 53 53 52 51 51 53 53 53 54 55 56 56 56 57 58 59 61 64 63 64 69 80 83 85 90 88 89 89 88 83 78 80 77 74 67 63 62
-32768 -32768 -32768 -32768 -32768 -32768 205 188 193 205 231 215 216 224 210 198 184 181 183 179 165 156 142 122 131 133 125 125 125 121 120 124 104 98 95 92 84 79 74 70 65 61 58 55 53 52 52 51 51 51 51 52 52 52 52 51 51 52 51 51 52 53 54 56 57 56 57 58 59 60 63 64 67 63 65 67 69 74 82 79 85 79 79 76 80 81 78 73 67 65 64
-32768 -32768 -32768 -32768 -32768 -32768 180 187 212 209 225 198 197 198 192 184 193 198 191 184 178 153 143 122 130 138 125 121 123 118 111 107 96 94 88 86 84 81 78 72 67 61 57 54 51 50 49 49 49 49 50 50 50 51 52 52 52 51 49 51 52 53 55 55 56 57 56 57 58 58 60 61 63 65 65 66 69 70 70 69 69 69 70 69 70 74 76 73 71 71 68
-32768 -32768 -32768 -32768 -32768 -32768 183 194 206 179 190 183 185 191 204 205 207 186 189 181 176 164 146 124 132 140 124 120 115 116 116 104 92 93 86 83 81 76 71 69 65 59 54 52 50 48 47 47 48 48 48 49 50 51 51 51 50 49 49 51 52 53 53 54 55 54 55 55 56 56 57 58 59 60 63 64 65 67 68 68 69 69 67 67 68 70 72 72 73 73 87
-32768 -32768 -32768 -32768 -32768 -32768 185 183 178 184 190 194 182 185 186 182 173 183 190 186 172 154 139 137 146 133 120 112 115 119 122 105 97 89 83 84 81 76 70 65 62 58 53 50 48 46 45 45 46 47 48 49 49 50 50 50 50 50 50 51 51 52 53 54 54 52 52 53 54 54 55 56 57 58 59 61 61 64 63 65 67 67 66 66 65 67 68 69 72 76 79
-32768 -32768 -32768 -32768 -32768 -32768 -32768 179 181 178 175 165 165 166 174 173 195 196 186 171 165 152 142 160 141 126 113 107 113 118 115 108 95 87 82 80 77 74 69 65 61 56 52 49 46 44 45 45 45 46 46 47 48 49 49 49 49 49 49 49 50 51 51 51 53 52 53 53 54 54 55 55 56 57 57 59 59 60 61 62 62 63 65 65 64 65 67 68 70 72 73
-32768 -32768 -32768 -32768 -32768 -32768 -32768 177 178 171 168 167 176 167 164 182 180 174 171 162 177 170 174 162 137 120 111 111 114 114 106 100 89 83 80 79 77 72 67 63 60 55 51 47 44 43 43 43 43 44 44 45 46 46 47 47 47 48 50 50 51 52 53 52 53 54 55 55 55 57 57 58 57 56 56 56 57 59 59 59 61 62 63 63 65 67 66 66 69 68 69
-32768 -32768 -32768 -32768 -32768 -32768 -32768 171 172 172 168 172 165 165 170 180 179 155 174 191 190 184 171 156 147 137 115 114 122 125 105 94 87 82 79 78 76 69 67 64 58 55 50 46 44 43 43 43 43 42 43 44 44 45 46 46 46 47 50 51 52 52 53 53 53 54 57 60 61 60 56 57 58 58 59 59 58 59 59 60 60 60 61 63 66 66 63 64 65 66 64
-32768 -32768 -32768 -32768 -32768 -32768 -32768 170 169 167 164 163 163 169 167 181 175 160 184 210 186 183 174 156 135 126 122 121 111 113 101 96 96 92 85 78 72 70 68 64 60 56 52 48 46 45 44 44 44 44 44 44 45 46 46 46 46 48 48 48 50 50 51 52 53 52 56 59 58 57 56 57 58 61 62 63 65 65 62 61 63 64 63 63 64 62 60 61 63 63 63
-32768 -32768 -32768 -32768 -32768 -32768 -32768 -32768 167 168 167 171 177 172 165 166 158 188 203 182 176 181 162 165 141 146 138 115 108 107 97 99 98 90 80 74 73 71 68 65 61 58 55 52 49 47 46 45 44 45 45 45 45 45 45 46 47 47 48 48 49 50 51 52 53 53 54 56 55 56 59 64 67 67 68 68 67 65 64 63 63 64 65 65 64 60 59 58 59 58 60
-32768 -32768 -32768 -32768 -32768 -32768 -32768 -32768 164 165 165 164 169 165 167 158 188 198 196 161 171 169 149 146 146 154 144 113 112 112 103 103 95 89 81 80 77 72 67 64 62 59 57 53 50 49 48 47 45 45 45 45 45 46 46 47 47 49 48 49 50 51 51 52 53 54 55 56 57 58 64 76 76 73 70 72 67 61 62 61 60 65 65 66 64 61 60 62 64 64 62
-32768 -32768 -32768 -32768 -32768 -32768 -32768 -32768 161 163 160 158 163 167 162 169 175 173 177 163 168 164 156 155 144 135 126 111 118 115 104 98 95 92 85 80 77 74 69 65 61 58 55 52 49 48 48 47 46 45 46 46 46 46 47 48 48 50 50 50 51 52 52 53 55 57 58 59 62 69 75 74 67 70 65 66 64 62 61 59 59 64 65 66 67 69 70 70 69 68 67
-32768 -32768 -32768 -32768 -32768 -32768 -32768 -32768 -32768 158 161 154 158 161 174 201 195 218 211 189 193 183 180 176 165 147 137 115 111 105 100 94 95 92 85 82 77 74 71 67 63 59 56 53 50 49 48 48 47 46 46 47 47 47 48 49 49 51 51 51 53 52 53 55 57 60 70 71 71 60 60 69 63 58 60 62 56 56 57 57 60 62 65 66 67 70 73 72 70 73 72
-32768 -32768 -32768 -32768 -32768 -32768 -32768 -32768 -32768 152 160 165 170 171 175 188 211 223 216 213 209 193 174 179 178 158 134 121 122 115 105 104 99 93 86 82 79 74 70 68 65 60 57 54 52 49 47 46 47 48 48 49 49 49 50 50 50 51 52 53 53 53 53 56 59 73 79 67 59 56 56 58 58 54 54 54 53 52 54 56 60 63 64 65 66 67 70 72 73 73 71
-32768 -32768 -32768 -32768 -32768 -32768 -32768 -32768 147 148 155 164 179 206 206 201 185 188 193 202 203 197 184 182 177 158 136 126 127 124 113 104 101 95 88 83 79 74 70 67 64 61 59 56 53 51 49 47 48 49 49 51 51 51 51 51 51 52 54 55 55 55 56 59 64 80 65 70 65 57 56 55 54 54 52 50 51 54 58 59 60 61 63 65 67 64 68 69 72 69 71
-32768 -32768 -32768 -32768 -32768 -32768 -32768 -32768 145 145 149 158 189 180 191 188 170 175 185 190 189 185 182 176 175 156 139 134 124 123 119 109 101 96 91 85 79 76 72 68 66 63 61 59 57 55 50 50 49 50 51 53 54 54 53 54 53 55 56 58 58 58 63 75 76 82 75 60 57 57 56 56 56 54 52 50 50 55 57 58 57 58 63 64 63 65 67 68 69 71 71
-32768 -32768 -32768 -32768 -32768 -32768 -32768 -32768 143 142 146 150 158 178 174 181 172 181 182 175 172 170 171 166 157 149 144 141 133 125 122 112 103 95 93 87 81 77 74 71 67 66 65 63 57 53 51 51 52 53 55 59 59 60 61 61 58 59 60 65 65 67 68 65 59 57 55 56 57 57 57 57 56 55 52 51 54 55 56 59 55 54 56 59 64 70 73 74 72 73 76
-32768 -32768 -32768 -32768 -32768 -32768 -32768 141 141 142 142 143 154 170 193 200 172 167 166 166 169 172 162 152 151 150 162 150 138 131 123 115 104 94 88 86 84 81 78 76 74 69 64 61 58 55 54 55 57 60 61 66 66 65 62 59 59 61 64 67 69 67 70 59 52 54 55 56 57 58 58 59 58 56 53 53 52 52 57 59 54 57 61 64 66 68 72 75 75 76 77
-32768 -32768 -32768 -32768 -32768 -32768 -32768 139 140 141 140 140 146 170 197 160 158 156 161 159 159 155 161 190 191 172 164 153 142 131 127 116 104 97 89 85 89 89 93 81 75 67 63 62 61 57 57 59 59 60 65 72 65 62 63 66 66 64 59 61 57 57 59 52 51 52 54 55 58 59 60 60 59 56 55 54 51 53 56 55 52 58 59 61 60 62 66 71 75 81 81
