DATA/PredictorVariables/1_WorldClim_R/bio12.asc
NCOLS 166 
NROWS 105 
XLLCORNER -9.41666666666667 
YLLCORNER 35.1666666666667 
CELLSIZE 0.0833333333333333 
NODATA_value -32768 
[rows 38 to 75 of 105, columns 0 to 84 of 166]
-32768 -32768 -32768 -32768 -32768 -32768 -32768 -32768 1038 1034 1057 1085 1125 1236 1206 1237 1177 1217 1218 1165 1145 1126 1127 1102 1048 999 974 963 917 872 862 807 762 720 714 678 629 606 584 564 536 532 527 513 474 443 435 428 428 429 435 454 448 451 449 439 412 410 417 468 472 509 531 518 488 489 477 472 483 455 434 444 446 446 421 425 469 471 472 490 455 440 446 465 497
-32768 -32768 -32768 -32768 -32768 -32768 -32768 1015 1020 1030 1026 1031 1094 1184 1313 1348 1172 1135 1120 1113 1128 1138 1079 1015 1012 1005 1085 1016 948 917 874 829 762 709 679 666 654 636 617 604 593 555 519 498 479 462 457 458 468 484 489 517 509 492 463 427 417 427 454 483 513 508 543 479 448 473 472 451 448 439 432 445 437 434 412 447 457 452 481 491 448 466 489 511 515
-32768 -32768 -32768 -32768 -32768 -32768 -32768 1001 1007 1016 1007 1007 1043 1182 1333 1108 1087 1069 1093 1073 1067 1041 1072 1249 1257 1146 1099 1037 973 914 900 830 763 723 685 666 694 702 735 641 600 542 510 511 503 478 482 495 489 487 522 587 508 468 471 490 483 459 420 434 421 435 463 439 439 438 442 439 453 446 441 443 431 421 445 456 437 460 477 465 437 473 475 481 472
-32768 -32768 -32768 -32768 -32768 -32768 -32768 981 994 998 1005 990 1051 1117 1092 1059 1035 1045 1043 1068 1085 1287 1527 1372 1221 1086 1101 1025 956 929 910 826 780 772 732 695 695 674 646 613 508 491 505 494 523 514 487 482 501 581 642 638 604 609 557 476 427 400 401 391 388 408 419 414 416 420 443 444 451 451 437 434 434 449 462 450 451 469 464 440 434 446 434 442 450
-32768 -32768 -32768 -32768 -32768 -32768 945 965 976 986 997 984 1058 1049 997 1005 1015 1039 1079 1102 1321 1708 1537 1163 1005 969 1030 1029 977 967 925 877 830 787 755 786 714 663 555 504 496 519 518 571 705 640 517 531 625 648 635 624 548 531 480 458 479 490 454 386 383 389 391 391 409 419 440 450 437 444 439 435 447 460 457 441 451 445 421 435 427 466 481 450 477
-32768 -32768 -32768 -32768 -32768 -32768 937 952 964 977 970 965 1036 1030 981 1003 1017 1035 1107 1156 1265 1540 1466 1027 947 957 955 987 1020 1002 1000 915 851 840 750 687 613 568 526 485 498 503 523 713 807 636 588 642 695 763 702 631 509 531 522 424 369 385 395 395 391 379 375 392 410 415 432 440 435 431 426 435 455 453 442 450 443 421 438 461 439 450 473 481 498
-32768 -32768 -32768 -32768 -32768 -32768 944 938 922 926 925 937 996 994 1008 1004 1052 1178 1310 1357 1149 1066 1012 973 962 915 898 906 908 816 769 870 739 667 619 583 584 530 498 476 459 539 667 562 639 798 761 726 522 588 526 420 375 393 352 361 371 383 393 375 362 368 383 400 408 409 429 430 431 428 424 431 437 441 443 436 421 422 464 472 455 489 482 486 492
-32768 -32768 -32768 -32768 -32768 -32768 886 892 902 904 910 964 979 966 1079 1161 1204 1205 1258 1192 1063 1071 1065 1010 940 858 839 830 782 733 717 708 651 594 578 575 558 518 495 479 487 552 536 590 503 478 455 417 369 363 357 359 367 365 370 394 408 367 359 358 367 380 390 398 399 411 414 418 430 416 418 435 449 443 426 414 421 438 470 480 474 492 500 504 525
-32768 -32768 -32768 -32768 -32768 -32768 871 890 884 882 955 993 983 1152 1252 1177 1114 1113 1072 1022 1125 1034 1073 925 856 839 806 809 800 760 681 641 596 576 567 548 521 490 474 475 480 478 476 463 415 393 376 371 365 359 363 361 360 363 374 366 358 356 361 364 370 379 387 390 388 401 398 412 410 407 416 417 423 418 421 436 442 451 467 476 483 489 510 511 534
-32768 -32768 -32768 -32768 -32768 840 857 880 877 883 984 970 993 1093 1069 1021 1046 1110 1108 1103 1035 902 902 878 828 805 771 759 736 697 660 655 603 575 554 531 503 487 492 492 471 439 416 406 395 387 381 374 369 367 366 366 367 368 360 362 360 362 369 380 382 380 379 379 389 390 390 394 404 423 437 443 444 442 449 450 452 454 465 475 468 473 493 502 514
-32768 -32768 -32768 -32768 -32768 815 818 861 881 882 935 931 974 976 963 1009 1074 1112 1166 1019 908 857 862 852 811 736 723 708 712 679 648 620 605 576 556 542 525 524 526 490 463 432 415 409 400 396 399 385 378 382 387 375 374 366 372 382 376 372 369 370 375 379 376 386 391 389 392 401 405 419 434 437 439 441 442 445 444 451 463 467 467 475 478 495 497
-32768 -32768 -32768 -32768 792 805 805 832 876 915 910 886 934 919 924 931 964 1036 1042 919 865 853 850 794 736 727 705 713 682 661 643 616 586 566 558 547 540 511 484 471 452 447 436 429 410 414 416 396 396 394 392 378 384 383 386 398 395 390 392 390 378 389 404 408 416 420 417 415 417 414 417 428 429 435 436 434 440 446 462 469 472 463 470 485 485
-32768 -32768 -32768 -32768 787 807 814 819 871 881 856 839 869 915 882 921 917 932 890 835 834 803 775 766 766 740 708 704 675 640 620 622 605 581 544 512 508 503 500 486 470 466 463 470 469 459 440 441 441 429 414 412 412 431 421 423 421 423 414 416 409 418 427 421 431 431 429 428 427 424 424 422 430 429 431 434 437 439 451 456 467 459 467 483 477
-32768 -32768 -32768 -32768 764 768 807 853 932 870 841 819 811 854 846 881 908 894 839 801 778 759 771 767 746 716 721 681 658 648 634 624 611 597 560 531 511 498 489 481 466 464 463 464 465 471 479 476 499 466 466 437 428 471 465 470 463 465 454 453 432 433 443 449 443 443 442 434 432 428 429 428 430 423 423 429 430 443 456 447 450 460 454 471 469
-32768 -32768 -32768 716 744 762 876 924 907 891 786 775 776 808 822 823 823 815 805 776 792 780 785 752 748 736 742 715 666 625 617 607 590 578 561 542 509 503 487 474 472 469 475 476 479 477 475 528 527 529 480 475 446 448 472 476 474 512 463 501 482 476 469 470 466 454 435 432 430 430 427 427 422 420 420 423 424 428 438 434 438 450 452 450 446
-32768 -32768 692 699 737 794 852 833 783 760 746 741 756 753 746 750 745 777 782 794 789 786 787 803 773 749 729 730 691 638 609 591 567 556 545 538 533 512 501 483 480 477 488 492 533 506 497 534 557 486 461 448 452 429 434 432 442 458 447 461 453 445 438 478 503 483 457 441 442 432 427 426 419 418 424 430 424 422 423 426 425 429 429 436 433
637 670 677 704 729 766 739 741 747 726 716 730 769 766 762 752 771 775 766 760 765 773 783 837 866 818 771 727 690 665 640 599 597 574 542 528 522 516 511 501 498 498 494 493 523 530 515 495 483 468 443 447 433 432 427 434 439 451 468 476 479 446 458 467 465 479 463 447 455 463 438 422 417 415 416 420 418 414 418 419 420 421 422 422 422
651 685 698 709 722 724 713 718 717 701 704 731 742 753 755 752 740 734 738 721 730 728 740 777 865 839 736 666 654 633 598 574 578 555 548 545 519 521 525 513 508 508 488 472 476 461 462 458 474 467 444 441 437 462 448 445 455 450 454 451 435 430 443 468 463 447 451 464 461 477 439 420 415 413 413 415 414 415 416 418 417 420 416 418 419
682 686 703 715 778 716 712 708 691 689 709 717 719 723 731 719 705 716 711 696 700 722 719 711 726 727 696 645 618 618 574 562 558 551 550 546 534 527 524 548 520 482 476 465 466 457 461 451 455 463 460 450 450 464 479 466 459 451 459 474 452 431 431 456 454 439 426 425 441 429 414 415 417 416 417 417 416 415 415 419 424 425 425 421 417
698 700 718 754 727 700 703 682 675 686 695 702 709 709 707 689 695 695 682 677 681 683 701 692 678 656 645 614 584 578 551 551 543 538 533 518 515 522 511 502 478 473 465 461 463 460 457 455 460 466 464 472 475 472 479 492 470 465 479 484 473 459 444 450 450 428 418 417 417 417 417 418 420 419 419 419 420 422 429 433 435 434 435 438 428
725 726 750 767 740 682 674 669 675 683 684 688 680 677 679 671 677 673 670 662 662 660 653 655 651 631 608 599 576 542 533 522 519 516 510 505 498 505 509 495 477 472 469 468 467 469 480 486 468 474 477 472 478 483 487 496 496 482 470 464 483 471 444 451 434 423 419 418 419 421 422 421 422 425 428 430 434 440 456 460 457 459 451 458 451
768 795 794 802 743 679 668 665 669 666 662 652 658 660 657 654 648 649 666 664 668 661 654 647 646 648 624 572 548 528 520 510 505 505 500 497 494 501 499 477 479 478 480 482 482 482 480 483 493 491 481 494 520 503 504 500 491 484 494 475 470 470 454 455 441 434 429 426 427 430 428 430 429 435 443 448 458 461 454 461 465 473 477 483 468
804 820 804 743 705 671 666 664 665 667 662 658 660 649 649 652 648 645 651 648 653 679 676 655 636 649 618 559 530 521 515 507 502 498 498 500 503 498 493 493 496 493 504 503 504 506 494 500 504 508 501 493 510 497 502 508 509 518 515 490 482 489 476 457 451 442 438 443 441 445 456 448 434 438 448 454 456 469 468 462 470 471 474 480 472
830 825 784 720 687 665 664 663 659 654 656 654 656 653 655 662 658 649 652 646 647 647 671 669 616 590 564 538 533 530 526 517 516 512 513 519 520 506 518 522 529 528 524 545 522 522 512 522 528 533 532 525 502 517 516 510 503 517 513 518 503 493 490 484 478 485 466 453 449 447 451 450 445 453 453 451 455 469 471 473 472 474 474 471 463
780 769 747 712 672 668 657 653 653 655 650 648 644 653 663 670 669 655 647 645 634 654 642 615 609 559 545 550 542 541 536 528 524 525 522 528 535 524 515 530 548 553 545 543 545 537 548 550 563 554 547 529 518 520 512 509 516 516 517 524 531 517 504 495 499 507 493 463 463 467 459 457 454 457 459 457 458 464 471 482 477 462 463 481 495
-32768 718 720 694 676 668 657 647 641 638 636 637 651 660 661 665 666 651 625 618 605 601 605 589 564 555 544 553 561 568 562 547 545 544 540 545 550 546 534 550 557 570 573 557 571 571 584 573 560 548 545 541 539 555 534 540 550 542 541 538 541 535 525 522 513 495 485 497 472 480 471 469 462 470 478 470 467 465 480 464 461 433 469 519 548
-32768 -32768 709 695 685 685 653 631 624 633 623 621 641 640 643 653 636 618 612 600 590 588 591 585 562 540 549 555 572 580 592 612 590 602 563 562 575 570 562 549 587 586 581 573 600 608 593 586 566 572 573 572 568 563 555 549 547 557 580 586 564 549 540 511 507 513 502 487 491 489 489 488 483 480 477 470 458 473 458 434 431 460 536 553 554
-32768 -32768 709 710 705 704 632 620 613 613 609 607 601 611 612 604 604 600 597 584 574 578 576 567 547 533 543 552 560 578 600 640 644 636 605 576 601 594 585 569 577 587 602 598 609 605 597 601 602 594 597 595 587 587 587 581 574 564 559 571 600 588 578 564 523 501 521 538 548 545 505 493 484 471 460 465 463 453 431 426 447 470 482 522 526
-32768 -32768 -32768 -32768 -32768 -32768 -32768 614 613 605 593 589 595 588 607 600 594 593 606 589 579 566 560 545 534 537 541 544 566 571 602 621 569 584 590 607 610 613 615 604 596 613 604 611 613 613 615 620 618 618 623 619 612 609 611 605 597 594 588 573 569 556 566 561 555 504 528 520 517 528 509 496 469 450 446 450 443 430 405 414 434 446 502 531 485
-32768 -32768 -32768 -32768 -32768 -32768 -32768 609 609 609 599 587 578 568 577 581 588 590 581 588 600 575 550 539 529 535 535 542 546 567 580 568 563 572 577 595 609 625 631 632 629 627 626 626 628 623 633 635 622 623 624 639 650 626 620 623 614 613 605 605 597 584 551 563 544 516 510 506 490 482 475 451 435 435 448 446 426 400 440 480 444 529 563 500 487
-32768 -32768 -32768 -32768 -32768 -32768 -32768 608 611 617 589 585 574 560 559 559 562 568 578 573 574 562 547 532 533 530 536 538 539 539 568 592 633 630 609 600 618 634 618 628 646 649 641 630 623 611 623 647 655 658 644 637 639 646 630 619 619 620 605 600 587 595 553 554 542 514 527 485 468 462 456 428 441 454 451 435 420 441 462 480 477 564 553 506 569
-32768 -32768 -32768 -32768 -32768 -32768 -32768 590 615 640 598 577 562 560 551 552 557 563 555 547 537 526 531 535 530 527 526 535 547 557 570 600 627 631 655 651 645 663 655 621 612 634 665 653 646 628 624 626 635 643 662 668 656 633 637 622 610 613 598 562 559 555 540 536 524 519 490 476 461 467 432 433 440 426 420 431 441 457 561 462 559 608 593 584 573
-32768 -32768 -32768 -32768 -32768 -32768 584 585 609 620 600 575 559 551 550 555 569 563 562 545 542 525 535 539 548 539 541 566 587 607 598 578 621 660 657 659 705 692 660 647 618 612 627 657 677 665 645 627 614 636 642 663 668 658 648 640 605 597 579 554 542 529 514 501 492 482 475 469 465 451 462 482 489 472 441 409 421 517 527 543 663 629 654 629 615
-32768 -32768 -32768 -32768 -32768 -32768 583 581 607 591 574 560 548 546 548 556 552 552 559 550 530 528 536 537 544 545 536 547 554 574 619 627 631 637 607 601 632 649 626 647 665 619 650 669 657 688 685 661 649 632 635 658 653 648 647 638 607 577 565 546 551 535 530 529 510 497 495 471 463 453 456 452 432 420 410 410 423 483 548 640 686 606 607 554 514
-32768 -32768 -32768 -32768 -32768 -32768 -32768 568 592 579 565 550 547 552 559 560 552 547 542 533 530 519 530 540 538 526 541 574 591 596 628 632 656 653 650 627 601 608 625 624 627 599 634 643 652 675 667 652 627 638 627 635 634 636 632 616 602 594 581 571 565 555 537 538 525 512 519 491 489 490 477 455 451 429 408 423 481 606 611 648 595 508 522 503 465
-32768 -32768 -32768 -32768 -32768 -32768 -32768 561 588 573 560 550 549 557 567 563 555 544 536 532 530 519 533 534 525 526 546 563 552 557 566 561 576 585 613 624 607 590 616 622 630 595 596 623 627 637 632 624 629 616 604 614 619 626 634 627 612 609 592 579 577 552 543 538 545 552 563 526 505 543 561 562 530 457 436 418 510 626 526 491 479 456 454 464 467
-32768 -32768 -32768 -32768 -32768 -32768 -32768 545 562 559 568 573 555 551 561 567 555 548 544 536 529 519 529 516 521 515 520 528 522 520 534 525 557 584 596 603 611 595 591 598 607 614 581 590 601 623 614 594 596 602 611 626 633 637 643 640 623 598 592 580 574 555 550 554 554 582 607 563 555 554 603 682 542 523 492 458 427 466 472 448 439 428 449 472 456
-32768 -32768 -32768 -32768 -32768 -32768 -32768 540 538 539 561 573 582 560 565 568 562 558 541 528 517 512 515 504 505 513 525 529 511 505 530 529 560 572 564 592 593 591 584 591 585 598 582 573 576 587 587 596 605 615 621 626 638 642 641 633 633 611 605 602 585 578 554 552 587 572 604 654 607 560 573 573 552 535 500 458 427 442 439 415 404 425 461 526 538
