DATA/PredictorVariables/1_WorldClim_R/bio16.asc
NCOLS 166 
NROWS 105 
XLLCORNER -9.41666666666667 
YLLCORNER 35.1666666666667 
CELLSIZE 0.0833333333333333 
NODATA_value -32768 
[rows 0 to 37 of 105, columns 0 to 84 of 166]
-32768.000000000000000 -32768 -32768 -32768 -32768 -32768 -32768 -32768 -32768 -32768 -32768 -32768 -32768 -32768 -32768 -32768 -32768 -32768 -32768 -32768 -32768 -32768 -32768 -32768 -32768 -32768 -32768 -32768 -32768 -32768 -32768 -32768 -32768 -32768 -32768 -32768 -32768 -32768 -32768 -32768 -32768 -32768 -32768 -32768 -32768 -32768 -32768 -32768 -32768 -32768 -32768 -32768 -32768 -32768 -32768 -32768 -32768 -32768 -32768 -32768 -32768 -32768 -32768 -32768 -32768 -32768 -32768 -32768 -32768 -32768 -32768 -32768 -32768 -32768 -32768 -32768 -32768 -32768 -32768 -32768 -32768 -32768 -32768 -32768 -32768
-32768 -32768 -32768 -32768 -32768 -32768 -32768 -32768 -32768 -32768 -32768 -32768 -32768 -32768 -32768 -32768 -32768 -32768 374 -32768 356 343 -32768 -32768 -32768 -32768 -32768 -32768 -32768 -32768 -32768 -32768 -32768 -32768 -32768 -32768 -32768 -32768 -32768 -32768 -32768 -32768 -32768 -32768 -32768 -32768 -32768 -32768 -32768 -32768 -32768 -32768 -32768 -32768 -32768 -32768 -32768 -32768 -32768 -32768 -32768 -32768 -32768 -32768 -32768 -32768 -32768 -32768 -32768 -32768 -32768 -32768 -32768 -32768 -32768 -32768 -32768 -32768 -32768 -32768 -32768 -32768 -32768 -32768 -32768
-32768 -32768 -32768 -32768 -32768 -32768 -32768 -32768 -32768 -32768 -32768 -32768 -32768 -32768 -32768 -32768 385 412 369 368 367 355 351 338 329 -32768 -32768 -32768 -32768 -32768 -32768 -32768 -32768 -32768 -32768 -32768 -32768 -32768 -32768 -32768 -32768 -32768 -32768 -32768 -32768 -32768 -32768 -32768 -32768 -32768 -32768 -32768 -32768 -32768 -32768 -32768 -32768 -32768 -32768 -32768 -32768 -32768 -32768 -32768 -32768 -32768 -32768 -32768 -32768 -32768 -32768 -32768 -32768 -32768 -32768 -32768 -32768 -32768 -32768 -32768 -32768 -32768 -32768 -32768 -32768
-32768 -32768 -32768 -32768 -32768 -32768 -32768 -32768 -32768 -32768 -32768 -32768 -32768 -32768 374 385 389 398 378 395 394 365 380 371 346 324 -32768 -32768 -32768 -32768 -32768 -32768 -32768 -32768 -32768 -32768 -32768 -32768 287 -32768 285 285 290 290 284 -32768 -32768 -32768 -32768 -32768 -32768 -32768 -32768 -32768 -32768 -32768 -32768 -32768 -32768 -32768 -32768 -32768 -32768 -32768 -32768 -32768 -32768 -32768 -32768 -32768 -32768 -32768 -32768 -32768 -32768 -32768 -32768 -32768 -32768 -32768 -32768 -32768 -32768 -32768 -32768
-32768 -32768 -32768 -32768 -32768 -32768 -32768 -32768 -32768 -32768 -32768 -32768 -32768 391 383 388 392 398 414 421 410 393 406 358 336 329 326 320 305 305 302 304 294 302 294 294 299 303 298 294 292 288 288 290 283 283 289 289 283 286 -32768 -32768 -32768 -32768 -32768 -32768 -32768 -32768 -32768 -32768 -32768 -32768 -32768 -32768 -32768 -32768 -32768 -32768 -32768 397 400 -32768 -32768 -32768 -32768 -32768 -32768 -32768 -32768 -32768 -32768 -32768 -32768 -32768 -32768
-32768 -32768 -32768 -32768 -32768 -32768 -32768 -32768 -32768 -32768 -32768 -32768 -32768 391 382 408 427 431 414 423 434 436 428 393 354 335 343 318 313 326 329 326 306 329 310 301 308 318 298 287 296 298 291 287 286 293 293 283 286 288 290 285 284 287 286 287 288 -32768 -32768 -32768 -32768 -32768 -32768 341 350 362 372 381 384 391 391 394 -32768 -32768 -32768 -32768 -32768 430 430 431 428 -32768 -32768 -32768 -32768
-32768 -32768 -32768 -32768 -32768 -32768 411 390 -32768 -32768 -32768 403 391 395 392 413 432 431 434 419 415 409 415 397 382 362 339 334 354 369 347 324 327 332 308 319 325 306 291 288 281 280 287 283 283 285 283 283 281 281 276 277 287 289 294 302 298 297 299 303 309 317 327 335 341 352 361 368 373 377 379 381 387 390 393 398 409 421 422 423 420 421 420 415 -32768
-32768 -32768 -32768 -32768 -32768 407 403 413 427 424 424 421 406 401 398 421 437 452 436 418 405 396 382 382 372 365 342 367 369 356 323 329 351 341 312 300 299 307 297 298 296 289 281 280 279 281 288 288 281 290 283 277 289 301 300 293 300 294 299 299 305 311 317 324 329 337 344 348 350 356 361 365 368 372 377 386 393 407 406 404 402 404 407 409 411
-32768 -32768 389 391 401 417 421 428 428 445 478 469 451 428 426 446 449 451 435 424 401 392 375 368 367 371 354 360 361 339 318 345 358 322 306 306 326 315 318 315 293 324 292 274 282 285 280 282 282 303 290 286 308 355 329 340 332 292 301 296 297 300 306 309 315 320 326 330 330 335 338 345 348 351 359 366 370 374 380 381 380 380 384 388 394
-32768 -32768 380 393 421 431 458 475 479 496 493 484 486 471 474 475 462 455 436 424 410 387 376 371 373 378 357 380 358 357 330 343 350 323 311 331 352 319 335 319 323 296 293 277 288 283 283 299 309 297 304 313 296 320 332 316 284 277 283 309 296 294 296 298 301 304 307 311 318 320 321 322 327 333 337 342 345 349 352 353 351 354 358 361 367
-32768 384 390 411 450 461 478 491 502 501 501 486 486 481 474 471 469 474 452 424 412 392 381 381 376 384 378 354 348 323 321 349 364 326 351 342 387 383 364 385 352 364 303 282 329 331 314 327 332 305 318 298 290 310 308 329 325 304 289 296 320 305 288 287 288 290 291 295 297 298 301 302 307 308 312 318 321 322 322 329 326 328 329 333 340
-32768 378 388 435 459 477 487 494 502 504 502 500 500 496 487 472 476 467 459 432 424 404 377 364 361 377 366 362 328 326 344 341 358 356 367 379 348 341 337 344 326 325 333 315 305 311 298 311 297 276 287 286 282 276 292 316 320 307 287 277 308 294 273 271 272 273 276 278 279 280 284 285 286 289 292 295 297 297 298 300 299 300 305 311 322
-32768 374 -32768 422 475 483 482 501 490 483 512 525 500 493 482 459 453 448 444 439 414 391 371 355 357 362 373 344 335 355 384 404 393 355 354 339 346 369 345 352 346 317 292 316 287 280 273 284 265 261 273 263 272 264 281 282 282 279 262 257 258 259 256 258 258 262 259 262 262 267 266 267 268 272 275 274 277 278 279 274 271 271 273 277 283
-32768 -32768 -32768 425 441 450 459 532 507 497 492 505 488 481 498 480 474 470 444 441 420 383 389 378 350 379 381 362 360 365 414 371 338 306 306 333 360 354 341 313 291 275 268 260 266 249 244 248 241 242 243 242 248 241 250 257 246 246 247 243 242 240 240 246 243 244 248 246 249 252 250 252 251 251 254 258 251 253 250 250 252 256 262 263 275
-32768 -32768 -32768 415 460 518 494 514 494 514 529 517 542 522 511 507 486 484 477 433 397 411 404 379 372 392 415 412 388 359 369 324 294 289 278 291 293 285 286 291 284 264 250 242 242 229 225 228 222 228 224 226 225 229 233 232 230 227 231 226 228 226 231 232 232 232 232 231 234 238 236 232 236 237 242 241 232 230 227 229 227 228 241 236 238
-32768 -32768 -32768 -32768 457 500 470 489 530 532 559 569 572 569 523 506 504 495 484 429 396 398 380 345 367 398 385 392 402 357 325 294 270 259 258 252 252 261 273 259 246 241 231 227 223 211 209 209 209 212 208 214 210 215 219 216 216 213 215 213 212 213 218 217 219 219 221 221 222 220 218 215 217 218 218 220 217 214 209 213 223 226 218 216 218
-32768 -32768 -32768 -32768 459 463 474 502 521 551 573 579 573 571 549 520 516 505 470 439 395 383 343 337 347 365 366 391 384 351 301 274 256 251 255 278 290 288 274 248 233 227 216 211 207 201 197 195 197 198 200 201 198 203 204 200 203 201 200 201 198 199 199 201 202 203 208 207 206 202 203 207 206 205 205 205 199 195 191 186 182 179 173 174 177
-32768 -32768 -32768 -32768 467 491 499 532 577 553 580 595 598 570 529 495 470 448 432 413 393 368 355 366 358 344 334 371 343 318 292 275 294 321 303 321 316 276 249 232 220 215 205 201 197 193 187 187 187 189 190 189 186 190 192 189 188 188 188 187 187 188 188 189 189 192 194 191 190 191 192 194 194 196 194 191 189 184 180 174 167 164 157 152 150
-32768 -32768 -32768 -32768 -32768 489 515 524 582 574 590 591 600 574 512 449 440 407 381 375 430 432 397 383 406 396 327 309 348 348 309 343 343 318 364 359 319 268 247 229 214 202 196 192 188 185 179 179 181 180 180 179 177 179 179 179 177 177 176 177 175 176 177 178 180 181 181 179 176 177 182 185 195 194 189 197 196 185 180 164 165 182 167 160 155
-32768 -32768 -32768 -32768 -32768 -32768 527 550 595 578 608 598 583 589 524 436 425 429 382 382 421 419 450 449 439 450 365 343 361 391 391 391 377 343 303 308 325 283 242 218 206 197 189 184 181 177 172 175 175 171 169 169 168 169 169 168 168 166 166 166 167 167 168 170 173 171 169 168 169 172 175 180 191 203 206 212 197 216 197 174 192 204 189 193 199
-32768 -32768 -32768 -32768 -32768 -32768 502 550 581 606 573 550 570 559 497 456 447 430 430 421 423 405 455 484 486 491 425 360 384 396 424 448 420 375 361 333 291 265 234 215 202 193 184 176 174 170 166 167 166 163 162 161 161 161 160 159 160 157 156 156 158 159 162 164 162 162 162 162 162 165 169 184 204 213 230 230 227 234 207 199 206 188 203 191 209
-32768 -32768 -32768 -32768 -32768 -32768 549 549 621 550 550 521 547 481 496 508 527 494 480 464 428 425 432 455 471 447 402 373 399 414 434 414 345 310 299 284 261 235 214 206 194 186 179 170 168 163 161 159 157 157 154 156 156 154 152 152 150 149 147 151 155 154 155 154 156 155 155 157 158 164 172 170 174 185 191 195 205 194 201 222 212 204 216 225 213
-32768 -32768 -32768 -32768 -32768 -32768 598 611 569 538 530 532 508 566 601 610 572 527 485 458 439 422 434 383 419 415 390 393 397 402 404 393 318 294 276 258 242 223 206 195 186 177 172 166 160 156 154 153 152 149 148 150 149 147 147 146 144 142 140 145 145 146 148 151 152 151 151 152 153 156 161 169 166 168 181 211 220 225 239 233 236 235 233 218 204
-32768 -32768 -32768 -32768 -32768 -32768 574 538 543 557 610 569 576 632 584 550 513 511 529 521 483 458 419 359 387 392 368 369 369 356 351 362 301 282 272 261 236 220 205 194 182 173 165 158 153 149 148 145 144 144 144 145 143 143 142 141 142 143 139 137 141 143 145 149 151 149 150 153 155 157 165 168 176 165 170 176 181 194 215 207 223 208 207 198 208
-32768 -32768 -32768 -32768 -32768 -32768 529 542 585 572 607 538 534 544 531 515 555 584 565 545 526 453 423 361 381 401 364 351 359 344 326 313 279 271 252 245 236 226 216 199 186 171 162 154 148 143 141 139 138 138 139 139 139 141 142 143 142 140 135 138 139 142 145 147 148 150 149 150 152 153 157 160 165 170 170 173 179 182 183 179 179 178 182 178 180
-32768 -32768 -32768 -32768 -32768 -32768 532 562 584 516 532 511 516 535 586 600 613 552 558 532 516 479 426 362 382 404 358 344 330 335 338 302 268 271 247 235 230 213 196 191 182 166 154 147 143 139 135 135 136 134 134 136 138 139 139 139 138 135 135 137 137 140 141 143 145 143 145 146 147 147 148 151 153 156 163 166 169 174 176 176 178 178 173 172 174
-32768 -32768 -32768 -32768 -32768 -32768 535 529 520 533 538 547 517 527 538 533 512 540 556 542 498 445 400 393 417 379 343 319 328 340 354 303 285 261 240 239 229 213 194 180 172 161 149 141 137 132 130 129 130 131 134 135 135 136 137 137 135 136 135 135 135 138 141 142 143 139 139 140 142 141 144 146 148 150 153 157 158 165 162 167 173 172 170 169 167
-32768 -32768 -32768 -32768 -32768 -32768 -32768 514 527 524 509 481 479 482 512 516 571 569 538 492 472 433 404 453 397 355 320 304 319 335 330 311 277 255 239 231 219 208 192 180 167 155 145 138 130 128 129 129 128 128 128 129 131 133 133 133 133 133 134 134 135 135 136 136 139 138 141 140 141 141 143 144 146 147 147 152 152 154 156 159 158 161 166 166 161
-32768 -32768 -32768 -32768 -32768 -32768 -32768 511 518 499 495 489 515 493 489 532 522 501 490 460 500 479 490 453 383 337 312 312 322 322 302 287 259 246 234 228 220 202 186 173 166 153 142 133 125 123 124 123 122 123 123 124 126 126 127 127 128 130 134 134 135 138 139 138 140 143 144 144 145 150 148 151 148 144 144 144 146 151 150 150 155 158 160 159 164
-32768 -32768 -32768 -32768 -32768 -32768 -32768 493 498 503 495 507 489 490 499 519 514 443 490 538 532 513 474 431 406 380 322 319 342 353 296 270 253 243 232 227 217 196 187 175 161 152 140 130 124 123 122 120 119 119 120 120 121 122 124 124 125 128 131 134 135 137 139 140 141 142 150 158 160 157 147 148 151 149 151 151 149 150 149 152 152 152 153 157 165
-32768 -32768 -32768 -32768 -32768 -32768 -32768 491 491 487 484 482 484 496 486 516 496 451 512 587 513 504 478 427 371 349 338 336 311 316 284 274 278 271 252 228 208 200 190 177 166 155 144 135 131 128 124 123 121 120 119 120 120 122 122 122 123 125 128 129 130 132 135 138 139 141 147 155 152 149 148 149 151 157 161 163 166 166 158 155 160 161 159 158 160
-32768 -32768 -32768 -32768 -32768 -32768 -32768 -32768 486 492 491 506 518 501 478 475 449 523 562 498 479 494 439 450 385 400 380 319 301 298 275 281 283 264 240 218 212 203 190 179 168 160 153 146 139 133 128 123 118 121 119 118 117 117 119 120 122 123 126 126 129 132 135 139 141 143 144 150 147 149 155 166 174 173 176 175 173 166 162 160 160 162 163 163 159
-32768 -32768 -32768 -32768 -32768 -32768 -32768 -32768 478 481 486 488 497 483 482 453 523 548 539 440 462 456 403 397 396 419 394 311 310 312 290 292 275 260 242 236 223 206 189 177 171 164 159 150 141 136 132 126 121 119 117 117 117 117 117 120 120 124 124 127 130 133 136 139 142 145 147 150 152 153 167 198 197 188 180 185 172 155 157 153 151 163 164 164 159
-32768 -32768 -32768 -32768 -32768 -32768 -32768 -32768 470 475 470 472 482 485 468 477 485 475 485 444 454 443 422 419 390 367 345 305 326 318 291 279 273 270 254 238 225 212 196 181 169 161 153 147 140 134 131 127 122 118 118 117 117 117 117 120 121 125 126 127 131 135 136 141 146 150 153 155 162 179 195 192 172 181 167 170 163 156 154 147 148 160 162 164 168
-32768 -32768 -32768 -32768 -32768 -32768 -32768 -32768 -32768 465 478 462 466 469 493 555 536 597 575 511 521 493 485 475 445 398 373 315 306 292 281 268 273 269 254 242 227 215 202 187 174 164 156 148 141 136 131 126 123 119 119 118 118 117 119 122 122 126 128 130 134 135 139 146 151 158 181 184 184 159 159 178 163 153 153 158 143 141 143 143 150 155 162 165 166
-32768 -32768 -32768 -32768 -32768 -32768 -32768 -32768 -32768 453 476 486 492 490 493 520 578 607 585 575 564 518 467 482 480 426 364 330 335 317 293 295 284 271 254 243 232 216 202 192 180 167 158 152 146 138 129 123 123 122 121 120 120 120 123 123 123 126 129 132 134 136 139 148 155 186 203 174 159 155 155 158 157 149 147 143 139 134 136 141 150 157 160 161 164
-32768 -32768 -32768 -32768 -32768 -32768 -32768 -32768 434 439 459 479 510 571 566 552 506 512 523 544 546 530 495 489 477 427 368 344 348 341 316 293 290 277 261 245 231 215 202 191 180 170 165 157 150 144 135 127 125 125 123 125 124 124 123 123 124 127 131 136 136 139 144 153 165 205 168 180 170 158 152 149 147 148 143 138 136 139 147 149 149 151 156 161 165
-32768 -32768 -32768 -32768 -32768 -32768 -32768 -32768 428 427 438 461 532 506 527 517 467 478 501 513 509 497 489 473 472 421 378 365 339 339 331 307 289 279 269 252 233 220 207 195 187 177 172 166 160 152 137 134 130 127 127 128 130 130 127 129 127 130 134 139 141 144 158 188 191 209 192 163 155 155 150 151 151 147 142 136 137 142 146 146 143 145 156 158 156
