DATA/PredictorVariables/1_WorldClim_R/bio18.asc
NCOLS 166 
NROWS 105 
XLLCORNER -9.41666666666667 
YLLCORNER 35.1666666666667 
CELLSIZE 0.0833333333333333 
NODATA_value -32768 
[rows 0 to 40 of 105, columns 0 to 91 of 166]
-32768.000000000000000 -32768 -32768 -32768 -32768 -32768 -32768 -32768 -32768 -32768 -32768 -32768 -32768 -32768 -32768 -32768 -32768 -32768 -32768 -32768 -32768 -32768 -32768 -32768 -32768 -32768 -32768 -32768 -32768 -32768 -32768 -32768 -32768 -32768 -32768 -32768 -32768 -32768 -32768 -32768 -32768 -32768 -32768 -32768 -32768 -32768 -32768 -32768 -32768 -32768 -32768 -32768 -32768 -32768 -32768 -32768 -32768 -32768 -32768 -32768 -32768 -32768 -32768 -32768 -32768 -32768 -32768 -32768 -32768 -32768 -32768 -32768 -32768 -32768 -32768 -32768 -32768 -32768 -32768 -32768 -32768 -32768 -32768 -32768 -32768 -32768 -32768 -32768 -32768 -32768 -32768 -32768
-32768 -32768 -32768 -32768 -32768 -32768 -32768 -32768 -32768 -32768 -32768 -32768 -32768 -32768 -32768 -32768 -32768 -32768 152 -32768 148 145 -32768 -32768 -32768 -32768 -32768 -32768 -32768 -32768 -32768 -32768 -32768 -32768 -32768 -32768 -32768 -32768 -32768 -32768 -32768 -32768 -32768 -32768 -32768 -32768 -32768 -32768 -32768 -32768 -32768 -32768 -32768 -32768 -32768 -32768 -32768 -32768 -32768 -32768 -32768 -32768 -32768 -32768 -32768 -32768 -32768 -32768 -32768 -32768 -32768 -32768 -32768 -32768 -32768 -32768 -32768 -32768 -32768 -32768 -32768 -32768 -32768 -32768 -32768 -32768 -32768 -32768 -32768 -32768 -32768 -32768
-32768 -32768 -32768 -32768 -32768 -32768 -32768 -32768 -32768 -32768 -32768 -32768 -32768 -32768 -32768 -32768 153 164 149 150 151 148 147 143 141 -32768 -32768 -32768 -32768 -32768 -32768 -32768 -32768 -32768 -32768 -32768 -32768 -32768 -32768 -32768 -32768 -32768 -32768 -32768 -32768 -32768 -32768 -32768 -32768 -32768 -32768 -32768 -32768 -32768 -32768 -32768 -32768 -32768 -32768 -32768 -32768 -32768 -32768 -32768 -32768 -32768 -32768 -32768 -32768 -32768 -32768 -32768 -32768 -32768 -32768 -32768 -32768 -32768 -32768 -32768 -32768 -32768 -32768 -32768 -32768 -32768 -32768 -32768 -32768 -32768 -32768 -32768
-32768 -32768 -32768 -32768 -32768 -32768 -32768 -32768 -32768 -32768 -32768 -32768 -32768 -32768 144 149 152 156 151 157 159 149 156 154 147 138 -32768 -32768 -32768 -32768 -32768 -32768 -32768 -32768 -32768 -32768 -32768 -32768 149 -32768 153 155 160 160 158 -32768 -32768 -32768 -32768 -32768 -32768 -32768 -32768 -32768 -32768 -32768 -32768 -32768 -32768 -32768 -32768 -32768 -32768 -32768 -32768 -32768 -32768 -32768 -32768 -32768 -32768 -32768 -32768 -32768 -32768 -32768 -32768 -32768 -32768 -32768 -32768 -32768 -32768 -32768 -32768 -32768 -32768 -32768 -32768 -32768 -32768 -32768
-32768 -32768 -32768 -32768 -32768 -32768 -32768 -32768 -32768 -32768 -32768 -32768 -32768 147 145 148 151 153 160 165 161 157 163 147 140 139 140 140 136 138 138 142 139 145 144 147 152 156 157 156 158 158 158 162 157 157 163 164 159 161 -32768 -32768 -32768 -32768 -32768 -32768 -32768 -32768 -32768 -32768 -32768 -32768 -32768 -32768 -32768 -32768 -32768 -32768 -32768 221 222 -32768 -32768 -32768 -32768 -32768 -32768 -32768 -32768 -32768 -32768 -32768 -32768 -32768 -32768 -32768 -32768 -32768 -32768 -32768 -32768 -32768
-32768 -32768 -32768 -32768 -32768 -32768 -32768 -32768 -32768 -32768 -32768 -32768 -32768 145 143 152 160 163 158 162 167 170 169 158 145 139 145 137 137 145 148 150 144 156 151 149 155 164 158 152 162 165 162 161 161 166 167 160 163 164 165 161 159 160 160 160 160 -32768 -32768 -32768 -32768 -32768 -32768 189 194 201 207 212 213 218 217 218 -32768 -32768 -32768 -32768 -32768 235 236 238 236 -32768 -32768 -32768 -32768 -32768 -32768 -32768 -32768 -32768 -32768 -32768
-32768 -32768 -32768 -32768 -32768 -32768 149 143 -32768 -32768 -32768 145 141 143 143 150 159 159 161 157 157 156 162 155 152 147 140 140 150 159 153 147 150 156 149 156 162 155 151 152 151 153 160 160 160 161 161 161 160 159 156 156 162 163 167 173 168 167 165 168 171 175 181 186 189 196 200 204 206 210 211 211 216 217 216 218 221 226 230 235 234 236 238 236 -32768 -32768 -32768 -32768 -32768 257 272 268
-32768 -32768 -32768 -32768 -32768 147 146 148 151 150 150 149 144 143 142 151 156 163 159 155 151 149 145 148 146 145 138 150 152 151 141 145 158 157 148 145 147 154 153 156 158 157 156 158 157 159 163 164 160 165 160 158 165 172 171 167 171 166 169 168 172 175 177 182 183 189 192 197 201 203 204 205 209 211 215 214 217 217 222 224 225 229 233 235 238 238 244 247 254 255 261 265
-32768 -32768 143 142 144 148 149 150 150 153 164 160 156 148 148 156 158 160 155 153 147 144 140 139 141 144 140 144 146 141 135 150 158 146 142 144 158 155 159 161 154 170 159 152 156 159 156 159 160 171 164 163 174 202 189 196 192 166 173 169 168 169 174 175 177 181 185 188 193 201 197 197 199 202 204 205 208 211 212 213 216 220 223 226 230 233 240 245 246 249 252 251
-32768 -32768 138 142 149 150 157 161 162 167 166 163 162 158 160 162 159 157 153 149 146 139 138 138 140 143 137 148 142 144 137 144 151 143 141 153 165 153 163 159 164 154 154 150 156 156 156 164 170 166 170 176 168 181 190 181 161 155 161 179 171 169 170 172 170 176 176 180 190 194 194 192 191 191 193 194 197 199 200 202 207 208 209 213 218 222 225 228 231 234 234 235
-32768 139 140 144 154 156 161 163 165 163 163 159 159 157 157 156 157 160 153 147 143 138 136 138 137 141 142 135 135 129 129 144 153 141 155 154 177 179 174 187 174 181 151 150 173 176 167 177 180 168 176 168 164 175 175 190 187 176 166 171 188 180 167 167 166 169 170 173 176 175 178 179 182 183 187 189 186 187 194 202 197 199 197 199 205 206 208 212 219 219 222 222
-32768 134 137 149 154 157 158 159 160 160 159 159 160 159 158 153 156 153 152 146 145 139 131 128 129 136 134 134 124 125 134 127 148 150 151 161 153 153 154 162 154 157 164 157 156 163 156 167 160 149 158 160 157 155 165 181 185 177 165 160 181 172 157 157 158 159 161 163 164 165 164 168 171 174 177 179 181 180 180 184 183 185 190 192 200 198 197 201 209 209 207 207
-32768 131 -32768 141 154 155 153 156 153 150 158 161 156 153 151 146 145 145 145 144 138 131 127 122 124 127 132 125 123 124 139 153 152 139 143 141 148 164 156 163 165 152 141 157 144 143 142 150 140 140 150 145 152 147 158 158 160 158 149 145 148 148 147 148 149 152 150 153 153 158 158 157 162 165 168 168 171 173 173 170 169 169 171 175 177 186 187 190 192 201 194 189
-32768 -32768 -32768 137 141 142 142 161 152 150 149 152 148 147 152 148 148 147 142 142 135 125 128 127 119 129 131 126 119 124 151 135 124 114 117 135 153 154 152 142 133 128 128 127 132 125 124 129 127 129 132 132 137 135 142 142 136 136 139 136 137 135 136 140 138 139 145 143 147 152 150 151 150 152 154 160 154 159 157 158 161 163 168 169 176 180 178 179 188 185 182 174
-32768 -32768 -32768 132 140 155 147 152 145 150 154 151 159 155 152 152 147 147 146 136 126 130 130 123 122 130 132 133 127 118 127 110 101 102 102 113 119 118 123 129 127 121 117 115 118 114 113 117 115 121 118 122 123 127 131 132 128 125 128 124 126 126 130 133 133 134 135 136 139 145 142 139 145 146 151 151 143 143 144 147 149 151 158 155 156 158 161 161 157 156 161 161
-32768 -32768 -32768 -32768 136 146 138 140 150 149 157 160 162 163 151 148 148 147 145 132 122 124 120 110 105 119 116 122 129 114 105 94 88 86 89 92 96 104 114 110 107 108 105 107 107 103 103 104 107 110 110 115 114 119 122 122 123 121 117 116 115 116 121 122 125 126 128 130 133 133 131 129 131 133 136 139 138 136 134 141 148 151 146 146 146 145 138 141 144 143 142 145
-32768 -32768 -32768 -32768 134 134 134 139 143 149 154 157 157 159 155 148 148 146 138 129 119 117 107 92 95 103 106 118 118 109 92 84 79 80 85 102 112 115 114 103 100 99 96 97 97 96 96 97 99 101 106 107 107 111 114 113 115 115 115 107 107 108 109 111 113 115 121 121 122 122 122 126 128 128 129 130 126 125 125 123 123 122 121 122 122 120 120 124 127 129 130 132
-32768 -32768 -32768 -32768 130 135 135 142 150 145 151 157 161 154 146 139 132 128 124 120 115 97 94 98 97 94 92 106 100 93 85 82 94 110 106 120 123 108 98 94 91 92 89 90 91 91 91 91 94 96 99 100 100 104 107 106 105 107 107 107 108 100 101 102 105 108 111 111 112 115 118 120 121 124 123 122 122 119 119 117 113 114 110 105 111 103 107 112 115 118 121 122
-32768 -32768 -32768 -32768 -32768 130 137 137 146 145 148 148 157 152 138 125 123 116 97 95 111 112 104 100 108 107 86 83 99 101 90 108 112 106 132 134 122 102 96 91 87 84 83 85 86 86 85 87 89 91 93 94 93 97 98 99 99 100 100 102 101 102 102 104 99 102 102 103 104 108 111 116 123 123 121 128 129 123 121 111 112 123 113 115 103 114 103 105 106 108 113 112
-32768 -32768 -32768 -32768 -32768 -32768 132 137 144 139 145 146 148 151 137 119 117 118 95 94 105 106 123 119 116 125 96 91 100 116 122 126 125 114 102 109 122 109 93 84 81 80 79 79 80 81 80 83 87 86 86 87 88 90 93 94 94 94 94 95 97 97 98 101 104 103 96 97 100 103 108 113 120 129 133 138 130 142 131 116 128 136 126 128 131 121 125 118 100 101 104 104
-32768 -32768 -32768 -32768 -32768 -32768 126 132 136 138 135 132 141 140 128 120 119 114 102 101 101 98 114 127 131 138 115 93 106 115 133 150 143 127 125 118 104 98 88 82 79 78 76 74 77 77 77 79 80 80 81 83 84 85 86 88 89 90 90 90 93 93 96 97 95 96 98 92 95 98 103 112 127 134 146 148 146 152 135 130 136 124 133 127 138 123 120 109 101 101 97 98
-32768 -32768 -32768 -32768 -32768 -32768 128 129 141 127 127 124 133 121 125 127 131 124 122 118 100 100 104 113 121 116 102 95 110 121 135 131 104 94 94 93 89 81 77 75 74 74 73 72 72 72 73 74 75 76 77 79 81 81 82 82 83 85 85 88 91 91 92 90 93 93 94 88 92 97 102 102 106 115 119 123 130 123 129 143 138 133 142 148 139 129 129 131 113 110 96 93
-32768 -32768 -32768 -32768 -32768 -32768 138 137 128 123 122 124 122 135 145 149 138 128 118 104 100 95 100 87 100 100 94 99 104 111 117 118 89 85 82 81 78 75 72 70 69 68 68 68 68 68 70 71 72 72 74 75 77 78 78 78 79 80 81 85 84 84 87 89 90 90 91 92 94 97 94 99 99 102 111 131 139 142 152 149 152 153 151 142 133 137 129 134 117 108 106 92
-32768 -32768 -32768 -32768 -32768 -32768 129 120 121 123 136 130 133 150 137 129 121 119 124 123 114 102 93 79 86 90 84 87 89 88 92 102 80 78 78 79 75 71 69 69 67 66 65 65 65 65 67 67 68 68 70 73 72 73 74 75 77 81 79 78 81 84 85 88 91 90 90 93 95 97 94 99 104 98 102 107 112 121 136 132 143 133 134 127 135 138 129 131 118 113 98 110
-32768 -32768 -32768 -32768 -32768 -32768 117 119 127 124 134 121 120 124 121 119 127 134 130 126 121 97 90 77 82 90 81 79 84 82 79 78 70 70 68 71 72 73 74 71 69 65 64 62 62 62 62 63 65 65 67 68 70 73 75 76 78 77 74 77 80 82 85 86 88 88 89 90 91 93 88 99 96 99 107 103 116 111 113 120 113 120 124 122 123 133 137 130 126 126 117 109
-32768 -32768 -32768 -32768 -32768 -32768 116 120 126 112 116 113 115 119 130 133 138 122 123 117 113 101 88 73 78 87 75 74 72 77 81 70 64 68 65 65 68 66 65 66 66 63 59 59 59 59 59 62 64 64 64 68 71 71 73 74 71 71 72 76 78 80 81 83 84 83 85 86 87 88 89 92 94 97 95 99 107 106 107 117 118 119 116 116 119 123 127 126 128 130 159 147
-32768 -32768 -32768 -32768 -32768 -32768 114 111 110 113 115 117 112 114 116 115 110 114 118 115 99 87 77 79 85 77 69 66 69 75 84 70 67 64 62 66 66 65 63 61 61 60 57 56 56 56 57 59 61 62 65 67 68 69 70 70 67 71 72 74 75 78 80 81 82 80 78 81 82 83 85 87 89 92 95 97 100 104 103 108 114 113 113 113 113 114 118 119 125 134 142 150
-32768 -32768 -32768 -32768 -32768 -32768 -32768 106 110 110 109 103 103 103 108 108 118 118 111 100 90 80 75 89 77 68 62 60 66 72 74 71 63 62 60 61 62 63 60 60 58 57 54 54 54 54 57 58 59 62 62 64 65 67 68 66 65 68 69 71 73 75 74 74 78 77 80 80 81 81 84 85 87 88 89 94 94 97 99 102 102 105 110 110 107 109 114 115 121 124 128 122
-32768 -32768 -32768 -32768 -32768 -32768 -32768 106 108 105 104 104 107 103 101 109 104 100 98 91 94 89 95 86 70 62 59 61 64 67 64 63 57 57 57 60 61 59 57 57 57 55 54 52 51 51 54 56 57 57 59 60 62 62 62 63 63 64 70 71 74 75 77 77 78 81 81 81 83 87 86 89 87 86 86 86 89 94 94 94 99 102 105 104 109 112 112 112 118 116 117 115
-32768 -32768 -32768 -32768 -32768 -32768 -32768 102 103 106 104 105 103 102 102 103 101 88 94 103 101 95 86 77 74 70 59 60 69 74 60 58 55 55 57 58 59 56 57 57 54 53 52 51 51 51 54 55 55 55 57 57 59 59 62 61 63 64 70 71 73 75 75 77 77 78 84 90 92 91 84 86 89 87 90 90 90 91 91 94 96 96 97 102 108 110 103 106 108 110 107 102
-32768 -32768 -32768 -32768 -32768 -32768 -32768 102 102 102 101 101 100 102 98 100 96 88 96 111 93 89 84 74 64 62 61 62 59 62 57 57 62 62 61 58 54 57 57 57 55 54 53 52 53 53 54 56 57 57 57 59 59 60 63 62 62 64 65 66 68 70 72 74 75 75 81 87 85 84 83 86 87 92 96 98 101 102 98 95 101 103 103 102 104 102 96 99 103 102 104 94
-32768 -32768 -32768 -32768 -32768 -32768 -32768 -32768 101 103 102 104 104 100 95 93 88 97 102 89 84 87 72 77 65 72 68 57 56 57 54 58 62 60 56 53 55 56 56 55 55 55 56 56 56 56 56 55 54 58 58 58 59 59 59 60 62 63 64 65 67 68 72 74 74 77 77 82 80 81 88 97 103 103 105 105 105 101 99 99 99 102 104 105 102 96 93 93 93 93 96 95
-32768 -32768 -32768 -32768 -32768 -32768 -32768 -32768 100 102 102 100 100 96 95 89 97 98 95 78 80 79 65 65 67 74 71 55 57 60 57 59 58 57 56 59 59 55 54 54 55 56 57 57 55 57 58 58 56 56 58 58 59 59 59 60 61 64 64 65 67 68 70 73 74 75 78 81 82 83 95 107 108 112 107 102 104 92 95 92 92 102 104 104 101 97 96 100 104 104 101 99
-32768 -32768 -32768 -32768 -32768 -32768 -32768 -32768 99 101 99 98 98 95 91 90 90 86 86 78 78 76 68 69 64 62 60 53 59 60 56 55 58 59 58 57 57 57 56 54 53 54 53 53 54 54 56 57 57 56 57 58 59 59 59 61 61 64 65 65 68 69 71 72 76 81 81 84 89 102 104 102 99 98 97 101 96 92 92 88 89 98 101 104 107 110 114 116 113 111 111 110
-32768 -32768 -32768 -32768 -32768 -32768 -32768 -32768 -32768 97 99 95 94 92 93 101 94 103 98 86 86 82 80 79 74 67 64 55 55 54 53 53 57 59 58 58 57 56 57 55 54 53 52 52 53 54 56 59 59 58 59 59 59 59 60 62 62 64 65 66 68 69 71 76 79 85 100 103 93 85 85 101 92 83 86 91 81 80 83 85 89 94 101 104 106 113 119 119 115 123 120 119
-32768 -32768 -32768 -32768 -32768 -32768 -32768 -32768 -32768 93 96 97 96 93 92 94 100 103 98 94 92 85 77 80 82 73 62 57 60 58 55 58 58 58 57 57 57 56 55 55 56 53 52 53 53 55 56 57 58 59 60 60 60 60 62 62 62 64 66 68 69 69 70 76 82 103 103 96 82 77 76 82 82 75 75 75 74 73 77 82 89 94 98 100 103 107 112 118 120 120 118 117
-32768 -32768 -32768 -32768 -32768 -32768 -32768 -32768 88 89 93 94 96 103 101 96 88 87 87 88 88 85 81 81 80 72 62 58 62 63 60 57 59 60 59 56 56 55 54 55 54 53 54 55 55 56 58 57 58 60 60 62 62 62 61 61 62 64 66 70 69 70 73 80 87 103 90 99 92 77 69 65 65 70 68 66 69 75 82 86 86 90 94 99 103 100 107 110 118 113 117 122
-32768 -32768 -32768 -32768 -32768 -32768 -32768 -32768 85 85 87 88 98 93 93 90 82 82 83 83 82 79 78 77 79 70 64 63 59 62 62 59 58 59 59 57 55 55 54 55 55 55 57 58 59 60 57 58 58 59 60 62 65 65 62 64 63 65 68 71 72 74 82 93 95 105 96 81 68 64 59 60 66 66 63 61 66 77 79 82 81 84 93 96 95 99 105 106 111 115 118 118
-32768 -32768 -32768 -32768 -32768 -32768 -32768 -32768 83 82 83 84 86 89 86 86 82 83 81 77 75 74 73 72 69 66 65 66 64 63 64 60 59 57 59 58 55 56 56 56 55 58 61 61 58 55 57 57 60 61 64 69 69 71 72 71 68 69 72 80 79 86 88 85 76 74 68 66 68 59 53 57 59 62 58 61 72 75 77 82 77 74 79 85 95 109 114 118 116 119 125 125
-32768 -32768 -32768 -32768 -32768 -32768 -32768 79 79 81 79 78 82 85 91 92 80 77 76 74 74 74 69 66 66 66 74 70 67 66 65 62 58 55 55 56 57 58 58 60 61 59 58 57 57 56 59 60 64 68 71 77 77 75 73 68 68 72 76 80 86 84 90 74 63 68 66 57 55 52 50 54 55 55 54 64 68 68 77 81 73 79 86 94 98 104 111 118 121 123 127 133
-32768 -32768 -32768 -32768 -32768 -32768 -32768 77 77 77 77 77 78 84 91 78 75 73 73 71 70 69 69 83 84 77 75 71 68 65 66 61 57 56 55 55 60 64 71 63 61 56 54 57 58 57 60 64 65 67 74 85 75 71 73 77 77 74 68 70 66 67 71 63 60 57 55 52 53 51 49 50 49 50 59 64 61 68 74 74 70 79 82 85 85 91 99 111 118 134 135 140
