DATA/PredictorVariables/1_WorldClim_R/bio19.asc
NCOLS 166 
NROWS 105 
XLLCORNER -9.41666666666667 
YLLCORNER 35.1666666666667 
CELLSIZE 0.0833333333333333 
NODATA_value -32768 
[rows 0 to 37 of 105, columns 0 to 85 of 166]
-32768.000000000000000 -32768 -32768 -32768 -32768 -32768 -32768 -32768 -32768 -32768 -32768 -32768 -32768 -32768 -32768 -32768 -32768 -32768 -32768 -32768 -32768 -32768 -32768 -32768 -32768 -32768 -32768 -32768 -32768 -32768 -32768 -32768 -32768 -32768 -32768 -32768 -32768 -32768 -32768 -32768 -32768 -32768 -32768 -32768 -32768 -32768 -32768 -32768 -32768 -32768 -32768 -32768 -32768 -32768 -32768 -32768 -32768 -32768 -32768 -32768 -32768 -32768 -32768 -32768 -32768 -32768 -32768 -32768 -32768 -32768 -32768 -32768 -32768 -32768 -32768 -32768 -32768 -32768 -32768 -32768 -32768 -32768 -32768 -32768 -32768 -32768
-32768 -32768 -32768 -32768 -32768 -32768 -32768 -32768 -32768 -32768 -32768 -32768 -32768 -32768 -32768 -32768 -32768 -32768 337 -32768 319 306 -32768 -32768 -32768 -32768 -32768 -32768 -32768 -32768 -32768 -32768 -32768 -32768 -32768 -32768 -32768 -32768 -32768 -32768 -32768 -32768 -32768 -32768 -32768 -32768 -32768 -32768 -32768 -32768 -32768 -32768 -32768 -32768 -32768 -32768 -32768 -32768 -32768 -32768 -32768 -32768 -32768 -32768 -32768 -32768 -32768 -32768 -32768 -32768 -32768 -32768 -32768 -32768 -32768 -32768 -32768 -32768 -32768 -32768 -32768 -32768 -32768 -32768 -32768 -32768
-32768 -32768 -32768 -32768 -32768 -32768 -32768 -32768 -32768 -32768 -32768 -32768 -32768 -32768 -32768 -32768 350 376 333 332 331 318 314 301 292 -32768 -32768 -32768 -32768 -32768 -32768 -32768 -32768 -32768 -32768 -32768 -32768 -32768 -32768 -32768 -32768 -32768 -32768 -32768 -32768 -32768 -32768 -32768 -32768 -32768 -32768 -32768 -32768 -32768 -32768 -32768 -32768 -32768 -32768 -32768 -32768 -32768 -32768 -32768 -32768 -32768 -32768 -32768 -32768 -32768 -32768 -32768 -32768 -32768 -32768 -32768 -32768 -32768 -32768 -32768 -32768 -32768 -32768 -32768 -32768 -32768
-32768 -32768 -32768 -32768 -32768 -32768 -32768 -32768 -32768 -32768 -32768 -32768 -32768 -32768 339 350 354 363 343 360 359 330 345 335 309 287 -32768 -32768 -32768 -32768 -32768 -32768 -32768 -32768 -32768 -32768 -32768 -32768 228 -32768 219 218 221 220 215 -32768 -32768 -32768 -32768 -32768 -32768 -32768 -32768 -32768 -32768 -32768 -32768 -32768 -32768 -32768 -32768 -32768 -32768 -32768 -32768 -32768 -32768 -32768 -32768 -32768 -32768 -32768 -32768 -32768 -32768 -32768 -32768 -32768 -32768 -32768 -32768 -32768 -32768 -32768 -32768 -32768
-32768 -32768 -32768 -32768 -32768 -32768 -32768 -32768 -32768 -32768 -32768 -32768 -32768 356 349 354 359 365 380 388 377 360 372 324 301 293 290 283 266 264 260 259 248 254 243 241 243 243 236 230 226 220 218 218 213 212 216 217 213 214 -32768 -32768 -32768 -32768 -32768 -32768 -32768 -32768 -32768 -32768 -32768 -32768 -32768 -32768 -32768 -32768 -32768 -32768 -32768 343 349 -32768 -32768 -32768 -32768 -32768 -32768 -32768 -32768 -32768 -32768 -32768 -32768 -32768 -32768 -32768
-32768 -32768 -32768 -32768 -32768 -32768 -32768 -32768 -32768 -32768 -32768 -32768 -32768 358 349 376 395 399 382 391 402 404 396 360 320 300 308 282 276 288 290 286 262 285 262 249 253 261 237 224 228 228 220 216 214 220 221 211 215 217 220 215 214 218 217 218 220 -32768 -32768 -32768 -32768 -32768 -32768 272 281 294 303 313 323 336 343 354 -32768 -32768 -32768 -32768 -32768 427 427 425 423 -32768 -32768 -32768 -32768 -32768
-32768 -32768 -32768 -32768 -32768 -32768 363 342 -32768 -32768 -32768 368 357 362 360 382 401 401 404 388 385 378 384 365 350 328 305 299 319 333 309 285 286 290 261 271 276 250 231 225 216 213 216 211 212 212 211 211 210 211 206 208 218 220 227 237 232 231 231 235 241 250 260 268 275 285 295 305 314 326 336 342 357 366 376 390 406 421 422 418 413 412 408 400 -32768 -32768
-32768 -32768 -32768 -32768 -32768 356 354 367 384 384 386 386 373 369 367 391 407 423 408 389 376 367 352 351 341 333 310 334 336 321 286 292 313 302 269 253 249 254 239 239 234 223 213 210 208 211 219 220 212 222 214 209 224 238 238 229 238 230 236 235 242 248 254 262 267 276 285 295 304 313 321 331 340 350 359 374 386 407 406 402 396 395 393 393 392 389
-32768 -32768 331 334 346 365 372 382 385 405 442 435 419 397 396 418 421 424 408 397 374 364 347 340 338 341 324 328 329 305 284 310 323 284 265 262 283 268 268 263 234 270 229 207 216 218 213 215 217 242 227 223 249 309 278 292 283 233 244 238 238 241 250 253 258 267 274 281 290 302 305 313 322 329 342 354 361 365 378 377 372 367 369 371 374 376
-32768 -32768 320 335 366 378 409 431 437 458 458 451 455 442 446 448 436 430 411 399 384 361 349 345 345 350 329 351 328 326 297 310 316 288 273 293 315 274 292 270 274 239 234 214 228 221 220 239 253 239 247 259 238 269 285 267 226 217 226 261 246 243 245 249 248 257 260 269 284 289 291 294 301 312 319 330 335 341 344 345 337 342 343 344 348 353
-32768 322 329 352 396 410 431 447 462 464 467 454 456 454 447 446 445 450 429 401 388 368 357 356 350 358 352 326 320 293 291 318 333 293 318 308 354 349 329 351 311 324 251 224 280 283 263 278 284 251 267 245 236 259 259 287 282 258 240 249 281 263 243 242 243 248 251 258 262 265 271 276 282 286 290 300 308 310 307 310 310 311 313 316 320 324
-32768 315 326 377 406 427 441 451 463 467 469 470 471 470 462 448 453 445 437 410 402 382 354 341 337 353 342 336 301 298 316 312 329 326 336 348 316 307 300 307 283 281 289 266 255 262 245 263 245 219 233 234 229 223 243 274 279 265 241 231 269 255 230 227 230 233 237 241 246 248 253 258 263 267 272 276 280 282 283 283 283 284 288 293 303 303
-32768 312 -32768 365 423 434 436 460 450 446 481 497 473 468 459 437 431 428 424 419 394 370 350 334 335 340 351 320 310 330 358 378 366 327 325 309 315 339 312 319 310 274 243 271 236 227 218 232 210 205 220 210 221 212 234 236 236 234 215 210 213 215 214 217 218 224 222 226 228 236 238 240 245 251 255 256 260 261 263 259 257 256 257 260 264 278
-32768 -32768 -32768 369 387 400 413 494 469 462 460 477 462 457 477 459 455 452 425 423 402 364 371 359 330 359 361 340 338 343 390 346 312 280 278 305 332 324 310 276 249 228 218 209 214 193 187 192 185 186 189 188 196 189 201 209 198 198 202 198 198 197 198 205 204 206 213 213 218 224 224 227 227 230 235 240 236 238 236 236 237 240 245 246 258 265
-32768 -32768 -32768 360 410 475 451 476 457 482 502 492 521 502 492 490 469 468 461 416 380 394 388 362 355 374 396 393 368 339 348 302 271 264 253 265 265 253 250 255 243 220 201 190 188 173 168 172 166 175 170 174 174 179 185 185 185 182 187 182 185 185 192 195 195 196 199 199 205 212 211 208 216 217 224 224 215 214 212 214 213 213 226 220 221 227
-32768 -32768 -32768 -32768 408 457 426 450 497 502 536 549 555 553 506 490 489 481 470 414 381 383 365 329 351 382 369 375 384 338 305 273 248 236 235 228 225 231 240 222 205 197 182 176 169 156 154 155 156 159 156 164 161 167 172 171 172 169 172 171 170 173 179 180 185 185 188 190 194 195 193 192 195 198 200 204 201 198 194 199 209 212 203 201 202 200
-32768 -32768 -32768 -32768 411 417 432 464 488 525 554 563 558 557 535 507 503 492 458 426 382 369 328 323 332 351 351 375 368 334 284 255 236 231 234 257 267 263 244 213 195 185 169 162 156 148 145 144 146 147 152 153 151 157 160 157 159 160 159 162 159 161 163 165 167 171 177 178 179 177 180 186 187 187 188 189 183 178 175 169 165 162 155 154 154 152
-32768 -32768 -32768 -32768 422 450 460 498 553 528 564 583 587 558 516 482 456 435 419 401 382 356 343 354 346 331 321 358 329 304 277 258 277 303 284 300 294 251 222 200 184 175 162 156 150 144 139 139 139 143 144 143 142 147 149 147 147 148 148 149 149 152 153 154 156 162 165 164 164 168 172 175 177 179 178 175 173 167 165 158 149 146 134 122 116 117
-32768 -32768 -32768 -32768 -32768 449 478 489 562 555 578 581 591 564 498 433 426 393 368 364 420 423 388 373 396 386 316 297 336 336 296 328 327 302 344 338 299 247 221 199 181 166 156 151 145 140 135 135 135 136 137 136 136 138 140 140 138 138 139 140 141 141 143 146 149 152 152 152 151 157 164 168 179 179 174 183 183 173 166 148 148 164 142 131 121 124
-32768 -32768 -32768 -32768 -32768 -32768 494 521 579 563 602 591 574 581 512 419 411 418 371 372 413 411 443 442 431 440 356 333 352 380 378 376 361 327 288 290 306 264 220 191 176 163 153 145 141 135 131 133 133 130 129 130 129 131 133 132 132 130 130 131 133 134 137 140 145 144 142 144 147 151 157 164 175 188 191 197 184 202 183 157 175 187 168 172 177 158
-32768 -32768 -32768 -32768 -32768 -32768 467 525 565 601 563 539 562 550 483 440 434 419 421 414 416 399 449 478 479 483 418 353 376 386 411 432 404 359 344 316 274 247 213 191 175 163 150 141 136 132 127 129 127 126 124 124 125 126 126 125 126 125 123 124 127 128 133 136 134 135 137 139 141 145 152 164 185 194 210 213 209 216 189 181 188 168 182 169 188 164
-32768 -32768 -32768 -32768 -32768 -32768 530 529 618 536 540 507 536 462 481 498 521 488 475 460 423 421 429 451 466 441 397 368 392 405 422 401 334 299 287 270 246 220 197 184 168 157 148 138 133 127 125 123 121 121 120 121 123 122 121 120 119 118 117 121 125 126 127 126 129 129 132 135 138 144 151 151 154 166 170 176 185 174 182 202 193 183 195 202 189 172
-32768 -32768 -32768 -32768 -32768 -32768 590 607 561 526 519 522 495 559 598 607 570 524 482 454 436 420 432 380 417 412 387 389 391 395 395 383 310 286 267 248 229 210 190 176 163 151 143 135 128 124 121 120 120 116 117 119 119 119 119 117 115 114 111 117 117 119 122 125 127 127 128 130 132 136 140 147 146 148 160 189 198 201 215 209 212 212 209 193 179 184
-32768 -32768 -32768 -32768 -32768 -32768 568 530 535 552 610 565 572 630 582 547 509 508 529 521 483 458 418 356 386 391 366 367 367 353 347 355 296 277 264 252 225 208 191 176 161 148 138 130 124 119 117 115 114 114 115 117 116 117 116 116 116 117 112 111 115 117 120 124 126 126 127 130 132 135 143 146 152 143 149 155 160 171 191 184 198 184 184 172 182 184
-32768 -32768 -32768 -32768 -32768 -32768 524 539 585 572 607 533 528 539 526 510 554 584 565 545 526 453 423 360 381 401 364 350 358 342 324 311 278 269 248 238 226 214 203 183 167 148 137 127 119 115 112 110 109 110 111 113 114 117 119 120 119 117 111 114 115 118 120 123 124 126 126 128 129 130 135 138 143 147 147 150 156 159 159 157 156 154 158 154 154 163
-32768 -32768 -32768 -32768 -32768 -32768 532 562 584 515 531 507 510 531 586 600 613 552 558 532 516 479 426 362 382 404 358 344 330 334 337 302 268 269 243 229 221 202 184 175 162 144 129 122 117 111 108 108 109 108 109 112 116 118 119 121 119 114 115 115 114 117 118 119 122 121 122 124 124 127 127 130 131 134 141 144 145 150 152 153 155 155 149 147 148 151
-32768 -32768 -32768 -32768 -32768 -32768 535 529 520 533 538 545 513 524 536 533 512 540 556 542 498 445 400 393 417 379 343 319 328 340 353 303 285 259 236 233 220 202 182 165 153 140 127 117 111 107 104 104 105 106 110 113 115 116 119 121 118 117 116 115 114 117 118 119 121 117 117 119 121 122 122 125 127 129 132 135 136 140 138 143 149 147 146 143 139 138
-32768 -32768 -32768 -32768 -32768 -32768 -32768 514 527 524 509 477 474 476 509 515 571 569 538 492 472 433 404 453 397 355 320 304 319 335 330 311 276 253 234 225 210 198 180 165 150 134 122 113 106 102 103 103 103 105 105 108 111 115 117 118 118 116 115 115 114 114 114 114 117 117 119 119 119 120 123 124 124 126 126 130 129 131 132 134 132 135 139 138 131 129
-32768 -32768 -32768 -32768 -32768 -32768 -32768 511 518 499 494 485 512 487 485 532 522 501 490 460 500 479 490 453 383 337 312 312 322 322 302 287 256 242 230 222 211 191 174 159 148 132 120 108 100 99 99 100 99 99 101 103 107 109 111 112 113 113 115 115 115 116 116 116 117 121 122 122 124 127 127 130 126 125 123 122 124 128 125 125 128 131 132 129 131 132
-32768 -32768 -32768 -32768 -32768 -32768 -32768 493 498 503 492 502 482 484 495 519 514 443 490 538 532 513 474 431 406 380 322 319 342 353 296 268 250 238 227 220 208 185 174 161 143 132 117 105 100 98 98 97 96 98 100 100 103 105 108 109 109 111 112 113 114 115 116 117 118 120 125 132 134 133 125 126 128 128 128 128 126 126 125 126 125 124 122 125 130 128
-32768 -32768 -32768 -32768 -32768 -32768 -32768 491 491 486 478 472 474 489 481 516 496 451 512 587 513 504 478 427 371 349 338 336 311 316 284 272 275 266 246 220 198 188 176 162 147 133 121 111 105 103 100 100 99 98 99 100 101 103 105 106 106 108 109 109 110 111 113 116 117 119 125 130 128 128 128 128 129 133 136 137 139 139 131 128 131 131 128 125 123 116
-32768 -32768 -32768 -32768 -32768 -32768 -32768 -32768 486 488 479 495 509 492 470 471 446 523 562 498 477 494 439 450 385 400 380 319 301 298 273 279 280 259 233 209 202 190 176 163 149 138 128 119 113 106 103 99 97 100 99 99 99 99 101 102 104 104 106 106 108 110 113 116 119 120 123 127 125 128 133 141 147 147 149 147 145 139 135 133 130 130 129 128 120 109
-32768 -32768 -32768 -32768 -32768 -32768 -32768 -32768 478 470 466 469 483 470 474 446 523 548 539 440 462 456 403 397 396 419 394 311 310 312 289 290 271 255 234 227 212 193 175 162 151 140 133 122 113 109 107 103 100 99 98 97 97 97 98 100 100 102 103 104 106 110 113 116 119 121 124 128 129 130 143 168 166 157 152 155 145 130 130 125 122 130 130 127 120 111
-32768 -32768 -32768 -32768 -32768 -32768 -32768 -32768 463 452 442 448 463 472 457 472 485 475 485 444 454 443 422 419 390 367 345 305 326 318 289 275 268 264 246 228 214 199 181 164 149 138 126 117 110 106 106 104 101 98 98 97 97 97 97 97 97 100 101 102 106 110 112 117 122 127 129 132 138 151 165 162 146 155 142 144 137 131 126 121 119 127 127 126 126 126
-32768 -32768 -32768 -32768 -32768 -32768 -32768 -32768 -32768 441 451 438 446 454 485 555 536 597 575 511 521 493 485 475 445 398 373 315 306 291 279 264 269 263 246 231 215 201 186 170 155 141 129 118 110 109 108 106 103 100 98 97 97 95 96 96 96 97 98 101 104 108 113 120 125 131 149 153 153 136 136 151 141 130 131 135 121 119 119 116 121 123 126 127 124 128
-32768 -32768 -32768 -32768 -32768 -32768 -32768 -32768 -32768 432 454 467 478 479 487 519 578 607 585 575 564 518 467 482 480 426 364 330 335 317 291 291 279 264 245 232 220 202 186 175 161 144 133 123 117 115 111 105 104 103 101 99 97 96 94 94 93 93 95 98 103 107 113 121 127 151 169 147 135 131 131 134 133 124 121 120 115 111 113 116 120 124 124 122 122 121
-32768 -32768 -32768 -32768 -32768 -32768 -32768 -32768 419 422 440 462 500 570 566 552 506 512 523 544 546 530 495 489 477 427 368 344 348 341 313 289 285 270 252 234 218 201 187 174 162 150 141 133 126 122 116 110 107 105 103 102 99 96 93 91 91 91 92 95 99 105 112 122 132 168 140 150 145 133 127 123 120 121 116 110 111 115 121 122 119 120 121 123 122 115
-32768 -32768 -32768 -32768 -32768 -32768 -32768 -32768 414 411 422 446 526 500 526 517 466 478 501 513 509 497 489 473 472 421 378 365 339 338 328 302 283 272 259 241 221 206 191 179 169 159 151 145 139 131 119 116 110 107 106 105 102 99 94 93 90 88 89 92 98 106 118 149 153 172 160 138 131 129 123 123 124 119 113 107 110 118 121 118 115 115 122 121 116 115
