DATA/PredictorVariables/1_WorldClim_R/bio19.asc
NCOLS 166 
NROWS 105 
XLLCORNER -9.41666666666667 
YLLCORNER 35.1666666666667 
CELLSIZE 0.0833333333333333 
NODATA_value -32768 
[rows 38 to 75 of 105, columns 0 to 85 of 166]
-32768 -32768 -32768 -32768 -32768 -32768 -32768 -32768 406 404 413 425 443 494 482 497 473 493 494 473 465 457 459 447 424 403 390 384 363 343 336 311 289 269 264 246 223 211 199 188 175 169 163 155 141 130 124 120 116 114 112 115 111 110 106 102 92 88 89 104 107 120 128 127 124 128 129 130 132 129 124 124 123 119 109 109 120 119 118 122 112 107 107 110 117 127
-32768 -32768 -32768 -32768 -32768 -32768 -32768 399 401 404 402 405 432 473 529 546 472 458 452 450 457 463 438 410 408 405 438 407 376 360 340 319 290 265 249 241 233 222 212 203 195 178 162 152 144 136 131 128 129 130 129 135 130 123 111 99 93 93 100 110 120 120 131 120 119 125 129 129 130 129 127 128 122 118 108 116 117 116 122 123 111 114 119 123 122 124
-32768 -32768 -32768 -32768 -32768 -32768 -32768 394 397 400 397 397 413 474 540 444 436 430 441 434 432 421 435 510 513 464 443 415 386 359 350 320 290 271 252 242 248 247 254 216 198 175 160 158 152 141 140 140 136 132 140 159 131 116 114 118 114 105 94 97 97 103 113 113 118 123 128 130 134 134 132 131 125 118 120 120 114 119 122 117 108 117 116 116 113 113
-32768 -32768 -32768 -32768 -32768 -32768 -32768 388 393 395 398 392 419 447 437 424 416 420 421 432 441 527 629 563 497 439 444 410 379 365 354 318 296 289 270 252 248 237 223 208 168 158 160 153 160 154 142 138 140 163 180 176 162 161 143 117 101 95 94 94 97 102 108 111 117 121 130 134 136 136 133 132 127 126 126 120 119 122 119 111 109 111 106 108 108 116
-32768 -32768 -32768 -32768 -32768 -32768 375 382 387 392 396 391 423 420 399 403 408 419 437 448 541 697 632 474 407 389 414 411 388 381 360 338 316 296 279 287 256 233 191 170 164 169 166 180 221 196 152 154 181 185 178 172 145 137 120 114 119 120 108 96 99 102 106 109 116 122 130 136 133 135 133 131 131 130 126 120 120 117 109 112 108 117 120 111 115 115
-32768 -32768 -32768 -32768 -32768 -32768 373 379 384 390 387 385 415 413 393 404 411 419 450 472 518 629 600 416 382 384 382 394 405 394 390 352 323 315 277 249 219 199 182 163 166 165 168 228 257 195 177 191 206 225 202 176 137 140 137 110 95 98 99 99 101 102 104 109 116 120 127 132 132 130 129 130 132 129 123 122 118 112 115 118 112 114 118 119 122 122
-32768 -32768 -32768 -32768 -32768 -32768 377 375 369 370 370 375 400 400 407 405 426 481 537 557 469 433 411 393 387 367 358 359 358 318 296 334 279 248 226 210 208 185 171 161 152 178 217 179 202 251 235 221 152 171 148 115 103 106 96 96 98 99 101 99 98 101 105 111 115 119 126 127 129 128 126 128 127 126 124 120 114 114 122 122 117 125 122 121 121 127
-32768 -32768 -32768 -32768 -32768 -32768 355 358 362 363 366 388 395 390 438 473 493 493 515 488 433 436 433 409 378 342 333 328 306 283 275 269 244 219 210 207 199 181 170 162 162 182 174 189 158 147 138 125 109 106 103 103 103 101 101 104 107 99 98 98 100 103 107 111 112 117 120 122 126 123 123 128 129 127 120 115 115 117 124 125 122 125 127 127 130 130
-32768 -32768 -32768 -32768 -32768 -32768 350 358 356 355 386 402 398 469 513 482 456 455 438 416 460 421 436 373 343 334 319 318 313 295 260 241 222 211 206 197 184 171 163 161 161 157 154 148 130 123 115 112 109 106 106 105 103 102 103 101 99 98 99 100 101 104 107 108 109 114 115 119 120 119 122 121 122 119 118 121 121 121 124 125 125 125 130 129 133 130
-32768 -32768 -32768 -32768 -32768 340 345 356 355 357 400 393 404 446 437 417 427 454 454 452 423 365 365 354 331 320 304 298 287 268 251 247 225 212 201 190 177 169 169 167 158 144 136 131 125 121 118 115 112 109 109 106 106 105 102 102 100 101 102 104 105 104 105 105 109 110 112 114 117 122 125 127 127 125 124 124 124 122 124 125 122 122 126 128 129 126
-32768 -32768 -32768 -32768 -32768 330 332 350 358 359 381 379 398 399 393 413 440 456 479 417 368 347 348 343 324 292 284 276 276 262 247 233 225 212 201 193 185 183 182 166 155 143 136 132 128 125 124 118 115 115 115 110 109 106 106 108 106 105 104 103 104 105 105 108 109 109 112 115 116 121 125 125 124 125 124 123 121 121 124 123 122 123 123 126 125 122
-32768 -32768 -32768 -32768 322 327 328 339 357 374 373 362 382 376 378 381 395 425 427 375 351 345 343 319 293 287 277 279 265 254 244 231 217 207 202 195 191 178 166 160 152 148 143 139 132 132 129 123 122 120 118 113 113 112 111 113 111 110 110 109 106 109 112 113 116 117 118 118 119 118 119 122 121 122 122 120 121 121 124 124 124 120 121 123 122 117
-32768 -32768 -32768 -32768 320 329 333 335 357 362 350 345 357 375 361 378 376 382 363 340 340 324 311 307 305 294 278 275 261 244 235 233 224 213 196 182 178 175 172 165 158 155 152 153 151 146 138 138 135 131 125 123 122 125 122 122 119 120 117 117 115 117 119 118 121 121 121 121 121 121 121 120 121 121 120 119 119 119 121 121 122 119 119 122 119 113
-32768 -32768 -32768 -32768 312 315 332 351 383 359 346 336 334 351 348 362 373 366 342 326 316 307 310 308 297 283 284 265 254 247 240 234 227 218 202 189 179 172 168 164 157 155 153 151 151 151 152 149 155 143 142 132 128 139 136 136 133 133 129 128 122 121 125 126 124 125 125 123 123 121 122 121 121 119 119 119 118 119 122 119 118 119 116 119 116 113
-32768 -32768 -32768 293 305 314 361 380 375 368 325 320 320 333 338 338 338 333 329 316 321 316 318 302 299 293 292 280 257 238 233 226 218 210 202 193 178 174 167 161 159 157 157 156 156 154 152 167 164 164 148 145 135 134 140 140 137 148 133 143 137 135 132 133 131 128 123 123 122 122 122 121 120 118 117 116 116 116 117 115 115 116 115 113 111 110
-32768 -32768 284 287 303 328 351 346 325 315 309 306 313 310 307 308 305 319 320 324 322 319 319 324 310 298 288 285 267 243 229 219 208 202 195 191 187 177 172 164 162 160 162 162 175 164 161 170 176 153 143 139 138 131 131 129 132 135 131 134 132 128 126 136 143 137 130 126 127 123 122 121 118 117 118 119 116 115 113 113 112 110 110 110 107 109
259 274 278 290 302 318 307 308 310 302 298 303 319 316 314 309 317 317 314 309 311 314 317 339 351 327 305 284 267 254 241 222 219 208 194 187 183 179 176 171 168 168 165 164 173 174 167 159 155 150 140 140 135 134 132 132 132 135 139 140 141 131 133 134 134 138 132 128 130 132 125 120 118 117 116 116 115 113 113 112 110 109 107 106 105 104
265 281 289 293 301 302 298 301 300 293 293 304 308 311 311 310 304 301 301 294 296 294 299 313 349 337 289 259 251 240 223 212 212 201 197 194 182 182 182 177 174 172 164 158 158 152 151 150 153 150 143 140 138 144 139 138 139 137 137 135 130 127 131 137 135 129 130 133 132 136 125 120 118 117 116 116 115 113 112 112 109 109 106 105 103 101
280 283 292 299 325 300 298 297 289 288 296 299 300 300 303 297 290 294 291 283 284 291 289 284 289 289 273 249 235 233 213 207 204 200 198 194 188 184 182 190 178 164 161 157 156 153 153 149 149 151 149 146 144 147 150 146 143 139 141 144 136 130 128 135 134 128 124 124 128 124 120 120 120 119 118 117 115 114 112 112 112 111 109 106 103 100
288 290 299 316 306 295 297 288 285 289 291 294 295 295 293 284 286 285 278 276 275 276 282 276 269 258 250 236 221 217 204 202 198 194 191 184 182 183 178 174 165 162 159 157 157 155 154 152 152 154 152 154 154 152 153 156 148 145 149 148 145 140 134 135 134 127 123 123 122 122 121 122 121 120 119 118 117 116 116 115 115 112 112 110 106 101
301 304 315 323 313 288 286 284 286 288 289 289 285 283 281 278 278 276 273 269 268 266 261 260 257 246 234 229 217 201 196 189 188 185 181 180 176 177 177 173 164 163 161 160 160 160 163 163 157 158 158 155 157 157 158 159 158 153 148 145 149 145 136 137 131 127 125 124 124 124 124 123 123 122 122 121 121 121 124 124 121 120 116 115 112 104
320 333 335 338 316 290 284 283 284 282 279 274 276 275 273 270 267 266 272 269 270 266 261 256 254 253 241 217 205 195 190 185 182 181 179 177 175 176 176 167 167 166 166 166 166 165 164 164 166 165 161 164 172 166 165 163 159 156 157 151 149 147 141 140 135 132 130 128 128 128 127 127 125 127 127 127 128 127 124 124 124 124 123 123 117 107
335 345 340 317 301 287 285 283 283 283 280 278 277 271 271 269 267 264 265 263 263 272 270 259 250 254 238 211 198 191 189 184 180 179 179 179 179 177 174 173 173 173 176 175 175 175 170 172 172 173 170 167 172 166 167 167 167 168 166 158 155 155 150 143 140 136 134 135 134 134 136 133 128 128 130 130 128 130 129 126 126 124 123 123 119 110
347 348 334 309 295 285 284 283 281 278 278 276 276 273 273 274 271 266 266 261 261 259 267 265 241 228 216 204 199 196 193 188 187 185 185 187 186 181 184 185 187 185 185 191 183 183 178 181 182 183 182 179 172 175 173 170 168 171 169 169 164 159 157 154 150 151 145 140 138 137 137 136 133 134 133 130 130 131 131 129 127 126 123 121 117 113
328 326 321 307 289 288 282 281 279 279 276 274 271 274 276 277 275 269 263 261 255 262 255 243 238 216 209 208 203 201 199 194 191 190 189 191 193 188 185 189 195 197 193 191 191 190 192 192 196 192 189 183 179 178 175 173 174 174 172 173 174 168 163 160 160 160 155 146 145 145 141 139 137 136 136 133 132 132 132 132 129 124 122 125 126 128
-32768 307 309 298 291 288 283 278 274 273 271 270 274 277 275 276 274 266 254 250 243 240 240 232 220 215 208 211 212 213 209 202 201 199 197 198 199 197 193 198 200 205 206 198 203 203 206 202 197 192 191 189 188 192 185 185 187 184 183 182 180 177 172 170 167 159 155 158 149 151 147 145 142 142 142 138 135 133 135 129 126 117 125 135 141 129
-32768 -32768 303 299 294 295 281 272 268 271 266 265 271 269 269 271 263 253 249 242 237 235 235 230 219 208 211 212 217 218 222 229 220 223 206 205 210 207 204 199 213 212 209 206 215 218 212 209 201 203 202 202 199 196 194 191 189 191 197 198 189 184 179 170 168 168 163 157 158 155 154 152 149 146 143 140 135 137 130 122 120 125 143 146 143 130
-32768 -32768 303 305 303 302 272 267 263 263 260 259 255 257 258 252 250 247 244 237 232 231 229 223 214 207 209 211 213 218 226 241 242 238 225 212 221 218 214 207 210 214 218 217 221 218 215 216 216 212 213 212 208 208 207 204 201 197 194 196 203 199 194 188 176 168 172 175 176 173 161 155 152 146 141 140 138 133 125 122 125 129 130 138 138 121
-32768 -32768 -32768 -32768 -32768 -32768 -32768 264 264 260 254 252 253 249 255 250 247 245 248 240 234 226 223 215 210 210 208 208 215 216 228 234 212 218 219 225 225 227 227 222 219 225 221 224 224 224 224 225 224 224 224 223 220 218 218 215 211 209 206 200 198 193 194 191 188 171 177 173 170 172 164 158 149 142 139 138 134 128 119 119 123 125 136 142 128 108
-32768 -32768 -32768 -32768 -32768 -32768 -32768 263 262 262 257 251 246 240 244 244 245 244 239 240 243 231 220 214 208 208 207 209 209 215 220 214 211 213 215 222 227 233 234 235 233 232 231 231 231 229 233 233 228 228 227 232 234 226 223 223 220 218 215 213 209 204 192 195 188 178 175 172 165 161 157 149 142 140 141 138 131 122 131 138 127 147 154 136 130 119
-32768 -32768 -32768 -32768 -32768 -32768 -32768 263 263 266 254 251 245 239 237 235 236 236 239 235 233 228 219 211 210 207 207 208 207 205 216 224 240 238 228 225 231 237 230 234 241 242 238 234 232 227 231 239 242 242 237 234 234 235 229 225 224 224 217 214 209 210 196 196 191 181 183 168 162 157 154 144 145 147 144 137 131 134 137 140 137 157 152 139 152 130
-32768 -32768 -32768 -32768 -32768 -32768 -32768 255 265 276 259 249 241 240 235 234 234 235 230 225 219 213 213 213 209 206 205 206 210 213 217 228 238 239 248 247 243 250 247 233 229 237 249 245 242 235 234 234 237 240 246 247 242 234 235 229 224 224 218 206 203 201 195 193 188 185 174 168 162 162 150 147 147 141 137 137 137 140 165 137 160 170 164 159 155 150
-32768 -32768 -32768 -32768 -32768 -32768 254 254 264 268 260 248 241 237 236 236 240 237 235 226 223 214 216 216 218 212 211 220 227 234 229 219 237 252 250 250 268 262 251 245 234 231 237 249 255 251 243 237 232 239 241 249 249 246 241 238 226 223 215 205 201 196 189 183 179 175 171 168 165 159 160 163 163 156 144 133 134 157 157 160 188 177 181 172 166 156
-32768 -32768 -32768 -32768 -32768 -32768 254 252 264 257 249 243 237 236 235 238 234 233 235 229 218 216 217 216 216 215 210 213 214 221 238 241 241 244 231 228 240 246 238 245 253 235 247 255 250 261 259 251 247 241 242 250 247 245 244 240 229 219 214 206 206 199 197 195 188 182 181 171 166 161 159 156 148 142 137 134 135 149 165 186 196 173 171 155 143 135
-32768 -32768 -32768 -32768 -32768 -32768 -32768 249 258 252 246 239 239 239 240 240 235 232 229 223 220 213 216 218 215 209 213 225 231 231 243 244 252 250 249 240 229 232 239 239 241 230 243 247 250 259 256 251 242 246 241 244 244 245 243 236 231 226 220 216 213 209 201 200 195 190 191 179 177 176 169 159 155 146 138 140 153 184 183 189 174 149 150 143 131 135
-32768 -32768 -32768 -32768 -32768 -32768 -32768 246 257 250 245 240 240 242 246 243 238 232 227 223 220 215 218 216 211 209 215 220 214 215 218 215 221 224 235 239 233 226 237 239 243 230 232 242 243 247 246 243 245 240 236 239 241 244 246 243 237 234 226 221 220 209 205 203 203 205 207 193 184 192 193 190 179 155 147 139 162 191 162 150 145 137 133 135 133 136
-32768 -32768 -32768 -32768 -32768 -32768 -32768 240 247 246 249 251 243 241 244 245 239 234 231 226 221 215 217 209 210 205 205 207 203 200 205 201 213 224 228 232 235 229 229 232 235 239 227 231 235 244 242 234 236 238 241 246 248 250 252 249 243 233 229 223 220 212 209 209 208 215 219 205 200 196 206 224 183 175 163 152 141 149 149 140 135 129 135 138 132 137
-32768 -32768 -32768 -32768 -32768 -32768 -32768 239 238 238 247 252 255 246 246 247 243 240 232 224 217 213 212 205 203 205 207 207 198 194 203 203 215 220 216 228 229 229 228 230 229 234 230 227 228 232 234 237 241 246 247 249 252 254 253 250 248 240 237 234 226 223 212 210 218 211 218 229 213 198 199 196 187 180 168 153 142 145 141 132 127 131 138 153 154 152
