DATA/PredictorVariables/1_WorldClim_R/bio12.asc
NCOLS 166 
NROWS 105 
XLLCORNER -9.41666666666667 
YLLCORNER 35.1666666666667 
CELLSIZE 0.0833333333333333 
NODATA_value -32768 
[rows 0 to 37 of 105, columns 0 to 84 of 166]
-32768.000000000000000 -32768 -32768 -32768 -32768 -32768 -32768 -32768 -32768 -32768 -32768 -32768 -32768 -32768 -32768 -32768 -32768 -32768 -32768 -32768 -32768 -32768 -32768 -32768 -32768 -32768 -32768 -32768 -32768 -32768 -32768 -32768 -32768 -32768 -32768 -32768 -32768 -32768 -32768 -32768 -32768 -32768 -32768 -32768 -32768 -32768 -32768 -32768 -32768 -32768 -32768 -32768 -32768 -32768 -32768 -32768 -32768 -32768 -32768 -32768 -32768 -32768 -32768 -32768 -32768 -32768 -32768 -32768 -32768 -32768 -32768 -32768 -32768 -32768 -32768 -32768 -32768 -32768 -32768 -32768 -32768 -32768 -32768 -32768 -32768
-32768 -32768 -32768 -32768 -32768 -32768 -32768 -32768 -32768 -32768 -32768 -32768 -32768 -32768 -32768 -32768 -32768 -32768 1021 -32768 979 946 -32768 -32768 -32768 -32768 -32768 -32768 -32768 -32768 -32768 -32768 -32768 -32768 -32768 -32768 -32768 -32768 -32768 -32768 -32768 -32768 -32768 -32768 -32768 -32768 -32768 -32768 -32768 -32768 -32768 -32768 -32768 -32768 -32768 -32768 -32768 -32768 -32768 -32768 -32768 -32768 -32768 -32768 -32768 -32768 -32768 -32768 -32768 -32768 -32768 -32768 -32768 -32768 -32768 -32768 -32768 -32768 -32768 -32768 -32768 -32768 -32768 -32768 -32768
-32768 -32768 -32768 -32768 -32768 -32768 -32768 -32768 -32768 -32768 -32768 -32768 -32768 -32768 -32768 -32768 1045 1124 1007 1008 1011 979 970 939 917 -32768 -32768 -32768 -32768 -32768 -32768 -32768 -32768 -32768 -32768 -32768 -32768 -32768 -32768 -32768 -32768 -32768 -32768 -32768 -32768 -32768 -32768 -32768 -32768 -32768 -32768 -32768 -32768 -32768 -32768 -32768 -32768 -32768 -32768 -32768 -32768 -32768 -32768 -32768 -32768 -32768 -32768 -32768 -32768 -32768 -32768 -32768 -32768 -32768 -32768 -32768 -32768 -32768 -32768 -32768 -32768 -32768 -32768 -32768 -32768
-32768 -32768 -32768 -32768 -32768 -32768 -32768 -32768 -32768 -32768 -32768 -32768 -32768 -32768 1003 1039 1052 1082 1032 1080 1083 1006 1053 1029 965 904 -32768 -32768 -32768 -32768 -32768 -32768 -32768 -32768 -32768 -32768 -32768 -32768 837 -32768 835 837 855 854 837 -32768 -32768 -32768 -32768 -32768 -32768 -32768 -32768 -32768 -32768 -32768 -32768 -32768 -32768 -32768 -32768 -32768 -32768 -32768 -32768 -32768 -32768 -32768 -32768 -32768 -32768 -32768 -32768 -32768 -32768 -32768 -32768 -32768 -32768 -32768 -32768 -32768 -32768 -32768 -32768
-32768 -32768 -32768 -32768 -32768 -32768 -32768 -32768 -32768 -32768 -32768 -32768 -32768 1044 1025 1044 1060 1080 1128 1155 1126 1083 1122 994 935 919 915 902 863 866 859 869 842 870 848 852 872 886 874 865 863 852 851 859 832 830 851 851 827 833 -32768 -32768 -32768 -32768 -32768 -32768 -32768 -32768 -32768 -32768 -32768 -32768 -32768 -32768 -32768 -32768 -32768 -32768 -32768 1127 1138 -32768 -32768 -32768 -32768 -32768 -32768 -32768 -32768 -32768 -32768 -32768 -32768 -32768 -32768
-32768 -32768 -32768 -32768 -32768 -32768 -32768 -32768 -32768 -32768 -32768 -32768 -32768 1043 1022 1097 1155 1171 1127 1153 1190 1199 1182 1088 983 932 963 895 885 927 940 938 880 952 900 874 899 934 880 846 880 891 869 855 850 871 870 831 841 844 850 826 819 827 821 818 821 -32768 -32768 -32768 -32768 -32768 -32768 960 984 1019 1044 1069 1084 1112 1116 1131 -32768 -32768 -32768 -32768 -32768 1265 1269 1280 1266 -32768 -32768 -32768 -32768
-32768 -32768 -32768 -32768 -32768 -32768 1067 1013 -32768 -32768 -32768 1061 1034 1048 1046 1107 1165 1167 1179 1140 1133 1120 1142 1093 1057 1006 945 936 995 1043 985 928 940 961 891 928 950 894 854 849 832 833 859 846 844 847 839 835 829 823 803 804 835 842 858 890 866 857 851 861 874 898 929 950 962 993 1019 1042 1055 1082 1094 1097 1131 1145 1150 1170 1197 1232 1247 1261 1255 1264 1267 1254 -32768
-32768 -32768 -32768 -32768 -32768 1051 1043 1072 1114 1108 1113 1109 1073 1065 1060 1129 1174 1221 1182 1137 1104 1083 1046 1051 1026 1010 950 1023 1033 1004 916 936 1004 984 902 869 867 893 869 876 874 857 839 838 831 835 851 851 827 854 830 811 855 895 891 862 889 859 874 866 886 899 912 936 943 966 987 1015 1039 1053 1064 1072 1097 1114 1134 1146 1168 1187 1203 1207 1209 1223 1242 1249 1261
-32768 -32768 995 1000 1027 1072 1086 1107 1113 1160 1258 1236 1195 1135 1134 1196 1207 1218 1177 1150 1092 1068 1028 1010 1009 1024 982 1000 1006 949 897 977 1019 923 879 879 947 914 924 919 858 953 862 812 829 836 822 829 830 901 860 845 922 1102 1011 1054 1027 869 906 884 876 881 909 910 917 941 959 975 1010 1053 1033 1035 1049 1066 1081 1096 1113 1130 1141 1147 1154 1169 1185 1200 1221
-32768 -32768 965 1002 1077 1103 1180 1230 1244 1297 1295 1277 1284 1248 1264 1271 1240 1225 1177 1147 1111 1052 1026 1014 1021 1037 985 1049 993 995 924 965 992 920 890 953 1020 919 973 926 942 859 849 807 843 828 826 879 919 882 909 946 888 977 1029 975 850 817 847 956 906 893 898 905 891 925 920 945 1002 1022 1014 1010 1009 1009 1025 1038 1051 1064 1074 1081 1094 1103 1114 1130 1153
-32768 971 988 1043 1149 1180 1232 1269 1304 1305 1311 1277 1282 1274 1260 1255 1255 1271 1214 1147 1114 1064 1037 1038 1025 1048 1038 972 961 895 893 977 1025 923 1003 983 1124 1118 1068 1140 1033 1076 880 816 973 987 934 982 1002 912 962 900 875 948 946 1033 1019 947 889 920 1019 962 892 887 885 897 901 921 928 926 937 945 960 966 984 999 989 996 1019 1057 1035 1043 1039 1051 1080
-32768 949 978 1103 1169 1216 1247 1267 1296 1305 1307 1311 1317 1311 1293 1256 1272 1247 1230 1163 1143 1094 1022 989 982 1026 1000 989 900 896 951 946 1005 1006 1042 1085 1005 988 977 1004 944 947 977 918 892 919 876 931 882 812 857 862 848 832 895 991 1011 966 893 861 984 935 848 840 845 849 860 868 874 872 875 890 904 917 927 940 947 948 949 964 956 965 988 1009 1049
-32768 939 -32768 1064 1204 1226 1228 1282 1255 1243 1329 1371 1312 1298 1275 1220 1209 1200 1191 1178 1116 1054 1003 963 968 981 1012 936 912 973 1057 1126 1100 996 1001 966 992 1071 1003 1031 1016 919 836 925 829 809 790 835 772 764 813 783 821 794 864 870 873 868 808 792 801 806 799 806 804 823 809 821 819 843 840 835 853 874 886 883 894 903 906 887 879 882 892 908 924
-32768 -32768 -32768 1065 1108 1135 1160 1357 1292 1273 1269 1311 1274 1263 1313 1270 1259 1250 1187 1181 1127 1031 1047 1019 944 1022 1028 978 978 995 1142 1023 933 849 852 941 1032 1021 988 900 828 777 758 737 759 703 690 710 693 700 713 712 737 721 758 784 750 751 764 752 750 743 748 768 758 762 786 778 793 813 801 806 796 800 815 842 810 829 818 820 835 848 872 876 917
-32768 -32768 -32768 1039 1151 1305 1246 1303 1254 1313 1359 1335 1407 1366 1341 1337 1286 1284 1266 1156 1065 1098 1084 1018 999 1051 1118 1112 1048 971 1007 880 801 792 768 815 827 803 807 828 803 743 699 673 676 637 629 644 630 659 648 661 666 683 703 704 706 697 713 697 706 703 727 735 736 737 741 739 754 779 765 740 770 774 799 794 750 747 746 761 764 773 817 801 805
-32768 -32768 -32768 -32768 1141 1253 1182 1231 1340 1347 1429 1463 1480 1479 1367 1330 1328 1308 1280 1145 1061 1064 1018 926 981 1063 1030 1051 1083 961 874 790 727 698 703 694 697 727 767 723 683 668 636 625 613 579 578 583 591 605 600 625 618 641 658 656 660 651 662 660 655 663 685 688 700 701 710 714 725 721 707 694 701 709 718 732 720 709 695 724 763 777 749 745 751
-32768 -32768 -32768 -32768 1145 1157 1189 1261 1311 1391 1454 1479 1474 1479 1429 1363 1354 1328 1244 1163 1054 1023 922 905 923 968 973 1043 1026 939 803 730 684 671 687 767 812 812 770 687 644 624 590 577 564 548 544 545 553 561 579 586 582 603 615 608 618 618 618 625 619 623 628 634 642 651 675 674 674 664 666 685 685 682 686 686 663 648 641 626 621 617 602 605 610
-32768 -32768 -32768 -32768 1163 1225 1246 1328 1443 1388 1463 1514 1539 1472 1375 1297 1234 1184 1144 1097 1049 984 948 973 952 913 886 981 910 846 775 730 788 874 829 892 888 771 691 640 604 591 559 549 537 528 518 520 528 539 549 551 549 566 579 574 572 577 579 582 585 591 594 598 604 622 632 627 625 633 645 652 654 662 653 645 638 620 615 598 572 570 540 509 496
-32768 -32768 -32768 -32768 -32768 1217 1284 1308 1449 1433 1479 1489 1538 1479 1327 1178 1160 1081 1019 1003 1135 1138 1050 1010 1067 1041 862 817 921 921 819 920 925 861 1006 1000 895 748 685 632 587 554 535 526 517 509 497 502 509 514 522 523 522 533 541 544 541 543 546 552 551 555 559 568 581 591 589 588 584 596 615 631 669 665 649 681 684 646 626 570 572 630 567 534 508
-32768 -32768 -32768 -32768 -32768 -32768 1310 1366 1475 1435 1512 1505 1485 1513 1355 1143 1120 1134 1020 1017 1110 1103 1178 1178 1149 1184 956 897 949 1039 1047 1054 1022 930 824 847 909 796 675 601 565 539 518 504 497 489 480 490 499 492 491 494 497 505 513 515 517 514 515 519 527 530 537 549 565 561 557 559 568 581 597 620 661 705 718 739 689 754 688 601 663 705 646 659 677
-32768 -32768 -32768 -32768 -32768 -32768 1249 1365 1436 1494 1428 1382 1448 1432 1284 1188 1173 1130 1130 1108 1109 1065 1188 1266 1274 1294 1114 939 1007 1046 1137 1219 1147 1024 992 920 804 739 649 595 557 533 506 485 481 474 465 473 473 470 470 474 479 483 486 487 494 493 490 494 505 509 522 533 527 529 536 541 547 560 579 626 701 733 793 798 785 810 713 684 710 642 691 650 713
-32768 -32768 -32768 -32768 -32768 -32768 1362 1362 1535 1367 1371 1311 1389 1235 1280 1314 1362 1283 1250 1210 1118 1109 1126 1183 1228 1165 1044 968 1048 1097 1165 1115 918 826 804 771 713 649 593 568 534 513 495 473 465 455 452 451 449 453 452 459 466 465 465 465 465 468 466 482 498 497 504 499 511 510 516 526 536 557 581 577 591 631 650 667 701 661 687 760 726 695 738 767 720
-32768 -32768 -32768 -32768 -32768 -32768 1484 1513 1413 1342 1327 1341 1291 1443 1540 1568 1471 1360 1257 1189 1141 1098 1124 996 1087 1072 1008 1019 1033 1056 1070 1049 836 777 737 696 657 613 570 539 513 489 476 461 448 438 438 438 440 434 438 446 447 450 451 449 448 450 447 466 466 469 481 494 500 500 503 508 515 526 542 567 561 568 612 717 751 764 815 793 803 801 792 738 685
-32768 -32768 -32768 -32768 -32768 -32768 1428 1341 1354 1388 1529 1435 1460 1614 1492 1411 1320 1314 1361 1341 1246 1183 1085 934 1000 1010 945 952 952 918 914 956 785 742 719 699 640 601 565 538 505 480 459 444 431 424 423 419 420 422 426 436 432 436 437 439 446 455 443 440 454 465 475 489 500 497 500 511 518 526 552 566 589 553 571 593 611 654 728 701 755 702 700 661 698
-32768 -32768 -32768 -32768 -32768 -32768 1321 1354 1456 1427 1520 1357 1351 1384 1355 1322 1422 1494 1448 1397 1348 1162 1088 938 981 1029 935 898 921 883 836 807 722 708 666 654 637 619 601 557 522 478 456 433 419 410 405 403 404 407 414 418 424 434 444 448 450 446 430 444 452 463 475 484 489 494 495 500 505 509 524 535 553 566 567 577 599 609 612 602 600 595 607 592 594
-32768 -32768 -32768 -32768 -32768 -32768 1332 1400 1456 1297 1340 1291 1307 1359 1490 1526 1561 1406 1418 1354 1310 1219 1088 935 975 1028 913 879 842 856 868 771 692 704 649 626 621 580 545 533 510 468 432 416 408 396 390 395 401 398 402 416 427 434 440 444 436 427 432 443 446 456 462 468 477 474 479 485 487 492 495 505 510 520 544 556 561 581 585 588 593 595 574 568 575
-32768 -32768 -32768 -32768 -32768 -32768 1332 1315 1298 1336 1353 1378 1306 1336 1365 1359 1307 1369 1405 1371 1259 1129 1019 1003 1055 963 873 816 834 865 909 775 734 678 632 637 616 580 539 504 483 454 423 403 391 383 379 382 388 393 407 416 421 426 433 436 425 433 435 439 439 451 460 465 471 458 456 464 471 472 479 487 494 502 513 522 528 544 536 554 575 569 562 557 546
-32768 -32768 -32768 -32768 -32768 -32768 -32768 1276 1313 1314 1283 1215 1212 1220 1299 1311 1440 1433 1357 1243 1191 1093 1026 1140 1003 901 819 780 813 850 843 797 713 664 627 614 590 570 532 504 470 437 410 393 377 371 380 381 383 389 390 399 410 420 425 420 420 425 426 431 437 440 441 442 456 453 465 463 466 468 478 482 485 490 491 506 504 512 516 524 520 530 545 543 520
-32768 -32768 -32768 -32768 -32768 -32768 -32768 1272 1292 1253 1246 1233 1297 1244 1236 1346 1316 1264 1237 1162 1256 1198 1227 1132 964 856 798 795 816 816 771 738 666 638 615 608 591 550 514 486 468 434 407 381 361 359 366 369 369 371 377 382 393 398 401 404 408 412 431 433 441 448 452 451 458 471 475 474 481 496 493 504 491 484 481 479 486 500 495 494 508 516 523 514 528
-32768 -32768 -32768 -32768 -32768 -32768 -32768 1231 1247 1267 1247 1274 1231 1234 1258 1307 1294 1126 1228 1342 1326 1275 1180 1072 1015 954 817 811 866 896 755 696 655 632 612 602 584 535 517 492 454 430 399 374 361 358 364 362 361 362 370 372 380 386 396 398 402 410 426 433 439 445 451 455 459 465 490 517 524 518 487 492 501 497 502 500 495 496 492 498 498 495 492 506 528
-32768 -32768 -32768 -32768 -32768 -32768 -32768 1228 1232 1230 1216 1207 1212 1245 1222 1298 1248 1141 1278 1461 1271 1246 1183 1060 931 878 851 848 791 802 728 706 719 704 661 605 558 545 525 498 466 437 411 388 380 375 368 371 371 370 371 376 380 387 393 395 396 405 411 414 423 429 438 448 454 457 483 508 499 494 491 497 502 520 534 537 546 546 519 507 523 523 516 507 507
-32768 -32768 -32768 -32768 -32768 -32768 -32768 -32768 1222 1238 1226 1264 1293 1252 1197 1195 1131 1304 1391 1234 1178 1218 1085 1113 960 998 948 808 768 759 706 722 732 688 631 579 569 550 522 499 472 452 433 416 404 390 380 372 364 376 374 374 376 377 380 386 394 397 404 408 417 425 439 451 456 465 472 491 482 491 515 549 575 574 580 575 569 547 533 526 520 524 523 522 502
-32768 -32768 -32768 -32768 -32768 -32768 -32768 -32768 1208 1205 1205 1209 1234 1203 1205 1137 1305 1357 1333 1096 1141 1127 1003 987 986 1039 983 790 788 795 745 749 711 678 634 628 599 556 520 494 478 461 449 426 404 397 394 385 374 372 372 372 374 376 377 385 388 400 401 408 417 428 439 450 460 469 478 492 498 503 553 653 649 617 593 607 569 514 517 500 492 526 528 523 500
-32768 -32768 -32768 -32768 -32768 -32768 -32768 -32768 1183 1177 1158 1166 1194 1205 1166 1191 1216 1187 1206 1105 1125 1096 1046 1037 969 916 868 774 825 808 744 715 706 703 665 629 603 575 540 504 472 452 429 411 399 389 391 387 379 371 374 374 375 376 377 385 387 401 402 408 420 433 440 454 474 492 500 510 534 588 641 630 570 601 554 563 540 517 506 486 482 515 521 521 527
-32768 -32768 -32768 -32768 -32768 -32768 -32768 -32768 -32768 1148 1176 1139 1153 1163 1225 1382 1329 1470 1414 1258 1279 1211 1193 1168 1099 987 929 799 780 748 721 691 709 702 665 640 607 582 553 518 487 459 434 412 398 395 394 394 388 379 378 378 379 376 382 387 386 396 402 410 423 431 448 471 489 514 587 598 599 522 522 587 546 504 512 528 479 472 477 472 489 502 520 526 523
-32768 -32768 -32768 -32768 -32768 -32768 -32768 -32768 -32768 1121 1174 1202 1220 1217 1227 1295 1428 1495 1438 1407 1381 1270 1148 1184 1183 1056 910 832 845 808 750 757 733 705 666 642 619 585 552 530 506 468 442 426 414 409 398 388 390 390 389 388 385 383 386 385 386 392 401 412 422 433 446 478 502 599 661 572 515 497 493 514 511 477 473 468 455 443 454 467 489 509 512 510 515
-32768 -32768 -32768 -32768 -32768 -32768 -32768 -32768 1078 1087 1135 1184 1263 1418 1406 1368 1257 1267 1287 1333 1334 1297 1214 1199 1175 1056 921 866 879 866 806 752 749 723 686 647 616 581 552 530 505 480 464 450 435 428 415 400 397 399 395 402 396 392 387 383 386 391 401 416 422 435 455 488 527 663 547 588 561 502 472 453 451 462 450 433 440 458 484 491 486 492 501 514 519
-32768 -32768 -32768 -32768 -32768 -32768 -32768 -32768 1062 1057 1085 1139 1320 1256 1310 1284 1163 1186 1234 1259 1249 1216 1200 1163 1161 1043 945 916 859 861 842 785 744 727 703 664 621 593 562 539 524 504 492 481 472 456 421 418 407 404 407 413 414 410 395 398 390 394 402 417 431 449 492 600 613 675 626 524 479 467 444 447 462 453 436 419 434 471 480 479 468 472 503 506 492
