DATA/PredictorVariables/1_WorldClim_R/bio1.asc
NCOLS 166 
NROWS 105 
XLLCORNER -9.41666666666667 
YLLCORNER 35.1666666666667 
CELLSIZE 0.0833333333333333 
NODATA_value -32768 
[rows 0 to 37 of 105, columns 0 to 84 of 166]
-32768.000000000000000 -32768 -32768 -32768 -32768 -32768 -32768 -32768 -32768 -32768 -32768 -32768 -32768 -32768 -32768 -32768 -32768 -32768 -32768 -32768 -32768 -32768 -32768 -32768 -32768 -32768 -32768 -32768 -32768 -32768 -32768 -32768 -32768 -32768 -32768 -32768 -32768 -32768 -32768 -32768 -32768 -32768 -32768 -32768 -32768 -32768 -32768 -32768 -32768 -32768 -32768 -32768 -32768 -32768 -32768 -32768 -32768 -32768 -32768 -32768 -32768 -32768 -32768 -32768 -32768 -32768 -32768 -32768 -32768 -32768 -32768 -32768 -32768 -32768 -32768 -32768 -32768 -32768 -32768 -32768 -32768 -32768 -32768 -32768 -32768
-32768 -32768 -32768 -32768 -32768 -32768 -32768 -32768 -32768 -32768 -32768 -32768 -32768 -32768 -32768 -32768 -32768 -32768 135 -32768 138 142 -32768 -32768 -32768 -32768 -32768 -32768 -32768 -32768 -32768 -32768 -32768 -32768 -32768 -32768 -32768 -32768 -32768 -32768 -32768 -32768 -32768 -32768 -32768 -32768 -32768 -32768 -32768 -32768 -32768 -32768 -32768 -32768 -32768 -32768 -32768 -32768 -32768 -32768 -32768 -32768 -32768 -32768 -32768 -32768 -32768 -32768 -32768 -32768 -32768 -32768 -32768 -32768 -32768 -32768 -32768 -32768 -32768 -32768 -32768 -32768 -32768 -32768 -32768
-32768 -32768 -32768 -32768 -32768 -32768 -32768 -32768 -32768 -32768 -32768 -32768 -32768 -32768 -32768 -32768 134 124 137 135 134 137 136 140 141 -32768 -32768 -32768 -32768 -32768 -32768 -32768 -32768 -32768 -32768 -32768 -32768 -32768 -32768 -32768 -32768 -32768 -32768 -32768 -32768 -32768 -32768 -32768 -32768 -32768 -32768 -32768 -32768 -32768 -32768 -32768 -32768 -32768 -32768 -32768 -32768 -32768 -32768 -32768 -32768 -32768 -32768 -32768 -32768 -32768 -32768 -32768 -32768 -32768 -32768 -32768 -32768 -32768 -32768 -32768 -32768 -32768 -32768 -32768 -32768
-32768 -32768 -32768 -32768 -32768 -32768 -32768 -32768 -32768 -32768 -32768 -32768 -32768 -32768 141 136 134 130 134 127 125 133 125 126 133 141 -32768 -32768 -32768 -32768 -32768 -32768 -32768 -32768 -32768 -32768 -32768 -32768 140 -32768 140 140 138 138 140 -32768 -32768 -32768 -32768 -32768 -32768 -32768 -32768 -32768 -32768 -32768 -32768 -32768 -32768 -32768 -32768 -32768 -32768 -32768 -32768 -32768 -32768 -32768 -32768 -32768 -32768 -32768 -32768 -32768 -32768 -32768 -32768 -32768 -32768 -32768 -32768 -32768 -32768 -32768 -32768
-32768 -32768 -32768 -32768 -32768 -32768 -32768 -32768 -32768 -32768 -32768 -32768 -32768 138 139 137 134 130 123 118 119 123 115 130 136 137 136 136 140 139 138 135 139 133 136 135 131 128 131 133 134 136 136 135 139 138 134 134 138 136 -32768 -32768 -32768 -32768 -32768 -32768 -32768 -32768 -32768 -32768 -32768 -32768 -32768 -32768 -32768 -32768 -32768 -32768 -32768 140 138 -32768 -32768 -32768 -32768 -32768 -32768 -32768 -32768 -32768 -32768 -32768 -32768 -32768 -32768
-32768 -32768 -32768 -32768 -32768 -32768 -32768 -32768 -32768 -32768 -32768 -32768 -32768 139 141 132 125 122 124 119 112 108 107 117 129 134 127 136 135 126 122 121 129 115 123 127 122 114 126 133 127 126 131 133 132 127 125 133 131 130 127 135 137 136 140 142 143 -32768 -32768 -32768 -32768 -32768 -32768 142 141 140 141 141 141 137 139 139 -32768 -32768 -32768 -32768 -32768 136 136 134 141 -32768 -32768 -32768 -32768
-32768 -32768 -32768 -32768 -32768 -32768 139 145 -32768 -32768 -32768 140 142 140 140 133 125 123 119 121 119 118 112 115 118 122 129 127 116 106 112 120 115 110 121 113 106 118 127 128 133 133 128 130 129 127 126 127 127 128 134 135 126 125 123 117 126 132 138 140 141 139 136 137 141 139 139 137 139 133 134 137 132 132 137 138 139 138 137 132 135 135 137 141 -32768
-32768 -32768 -32768 -32768 -32768 140 142 140 137 138 138 137 140 140 140 133 126 118 120 122 123 122 124 121 121 120 126 112 108 110 121 115 101 102 114 119 118 112 117 114 115 120 126 125 125 121 113 112 118 109 117 123 111 102 106 115 109 122 120 128 126 128 131 127 133 133 132 124 117 120 123 130 124 123 123 131 131 140 136 136 136 134 131 136 135
-32768 -32768 143 142 142 139 139 138 139 136 128 130 133 137 136 128 124 120 122 121 125 124 126 125 122 117 120 114 110 115 121 106 96 109 114 112 98 102 99 98 111 89 109 122 112 108 112 108 106 89 100 103 87 57 74 66 72 108 100 108 115 119 113 119 126 121 121 119 103 90 108 120 121 119 125 130 128 125 135 135 133 126 127 129 128
-32768 -32768 145 142 137 137 132 130 130 127 128 130 129 130 127 123 123 120 122 122 123 126 126 124 120 114 118 105 109 106 115 105 97 106 108 95 83 96 85 92 87 100 100 110 100 101 100 88 82 87 82 76 88 71 63 73 100 112 105 80 94 100 101 103 117 105 114 109 89 84 91 98 108 124 123 128 127 128 128 129 119 125 127 127 124
-32768 142 142 138 132 131 130 129 128 130 130 134 133 131 130 127 122 116 119 123 122 125 124 120 118 111 109 114 112 119 116 100 90 101 88 88 67 65 69 58 69 62 89 99 72 69 76 67 64 76 69 78 82 71 72 58 63 75 86 80 63 74 91 95 98 97 100 97 98 104 105 106 105 108 105 108 124 125 111 97 112 112 124 127 119
-32768 145 143 134 132 131 131 132 132 133 134 135 133 131 129 129 122 120 117 121 119 121 126 126 123 113 113 110 119 116 104 102 91 88 80 71 79 79 77 72 78 76 70 76 79 73 79 70 77 88 80 80 82 85 75 61 58 65 78 85 64 73 93 97 98 100 99 99 101 107 114 111 107 107 106 104 108 111 114 109 116 117 111 108 98
-32768 147 -32768 140 131 132 135 133 138 140 135 133 136 134 133 134 131 127 123 120 122 125 127 128 124 118 110 116 116 103 88 77 77 86 83 85 78 66 71 66 66 76 86 72 83 85 87 80 89 91 83 89 82 87 76 75 75 76 88 93 93 93 96 96 98 96 103 101 105 102 106 112 108 104 102 107 106 104 107 116 120 120 119 117 116
-32768 -32768 -32768 143 141 142 144 130 137 141 142 139 140 138 130 130 126 121 123 119 120 127 121 120 126 111 106 109 105 98 77 88 95 104 100 85 71 70 71 80 87 92 93 94 90 98 99 95 98 97 95 96 92 96 89 85 92 93 91 95 97 101 100 97 102 102 97 101 99 95 103 104 113 114 112 103 118 111 117 117 112 111 107 108 101
-32768 -32768 -32768 148 142 131 139 137 143 140 137 138 129 130 128 123 123 117 114 122 127 119 116 120 118 107 94 91 94 100 92 104 112 109 110 99 95 95 92 87 88 94 98 100 98 104 105 102 106 100 103 101 101 98 95 95 96 98 96 101 100 102 97 96 97 98 98 101 97 92 99 112 104 105 100 104 121 123 122 116 116 114 105 110 111
-32768 -32768 -32768 -32768 145 138 147 146 140 140 133 128 121 114 125 124 118 115 112 123 127 122 123 130 119 105 104 97 89 100 108 115 121 121 117 115 112 104 95 98 102 102 105 105 104 110 110 109 109 106 108 103 106 101 99 100 99 103 102 103 106 105 100 100 98 98 97 96 94 97 104 113 113 112 111 108 113 118 121 113 105 103 108 109 110
-32768 -32768 -32768 -32768 148 148 149 146 145 139 133 127 123 116 117 119 115 112 116 120 127 126 134 132 126 116 111 98 95 102 116 123 127 124 117 102 92 89 92 101 105 106 109 109 109 112 114 113 112 111 107 107 109 105 103 105 104 105 106 105 108 108 107 107 106 103 97 98 98 102 104 101 104 107 107 110 118 122 123 125 125 123 124 122 122
-32768 -32768 -32768 -32768 149 147 148 144 137 143 135 125 112 117 124 127 128 127 126 126 127 130 130 124 122 123 122 105 110 115 119 122 109 94 95 84 81 93 101 106 109 109 112 112 112 113 116 115 114 111 109 110 112 109 106 108 109 109 110 110 110 110 110 109 108 103 100 102 102 100 99 100 102 102 107 111 114 118 118 122 125 124 127 130 130
-32768 -32768 -32768 -32768 -32768 150 147 147 140 141 137 131 114 116 129 138 134 136 136 134 118 113 119 119 108 106 125 127 109 103 113 95 90 94 73 70 80 94 100 105 110 113 114 114 114 114 117 115 114 113 112 113 114 112 110 111 112 112 113 112 113 113 113 112 107 105 104 104 104 101 99 98 93 96 101 96 96 105 109 120 118 108 118 122 125
-32768 -32768 -32768 -32768 -32768 -32768 147 144 138 143 135 129 122 112 125 140 137 131 136 133 121 117 104 100 98 89 112 115 103 88 83 78 78 84 94 87 77 87 100 108 111 114 116 115 115 116 118 114 113 115 115 116 116 115 114 113 114 115 115 115 115 115 113 111 106 107 108 106 103 100 99 96 90 85 84 82 92 82 94 110 99 93 102 101 99
-32768 -32768 -32768 -32768 -32768 -32768 150 145 143 141 141 142 128 122 132 136 133 132 128 126 122 122 104 90 84 77 93 110 97 87 73 60 64 74 73 78 88 93 102 107 111 112 115 117 117 117 118 115 115 117 117 117 116 116 116 116 115 116 117 117 115 115 112 109 111 111 109 107 105 102 99 92 81 77 69 70 73 70 86 92 88 100 93 100 91
-32768 -32768 -32768 -32768 -32768 -32768 143 145 134 146 145 145 133 142 132 123 114 118 117 117 122 118 112 101 90 93 102 106 92 81 70 71 89 96 95 95 99 105 110 110 113 115 115 118 117 118 118 118 118 118 119 117 117 118 118 119 120 118 120 115 112 113 112 115 112 112 111 108 105 101 97 99 97 91 89 87 83 91 88 77 83 89 83 79 87
-32768 -32768 -32768 -32768 -32768 -32768 132 132 142 146 146 141 142 120 103 94 102 110 117 120 120 120 113 123 107 104 107 101 94 86 80 78 99 102 103 105 106 109 112 114 116 117 117 117 119 120 119 119 118 120 119 118 119 119 120 120 122 121 121 117 117 118 116 113 111 112 111 110 108 106 103 99 101 101 93 77 73 72 65 69 69 70 72 81 90
-32768 -32768 -32768 -32768 -32768 -32768 136 144 143 141 125 131 124 98 109 114 120 116 106 103 110 113 119 132 119 112 116 110 104 104 99 89 106 108 105 104 108 110 112 113 115 117 118 119 120 120 119 119 120 120 119 118 120 120 121 120 118 116 120 121 119 116 114 111 109 110 109 107 106 104 100 97 94 102 99 96 94 87 77 82 74 83 84 91 85
-32768 -32768 -32768 -32768 -32768 -32768 143 141 133 136 123 137 134 126 125 125 109 96 97 98 99 116 120 133 123 112 119 118 109 109 110 108 116 112 114 111 108 106 105 108 111 115 117 119 120 121 121 122 122 121 120 120 120 118 116 116 116 117 122 119 117 115 113 111 109 109 109 108 107 107 104 102 99 98 98 97 94 93 94 97 98 99 98 101 101
-32768 -32768 -32768 -32768 -32768 -32768 141 136 130 144 139 142 137 129 110 102 93 108 102 105 105 111 122 135 125 114 123 122 121 114 106 114 121 113 117 115 111 112 114 111 111 115 119 120 120 122 121 121 120 121 121 119 116 116 116 116 119 123 121 118 117 116 114 113 112 113 112 111 111 110 109 108 107 105 101 100 99 97 97 97 97 98 103 104 102
-32768 -32768 -32768 -32768 -32768 -32768 140 141 143 139 137 132 136 131 125 122 124 113 105 105 113 124 132 129 117 124 130 132 123 113 102 114 115 118 120 113 111 112 114 116 115 116 119 121 121 122 122 122 121 120 118 116 117 116 116 118 123 120 119 118 118 116 114 114 112 117 117 116 115 114 112 111 110 108 107 105 105 102 104 102 99 101 103 105 106
-32768 -32768 -32768 -32768 -32768 -32768 -32768 143 140 140 141 146 144 142 132 128 110 108 113 122 123 130 133 114 126 133 139 139 128 116 112 112 119 121 122 118 116 114 115 115 117 119 120 120 122 123 120 120 120 120 120 120 119 117 117 122 124 121 121 120 118 118 119 119 116 118 115 115 115 115 113 112 111 111 111 108 109 107 107 106 107 106 104 105 108
-32768 -32768 -32768 -32768 -32768 -32768 -32768 143 141 143 143 143 136 139 138 125 126 128 127 133 117 120 111 117 133 141 143 138 129 124 123 123 128 127 125 119 116 118 118 119 117 119 120 121 124 124 122 122 122 123 123 123 121 122 124 125 125 124 118 118 116 115 115 116 115 113 111 112 111 107 108 106 109 111 112 113 112 109 110 111 109 107 106 108 105
-32768 -32768 -32768 -32768 -32768 -32768 -32768 145 143 141 142 139 142 140 136 130 129 143 130 114 112 113 120 127 128 130 142 138 124 113 128 131 132 129 127 121 119 121 118 118 120 119 121 122 123 123 122 122 124 124 124 124 125 124 123 124 124 123 118 117 116 115 115 115 115 113 108 101 100 102 109 109 106 108 106 108 109 109 110 109 109 110 110 108 104
-32768 -32768 -32768 -32768 -32768 -32768 -32768 145 144 144 144 144 142 139 139 131 134 142 127 101 121 119 121 130 140 141 139 134 136 128 133 131 122 117 119 122 124 120 117 117 117 118 119 120 120 119 120 120 121 121 122 122 122 121 121 123 124 122 121 122 120 119 118 117 116 116 110 103 106 108 109 108 106 103 100 99 98 98 104 106 103 104 105 107 106
-32768 -32768 -32768 -32768 -32768 -32768 -32768 -32768 144 142 142 138 134 137 141 140 145 127 115 130 134 125 134 126 138 128 128 141 141 136 139 129 121 121 125 129 123 120 119 118 117 116 115 115 115 116 117 120 122 120 121 122 123 124 124 123 123 123 122 122 121 120 118 116 116 114 113 109 111 109 103 96 91 91 90 91 93 97 100 102 103 102 102 102 106
-32768 -32768 -32768 -32768 -32768 -32768 -32768 -32768 144 143 142 142 139 141 140 145 129 123 122 144 138 135 144 141 136 124 125 145 139 132 133 126 126 125 126 120 119 120 120 120 118 116 113 114 116 116 115 117 119 120 121 122 122 123 123 122 122 120 122 121 120 120 118 117 116 114 112 109 107 107 95 77 76 83 88 85 93 104 103 106 108 101 101 101 106
-32768 -32768 -32768 -32768 -32768 -32768 -32768 -32768 145 144 145 144 141 140 143 141 137 139 135 143 139 138 139 136 139 140 141 148 135 132 135 133 128 122 122 121 119 118 119 120 121 119 119 118 118 118 117 117 119 121 121 121 121 122 122 120 121 118 120 120 119 117 118 117 113 109 107 105 99 87 78 80 92 86 96 94 99 103 105 109 110 103 101 101 100
-32768 -32768 -32768 -32768 -32768 -32768 -32768 -32768 -32768 145 142 145 144 143 138 123 127 111 115 129 123 127 124 122 125 133 134 145 143 142 140 138 129 124 123 121 120 119 118 119 119 120 120 120 120 119 118 117 117 119 120 120 119 121 120 118 120 118 118 118 116 118 116 113 109 103 87 85 85 103 103 88 98 106 104 101 111 112 112 112 108 105 102 100 100
-32768 -32768 -32768 -32768 -32768 -32768 -32768 -32768 -32768 146 141 139 138 138 137 131 116 109 113 114 113 121 130 122 116 126 137 142 135 134 137 129 127 125 125 123 120 120 120 119 118 120 120 120 120 120 121 120 118 118 118 117 117 118 117 118 119 117 116 115 116 117 117 112 105 82 73 91 105 110 112 106 106 113 113 114 116 119 116 114 108 104 103 103 102
-32768 -32768 -32768 -32768 -32768 -32768 -32768 -32768 148 147 144 140 134 120 121 124 133 131 128 121 119 119 123 120 118 126 137 138 131 127 130 131 126 124 123 123 123 123 123 121 120 120 119 118 118 118 118 120 119 117 116 114 114 116 116 118 118 116 113 112 113 114 113 106 98 71 95 87 94 109 118 122 121 118 119 123 121 116 111 109 109 108 106 103 101
-32768 -32768 -32768 -32768 -32768 -32768 -32768 -32768 147 148 147 143 128 134 129 131 141 138 133 128 127 127 125 125 120 128 134 133 135 129 126 128 128 124 122 122 124 123 122 121 119 119 116 115 113 114 119 118 118 117 115 113 110 111 114 113 115 112 110 107 108 108 100 80 78 69 80 104 117 121 128 126 120 120 123 127 122 114 112 112 114 113 106 105 107
