DATA/PredictorVariables/1_WorldClim_R/bio11.asc
NCOLS 166 
NROWS 105 
XLLCORNER -9.41666666666667 
YLLCORNER 35.1666666666667 
CELLSIZE 0.0833333333333333 
NODATA_value -32768 
[rows 40 to 79 of 105, columns 0 to 89 of 166]
-32768 -32768 -32768 -32768 -32768 -32768 -32768 104 104 102 102 101 96 82 68 86 85 85 80 79 77 76 70 52 46 50 50 51 52 53 50 52 56 55 55 53 44 38 30 37 39 45 46 42 40 42 39 35 33 32 24 15 24 29 27 24 23 27 34 31 37 36 33 42 46 50 52 55 53 55 55 54 54 54 46 42 46 41 37 39 45 38 37 36 37 34 29 22 16 6
-32768 -32768 -32768 -32768 -32768 -32768 -32768 106 104 102 101 102 95 88 88 89 90 87 85 80 75 57 37 43 49 57 50 53 55 53 50 54 54 50 50 50 45 43 44 44 57 56 49 48 40 38 40 39 33 21 10 9 12 10 17 29 36 42 43 47 51 47 47 51 55 57 53 56 55 55 57 58 56 48 44 45 44 40 41 46 47 45 48 45 43 35 30 22 15 10
-32768 -32768 -32768 -32768 -32768 -32768 107 106 105 103 101 102 94 93 96 94 91 87 81 76 58 24 36 59 68 68 58 53 53 50 49 49 50 49 49 40 45 47 60 65 62 52 49 37 17 22 37 32 17 12 12 11 21 22 29 34 30 27 33 51 54 55 57 61 58 58 55 55 58 57 58 58 52 47 46 49 45 46 51 48 50 42 39 45 40 39 35 31 18 14
-32768 -32768 -32768 -32768 -32768 -32768 108 106 104 103 103 103 95 94 97 94 90 87 78 71 61 36 40 71 74 69 65 58 50 47 42 46 48 45 51 55 61 63 66 71 63 58 50 20 6 24 28 19 10 -1 5 14 31 26 27 46 58 53 49 50 53 60 64 61 58 59 57 56 59 60 61 57 51 50 51 48 49 53 49 44 49 46 42 41 37 36 33 29 19 12
-32768 -32768 -32768 -32768 -32768 -32768 105 106 107 107 106 105 98 97 94 93 86 74 61 56 69 74 75 75 73 73 71 66 62 67 69 52 63 68 70 72 67 71 74 74 74 55 31 44 29 6 7 11 38 27 33 52 62 57 68 64 60 55 52 60 65 66 62 59 59 60 57 58 58 60 61 58 55 53 51 52 56 54 44 43 46 40 41 41 40 36 29 35 21 19
-32768 -32768 -32768 -32768 -32768 -32768 110 109 108 107 106 101 99 99 87 78 73 71 65 68 76 73 71 72 75 79 78 75 76 78 76 73 76 80 78 74 72 76 76 75 69 54 53 40 53 56 58 64 74 74 73 71 68 66 64 55 51 63 67 68 66 63 60 60 62 60 60 61 58 62 61 57 52 53 56 59 56 51 44 42 43 40 39 38 34 35 36 35 24 19
-32768 -32768 -32768 -32768 -32768 -32768 109 107 108 108 100 96 97 80 70 75 79 78 79 81 71 76 70 80 83 81 81 77 74 75 81 82 84 83 80 79 80 82 82 77 72 69 66 66 74 77 80 79 78 77 75 73 72 70 65 67 70 70 69 68 66 63 62 63 64 62 64 62 63 64 62 61 60 60 58 54 51 50 46 44 43 41 38 38 33 37 41 37 31 25
-32768 -32768 -32768 -32768 -32768 110 109 107 107 106 96 96 94 84 85 88 84 77 75 74 78 87 84 84 85 85 85 83 82 83 84 80 83 83 83 83 84 83 78 75 75 80 81 81 82 81 80 80 78 77 76 75 73 71 72 71 71 70 67 64 63 64 65 66 64 65 66 66 64 60 56 54 53 54 52 50 50 50 47 44 46 46 42 41 39 40 39 37 35 32
-32768 -32768 -32768 -32768 -32768 111 111 107 105 105 99 99 94 93 94 88 81 76 70 81 89 91 88 86 87 92 91 89 85 85 85 85 83 84 83 81 81 77 73 76 79 82 83 82 82 81 77 78 78 76 73 74 73 74 71 67 68 69 70 69 67 67 68 66 64 65 65 64 63 60 57 55 55 54 53 52 53 50 48 47 47 46 46 43 43 45 39 36 34 34
-32768 -32768 -32768 -32768 111 110 111 108 103 99 100 102 97 97 96 94 90 82 80 89 92 91 89 92 95 93 93 88 89 87 86 86 86 86 83 81 78 80 81 81 82 80 79 79 81 77 75 77 75 74 73 76 72 71 70 65 65 65 64 65 68 64 60 59 58 57 58 60 60 61 60 58 57 55 55 55 53 52 49 47 47 49 48 45 46 48 45 42 38 37
-32768 -32768 -32768 -32768 110 108 108 108 102 101 104 105 101 96 99 94 93 90 93 97 95 96 96 94 92 92 92 89 89 91 89 85 84 83 85 87 84 82 79 79 80 77 75 71 69 69 70 68 66 67 70 68 67 60 61 60 59 58 59 58 60 58 54 57 54 55 55 56 57 58 58 58 57 57 56 56 55 54 51 50 48 50 48 45 47 50 49 43 41 41
-32768 -32768 -32768 -32768 111 111 107 102 94 101 104 106 106 101 101 96 93 93 97 99 100 100 96 94 94 94 91 92 91 89 87 85 82 81 83 84 84 83 82 81 81 79 77 74 71 68 64 62 56 60 59 64 65 53 52 50 51 50 51 51 56 56 52 51 52 52 53 55 55 57 57 58 57 59 58 58 57 54 51 53 52 50 52 48 48 51 51 50 47 46
-32768 -32768 -32768 114 111 110 98 93 95 97 108 109 108 104 102 101 100 100 99 101 97 97 95 96 93 92 89 88 90 91 89 86 85 84 83 82 85 83 83 83 81 79 76 74 70 69 67 54 52 50 59 58 63 61 54 52 51 42 51 43 46 46 48 47 48 50 55 56 56 57 58 58 59 60 60 59 59 57 55 56 55 52 52 53 53 53 50 50 53 52
-32768 -32768 114 115 110 104 99 101 107 109 111 111 109 109 109 108 107 103 101 98 97 96 94 91 92 91 90 86 87 89 89 89 88 86 85 83 80 81 80 82 80 78 74 72 61 65 64 55 49 61 66 67 65 68 66 65 62 56 58 53 55 56 57 47 42 45 50 54 54 57 58 59 60 61 60 58 59 60 59 58 58 58 57 55 56 53 51 55 55 55
117 114 115 113 110 107 111 111 110 113 114 112 107 106 106 106 103 101 101 100 99 96 94 88 83 84 85 86 86 85 85 87 83 84 85 84 83 81 80 80 78 76 75 73 65 62 63 66 66 68 73 70 72 72 71 68 65 61 55 52 50 57 54 51 50 47 50 54 52 50 56 60 61 63 62 61 62 62 61 61 61 60 59 59 59 57 57 58 57 58
116 112 112 111 111 111 113 113 113 115 114 110 108 106 105 105 105 104 103 103 101 100 97 93 82 82 88 91 89 88 89 89 85 86 84 82 84 81 78 78 78 75 78 80 77 78 77 76 71 71 76 75 75 67 69 68 64 64 61 61 63 63 59 52 53 55 54 50 51 48 57 61 63 63 63 63 63 63 62 61 61 60 60 60 60 59 59 59 60 60
114 113 112 111 104 112 113 114 115 116 112 110 109 108 107 107 107 105 104 105 103 99 98 97 94 91 91 93 92 89 91 89 87 86 83 82 81 80 79 74 77 83 82 83 81 82 80 81 78 75 75 76 74 69 64 65 66 66 63 57 60 65 64 56 56 58 61 61 57 60 64 64 63 63 63 63 63 63 62 61 61 59 59 59 60 61 61 61 62 63
113 113 111 107 111 114 114 116 116 115 113 111 109 108 108 109 107 106 106 105 103 101 98 97 96 96 94 94 94 92 92 89 89 87 86 86 85 82 82 83 86 86 86 86 84 84 83 82 80 77 77 73 70 70 66 62 66 66 60 57 59 61 63 59 58 62 63 64 64 64 64 64 64 64 63 63 63 62 60 59 58 57 57 55 58 60 62 63 64 64
111 111 108 106 109 117 117 118 116 114 113 111 111 111 110 109 108 106 105 105 103 102 101 99 97 97 97 94 94 94 93 92 91 90 89 89 89 86 84 85 88 88 87 87 86 84 80 78 80 78 76 76 73 71 68 64 63 65 66 66 59 61 65 61 64 64 64 65 65 65 64 64 64 63 62 62 60 58 54 53 53 52 53 51 53 57 62 64 65 66
107 104 104 103 110 118 119 118 116 116 115 115 113 112 111 110 109 107 104 102 101 100 99 98 96 93 93 95 95 95 93 93 92 91 91 90 90 88 87 89 89 88 87 85 85 83 82 80 78 77 79 74 66 69 67 67 67 67 63 66 65 64 65 63 65 64 64 65 65 65 65 64 64 63 60 58 55 54 55 53 51 49 48 47 49 55 61 64 65 67
105 103 105 112 117 119 119 118 117 115 114 113 111 112 110 109 107 106 104 103 101 96 94 95 95 91 92 96 96 94 92 92 93 92 92 90 89 89 89 88 87 87 84 83 82 80 82 80 79 77 77 77 72 74 71 68 67 62 62 65 66 62 63 66 65 65 65 64 64 63 60 62 64 63 60 59 57 54 53 54 52 50 49 48 49 54 58 62 64 66
103 104 109 116 120 120 119 117 116 116 114 112 111 109 107 105 104 104 102 101 99 98 93 91 96 97 97 98 96 93 91 91 91 91 90 87 87 88 86 84 82 82 82 77 80 79 81 78 77 74 73 73 78 73 72 72 72 66 66 63 64 65 64 63 63 59 62 65 65 65 64 64 64 61 60 60 59 55 53 52 51 50 50 50 52 52 54 56 57 61
110 112 114 118 121 120 119 118 116 114 113 112 111 108 105 102 100 100 100 99 99 95 95 96 95 99 99 96 94 92 91 90 90 89 89 87 85 86 87 84 80 78 79 79 78 79 76 75 71 72 73 76 78 76 77 76 73 71 69 65 61 62 63 64 61 58 60 67 66 64 65 64 64 63 61 60 59 57 54 52 52 54 53 49 45 43 43 44 50 56
-32768 118 117 119 120 119 119 118 117 116 114 112 109 105 103 100 99 99 101 101 101 100 98 99 100 99 98 94 91 88 87 88 87 87 87 86 84 84 85 82 80 77 76 79 75 75 71 73 75 76 77 77 76 71 76 73 69 69 67 65 63 62 63 62 62 65 67 62 67 63 64 64 64 61 58 59 59 58 54 56 57 62 53 42 37 44 42 47 53 59
-32768 -32768 117 118 118 116 118 120 119 116 115 113 108 106 104 101 101 102 101 102 102 100 99 98 100 100 97 95 90 87 84 80 81 79 84 84 81 81 82 83 76 76 76 78 72 69 72 73 76 75 74 73 74 74 75 75 74 70 61 57 61 63 64 69 68 65 67 68 65 64 64 62 61 61 60 61 63 58 60 65 64 56 40 36 36 44 53 56 62 68
-32768 -32768 116 115 113 113 120 120 119 118 116 114 113 109 107 107 105 103 102 102 103 101 100 100 101 101 98 95 92 88 83 77 75 75 78 82 77 78 79 82 80 78 75 75 72 72 74 73 72 74 72 72 73 71 70 70 71 72 71 66 57 57 58 60 69 73 65 59 55 54 62 63 64 65 66 64 62 64 68 68 61 55 52 43 42 53 59 64 71 70
-32768 -32768 -32768 -32768 -32768 -32768 -32768 120 118 118 117 116 113 112 107 106 105 103 100 101 101 101 101 102 102 100 98 96 91 89 83 80 86 83 81 78 77 76 75 77 78 75 76 74 74 74 73 72 72 71 69 69 70 70 68 68 69 68 68 70 69 71 66 65 65 77 68 68 67 62 65 65 70 73 72 69 69 70 75 72 65 62 49 42 51 67 72 70 71 77
-32768 -32768 -32768 -32768 -32768 -32768 -32768 119 118 115 115 115 115 114 111 108 105 103 102 100 97 99 102 103 103 101 99 96 94 90 87 88 88 86 85 81 79 76 75 73 74 74 74 74 73 74 72 72 74 73 73 68 65 70 71 68 68 67 67 66 66 67 75 70 73 78 77 76 78 77 77 81 82 79 73 72 74 80 68 57 64 45 37 49 52 59 57 54 54 64
-32768 -32768 -32768 -32768 -32768 -32768 -32768 118 116 113 115 114 114 114 112 111 108 105 102 101 100 101 102 103 102 101 99 97 96 95 89 85 78 78 81 82 78 76 78 76 73 72 74 75 77 80 77 72 70 69 72 73 72 69 72 74 72 69 72 71 73 68 78 76 78 82 77 86 88 87 85 88 83 76 74 76 78 70 64 58 57 39 40 49 36 51 45 46 47 57
-32768 -32768 -32768 -32768 -32768 -32768 -32768 119 114 108 112 114 115 114 113 111 108 105 105 105 105 106 104 102 102 102 101 98 95 93 90 84 80 79 75 74 76 72 73 79 81 77 72 73 75 79 80 80 77 75 71 69 71 77 75 77 80 77 78 87 85 84 86 85 86 85 90 91 92 88 93 90 85 85 84 78 74 68 42 63 42 31 34 35 37 38 41 38 53 53
-32768 -32768 -32768 -32768 -32768 -32768 120 119 113 110 111 114 115 114 112 109 105 104 103 105 104 106 103 101 99 99 98 93 89 85 86 89 81 75 75 74 68 69 74 76 82 84 81 75 71 74 78 83 86 81 80 74 72 74 77 77 87 86 89 93 94 94 96 96 97 97 96 95 94 94 88 79 74 74 80 85 79 55 51 47 22 28 24 27 30 35 41 51 58 67
-32768 -32768 -32768 -32768 -32768 -32768 120 119 112 113 114 115 115 114 112 109 108 105 103 104 106 105 103 102 100 99 99 96 95 91 83 82 81 80 84 86 80 78 82 78 75 85 79 75 78 71 73 78 81 86 86 79 81 83 81 83 91 96 96 98 94 95 94 92 95 96 95 97 96 95 91 88 89 89 89 86 80 63 47 28 19 33 32 41 49 52 50 57 61 64
-32768 -32768 -32768 -32768 -32768 -32768 -32768 119 113 114 115 116 115 112 110 108 107 107 106 107 106 107 104 102 101 102 98 92 89 88 83 82 79 78 79 82 87 86 83 84 84 91 84 82 81 77 79 83 89 87 91 90 92 91 93 96 96 95 95 94 92 92 94 92 93 94 92 95 93 89 87 89 85 87 90 82 66 37 35 28 36 52 49 52 59 54 50 54 64 68
-32768 -32768 -32768 -32768 -32768 -32768 -32768 119 113 114 115 115 114 111 108 106 107 107 107 107 107 107 104 103 104 102 98 95 96 95 93 94 92 90 86 84 88 92 87 87 86 95 94 89 90 88 89 92 91 96 100 99 98 97 95 96 95 93 94 94 90 94 94 93 89 87 82 89 90 75 64 61 65 80 82 84 59 34 52 58 59 63 63 60 59 55 56 60 64 71
-32768 -32768 -32768 -32768 -32768 -32768 -32768 120 116 115 112 110 112 111 108 106 107 107 107 107 107 108 105 107 105 105 104 101 102 102 99 101 95 92 90 89 89 92 94 94 92 92 100 99 98 93 96 101 102 102 101 99 97 97 94 92 95 98 96 96 93 94 92 89 87 77 65 77 75 70 52 34 62 63 68 74 79 67 64 68 69 70 64 59 61 56 45 53 64 75
-32768 -32768 -32768 -32768 -32768 -32768 -32768 120 119 117 112 109 106 109 107 106 106 105 107 108 110 110 108 110 109 106 103 102 105 105 101 101 96 94 97 92 93 95 97 97 100 98 102 106 105 104 105 103 102 101 100 100 98 96 95 96 93 95 93 89 90 88 91 88 75 77 63 48 56 65 59 56 58 60 66 73 79 72 71 76 77 71 62 49 46 46 52 62 68 71
-32768 -32768 -32768 -32768 -32768 -32768 -32768 120 116 118 116 114 111 110 107 104 104 105 106 106 107 109 111 108 105 104 104 106 106 107 106 101 100 99 99 95 98 102 103 105 107 108 108 106 105 104 103 101 100 100 99 99 101 100 101 98 97 93 86 84 75 73 84 88 79 75 57 46 47 58 52 58 57 59 60 70 77 77 73 69 76 68 59 56 51 56 57 59 65 71
-32768 -32768 -32768 -32768 -32768 -32768 -32768 120 115 112 115 115 110 106 103 102 103 102 104 105 106 107 107 112 108 107 107 108 110 110 107 106 105 105 106 104 106 107 108 107 109 109 108 105 102 104 105 103 102 102 99 100 102 102 102 99 95 94 92 88 70 75 82 77 76 65 66 58 61 61 63 63 57 61 66 69 62 59 53 60 70 64 54 49 59 66 77 80 85 92
-32768 -32768 -32768 -32768 -32768 -32768 123 120 114 110 105 112 113 110 105 99 100 102 103 103 107 110 111 114 111 111 110 110 111 113 112 112 111 109 107 105 106 108 106 105 108 110 108 105 105 107 106 105 105 104 103 103 102 101 100 101 99 98 93 85 82 69 71 67 65 62 64 66 65 64 67 56 47 56 66 65 53 44 23 36 58 63 68 75 80 86 93 97 101 105
-32768 -32768 -32768 -32768 -32768 -32768 121 120 111 103 105 114 112 114 110 104 101 96 97 102 104 108 112 116 115 114 115 115 114 115 115 113 110 109 109 108 109 110 109 109 110 109 107 108 108 107 107 105 104 104 104 103 100 98 88 96 97 96 95 94 88 84 81 72 71 65 69 76 77 73 48 39 46 57 63 63 54 40 28 24 34 40 43 46 55 71 84 90 96 108
