DATA/PredictorVariables/1_WorldClim_R/bio15.asc
NCOLS 166 
NROWS 105 
XLLCORNER -9.41666666666667 
YLLCORNER 35.1666666666667 
CELLSIZE 0.0833333333333333 
NODATA_value -32768 
[rows 41 to 81 of 105, columns 0 to 91 of 166]
-32768 -32768 -32768 -32768 -32768 -32768 -32768 53 53 52 53 52 53 53 53 53 54 54 55 55 55 56 57 57 56 55 55 54 53 52 52 51 49 48 47 47 46 44 44 42 42 41 39 38 37 37 36 35 34 33 32 32 32 31 31 33 34 34 34 34 34 33 33 33 35 35 35 36 37 38 39 40 38 35 33 32 31 29 30 30 29 28 28 28 28 27 26 26 25 24 25 25
-32768 -32768 -32768 -32768 -32768 -32768 54 53 53 52 52 52 53 53 53 54 54 54 55 55 56 56 57 56 55 55 55 54 53 53 51 51 50 49 48 47 46 45 44 43 42 41 40 39 37 36 35 35 33 33 33 32 33 32 33 33 33 33 34 34 35 34 35 35 34 36 36 36 38 38 39 39 37 34 33 34 32 31 31 30 30 29 28 29 28 27 27 27 25 25 25 24
-32768 -32768 -32768 -32768 -32768 -32768 53 53 53 53 53 53 53 53 53 54 54 54 55 56 56 56 56 55 55 55 54 54 53 53 52 51 50 49 48 47 46 45 45 44 43 43 40 38 37 36 36 35 34 33 33 33 34 33 33 34 36 35 35 35 34 35 35 35 35 36 36 37 38 39 39 38 37 35 34 33 33 32 31 30 30 29 29 28 28 27 27 26 26 25 25 25
-32768 -32768 -32768 -32768 -32768 -32768 54 54 54 53 53 53 53 53 53 54 55 55 56 56 56 56 55 55 54 54 54 53 53 52 51 51 50 49 48 48 47 46 45 45 44 42 40 40 38 37 36 35 36 34 35 35 37 37 37 36 36 36 35 35 36 36 36 35 35 35 37 37 37 38 38 38 37 36 35 34 33 33 31 29 31 29 29 28 28 27 27 27 26 26 25 24
-32768 -32768 -32768 -32768 -32768 -32768 55 54 54 54 54 53 53 53 55 55 55 56 56 56 55 55 56 55 55 54 54 53 53 51 52 50 50 50 48 48 47 46 45 45 44 42 42 40 40 40 40 40 40 39 40 40 38 38 37 36 35 37 38 38 37 36 36 35 36 35 36 37 37 38 38 37 35 35 36 35 34 33 31 30 30 29 29 28 28 28 29 28 26 26 25 26
-32768 -32768 -32768 -32768 -32768 -32768 55 55 55 54 54 54 54 55 55 55 56 55 55 55 56 55 55 55 54 54 53 53 53 52 51 51 50 49 49 49 48 48 46 46 44 44 43 42 42 43 42 43 42 42 40 39 39 39 37 38 39 38 37 37 37 37 35 36 36 36 37 36 37 38 38 38 36 37 35 34 34 33 31 31 30 30 29 29 28 29 29 28 27 26 26 26
-32768 -32768 -32768 -32768 -32768 56 56 55 55 55 54 55 55 55 55 55 55 55 56 56 56 54 54 54 54 53 53 53 52 51 51 51 50 50 49 48 48 47 46 45 46 45 45 44 44 43 43 42 43 42 41 40 40 40 39 39 39 38 38 37 37 37 37 37 37 37 37 38 37 37 36 36 35 36 34 34 33 33 32 31 31 31 29 30 29 29 29 28 27 27 27 27
-32768 -32768 -32768 -32768 -32768 57 57 57 56 56 55 55 55 55 55 55 56 56 56 56 55 55 55 54 54 54 53 52 52 52 51 51 50 49 49 48 48 48 47 47 46 45 46 45 44 43 43 42 43 42 41 41 40 41 39 39 39 39 39 39 38 38 37 37 37 37 37 37 38 38 36 36 35 35 35 34 33 33 32 32 32 31 31 29 29 29 28 28 27 26 27 27
-32768 -32768 -32768 -32768 57 57 57 57 56 56 56 56 56 55 55 55 55 55 56 55 55 54 55 54 54 54 54 53 53 52 51 51 51 49 49 49 48 48 47 47 47 46 46 45 45 44 44 43 43 43 42 42 41 42 40 39 39 39 39 39 39 38 38 37 37 36 37 37 37 37 37 37 36 35 35 34 34 33 32 32 31 31 31 30 30 30 29 29 28 27 27 27
-32768 -32768 -32768 -32768 59 58 58 57 57 57 56 57 56 56 56 56 56 56 55 55 55 55 55 55 54 54 53 53 52 52 51 51 50 50 49 49 48 49 48 47 47 47 46 45 44 44 44 44 42 42 42 41 41 41 40 40 39 39 39 39 38 38 38 37 37 38 38 38 37 37 37 36 37 36 36 35 34 34 33 32 32 32 31 30 30 30 30 28 28 28 27 28
-32768 -32768 -32768 -32768 59 59 58 57 57 57 57 56 57 56 56 56 56 56 56 56 56 55 54 55 54 54 53 53 53 51 52 51 51 50 50 49 49 48 49 47 48 47 46 46 46 44 44 44 43 43 42 42 42 40 40 39 39 40 39 39 38 38 38 38 38 38 38 37 37 37 38 37 37 36 36 36 36 35 32 33 33 32 32 31 31 30 30 30 29 29 28 28
-32768 -32768 -32768 61 59 60 58 57 58 57 58 58 57 57 56 56 56 56 55 56 55 55 55 55 54 54 54 53 53 51 51 51 50 50 50 49 49 49 49 48 48 47 47 46 46 46 45 42 43 42 42 42 42 42 41 40 40 39 39 38 38 38 38 38 38 38 38 38 39 38 38 37 37 36 36 36 36 36 34 34 33 33 32 32 31 30 30 30 29 30 29 29
-32768 -32768 62 61 60 59 58 59 59 58 58 58 57 57 57 57 56 57 56 55 56 55 55 55 54 54 54 53 53 52 51 50 50 50 50 50 50 49 49 48 48 48 48 46 46 45 45 44 43 44 43 44 43 44 42 42 42 40 40 40 41 40 40 39 38 38 38 39 39 38 38 38 38 38 37 37 36 35 35 35 34 34 34 32 32 31 31 31 30 30 30 30
62 63 62 62 61 61 60 60 59 59 59 59 57 57 57 57 56 56 56 56 56 55 55 55 55 54 53 53 53 52 51 51 51 50 50 49 50 49 49 49 49 48 47 47 47 45 46 45 46 45 47 45 44 44 45 43 43 43 40 41 41 41 40 40 40 39 39 39 39 38 39 38 39 38 38 37 37 37 36 35 34 34 33 33 32 32 32 31 31 31 30 31
62 62 62 61 61 61 61 61 60 60 59 59 59 57 57 57 57 56 56 56 56 55 55 55 54 54 53 53 52 52 51 51 50 50 50 50 49 50 50 50 49 49 49 48 48 48 47 47 46 47 46 47 46 45 45 44 44 44 44 43 42 43 42 40 40 40 40 39 39 38 39 39 39 39 38 38 38 37 36 36 35 34 35 34 34 33 33 32 32 32 31 31
63 62 62 63 61 62 61 60 61 60 59 59 59 58 58 58 57 57 56 56 56 55 55 54 54 54 53 53 52 51 52 52 51 51 51 50 50 50 50 50 49 49 50 50 49 48 48 49 49 48 47 48 47 46 46 46 45 44 44 43 44 44 43 41 42 41 42 42 41 40 41 40 40 40 39 38 38 38 37 36 35 35 34 33 34 33 33 33 33 33 32 33
62 62 63 62 62 62 62 62 61 60 60 59 58 58 58 57 57 57 57 56 56 56 55 54 54 54 53 52 52 51 52 52 51 51 51 50 51 50 51 51 51 50 51 50 50 50 49 50 49 49 49 48 48 47 47 45 45 45 45 44 44 43 43 43 42 43 43 42 42 42 42 42 39 40 40 39 37 37 37 35 35 35 34 34 34 34 34 34 34 34 34 34
63 63 63 63 63 63 62 62 61 61 60 60 60 59 58 58 57 56 57 56 55 55 55 54 54 54 53 53 51 51 51 51 51 50 50 50 51 50 50 51 51 51 50 50 52 50 50 50 50 49 49 49 49 48 48 46 46 46 45 46 44 44 44 44 44 43 44 44 43 41 42 41 41 40 40 39 38 38 36 35 35 35 35 33 33 34 34 35 34 35 34 34
64 63 63 63 63 63 63 62 62 61 60 60 60 58 59 58 57 56 56 56 56 55 55 55 54 53 53 53 52 51 51 51 51 51 52 51 51 51 51 52 52 52 51 51 51 51 51 51 49 50 50 49 48 49 48 48 48 47 46 47 46 45 46 45 45 44 44 44 44 43 42 42 42 40 40 39 38 37 37 35 36 35 34 33 33 34 34 35 35 35 35 36
64 64 63 64 64 63 63 62 61 61 60 61 59 59 58 57 57 57 56 56 55 55 55 54 54 54 53 53 52 51 52 51 52 52 52 52 52 52 52 51 52 51 51 52 51 51 51 52 50 50 51 51 50 50 50 48 49 47 48 48 47 47 46 45 45 45 44 45 45 43 41 42 42 41 40 40 38 37 37 37 36 35 34 33 33 34 35 35 36 35 36 35
64 65 64 63 63 63 63 62 62 61 61 60 60 59 59 57 58 57 56 56 56 56 55 55 54 53 53 54 53 51 53 52 51 52 52 52 52 52 52 52 52 51 52 51 52 52 52 52 51 51 51 51 52 50 50 50 51 49 49 47 48 47 47 46 46 45 45 45 45 44 44 43 42 42 41 40 40 38 38 36 36 35 35 34 34 34 34 34 34 35 34 34
64 64 64 64 63 64 63 63 62 62 61 60 60 59 58 58 58 57 57 56 56 55 55 54 55 54 54 54 52 52 53 52 52 53 52 52 52 53 53 52 52 52 52 52 52 53 53 52 52 51 52 52 52 52 52 52 50 50 49 49 48 47 47 47 47 46 45 46 46 45 44 43 43 42 41 40 40 39 38 37 37 36 36 34 33 33 33 32 33 35 35 35
-32768 65 64 64 63 64 64 63 62 62 61 60 59 59 58 58 57 56 56 56 56 55 55 55 54 54 54 53 54 53 53 53 53 53 52 52 53 53 54 53 53 53 53 53 53 53 53 53 53 54 53 53 54 52 53 51 51 50 50 51 48 49 48 48 48 47 47 46 46 45 45 44 44 43 42 41 41 40 38 38 37 37 36 34 32 33 33 33 34 35 35 36
-32768 -32768 63 64 63 63 63 63 62 62 62 62 60 59 59 58 57 57 56 56 56 55 55 55 55 54 55 54 54 53 53 53 53 53 54 53 54 53 54 54 54 54 53 54 53 53 53 54 54 54 53 53 53 53 53 53 53 52 50 50 49 50 48 50 49 48 48 47 47 46 45 45 44 42 43 41 41 40 39 39 39 37 34 33 33 33 35 35 36 37 37 36
-32768 -32768 63 63 64 63 63 63 62 62 62 62 61 61 59 59 58 57 58 57 57 56 55 55 56 56 54 54 54 54 53 53 53 53 54 53 53 54 54 54 54 55 53 55 54 54 54 53 54 54 54 54 54 54 54 53 53 53 53 51 49 49 49 48 51 50 48 48 46 45 46 45 45 44 44 42 42 42 41 40 38 37 36 35 34 35 36 37 37 37 37 40
-32768 -32768 -32768 -32768 -32768 -32768 -32768 63 62 63 62 61 61 60 60 58 59 58 58 57 57 56 57 56 56 57 55 55 54 55 54 54 54 55 54 54 54 54 54 54 55 54 54 55 54 54 54 55 54 55 55 55 54 55 55 54 54 53 52 53 52 52 51 51 50 51 49 49 48 47 47 46 46 46 45 43 43 43 43 42 39 38 36 34 35 37 38 38 37 38 41 40
-32768 -32768 -32768 -32768 -32768 -32768 -32768 64 63 63 63 62 61 61 60 60 59 58 58 57 57 57 58 57 56 56 56 56 56 54 55 55 56 55 54 55 55 54 55 55 55 55 55 55 55 56 55 56 56 56 55 55 54 55 55 55 54 53 53 53 53 52 53 52 52 52 52 51 51 49 49 49 48 47 45 44 44 44 41 39 39 36 35 36 36 37 35 35 34 36 37 40
-32768 -32768 -32768 -32768 -32768 -32768 -32768 64 64 63 63 63 63 62 61 60 60 59 58 58 58 58 57 57 57 56 57 57 57 57 56 55 56 55 55 55 55 55 55 55 56 55 56 56 57 57 57 56 56 56 56 56 56 56 56 56 55 55 55 54 55 53 53 53 53 54 53 53 52 51 50 51 49 48 46 45 44 44 41 40 39 36 35 36 34 36 34 34 33 35 39 41
-32768 -32768 -32768 -32768 -32768 -32768 -32768 63 63 62 64 63 63 62 63 61 60 60 59 59 59 59 58 58 57 57 57 57 57 56 56 55 55 56 56 56 56 56 56 56 56 57 56 56 57 57 57 57 58 58 56 56 57 58 57 57 57 56 57 58 56 56 55 55 55 54 55 54 53 53 52 50 49 49 47 47 45 42 39 41 38 35 35 35 34 34 34 33 34 34 37 40
-32768 -32768 -32768 -32768 -32768 -32768 65 65 64 63 63 64 63 63 63 61 60 61 60 60 59 60 59 59 58 58 57 57 57 57 57 56 57 56 57 57 56 56 56 57 57 57 57 58 56 57 58 58 59 57 58 57 57 58 57 57 59 59 58 58 57 57 57 57 55 55 55 54 55 54 52 50 49 48 48 47 45 41 40 38 35 35 34 34 33 34 34 35 35 38 38 38
-32768 -32768 -32768 -32768 -32768 -32768 65 64 64 64 64 64 64 63 63 62 61 60 61 61 59 59 60 60 58 58 58 58 57 58 57 57 57 57 57 57 57 56 57 58 57 58 57 58 58 57 57 58 58 60 60 59 59 58 59 58 60 60 60 60 59 58 57 56 57 56 56 55 55 54 52 52 50 49 49 47 46 42 40 37 35 36 35 36 36 36 36 37 36 36 36 37
-32768 -32768 -32768 -32768 -32768 -32768 -32768 65 64 64 64 65 64 63 63 63 61 62 61 61 60 60 60 59 60 60 58 59 58 58 57 58 57 57 57 58 58 58 58 58 58 60 59 59 58 58 59 59 60 60 60 61 61 61 62 62 61 60 60 59 58 58 58 58 57 57 56 57 56 55 54 53 51 50 49 47 44 40 39 37 37 39 38 38 38 37 35 36 37 38 38 38
-32768 -32768 -32768 -32768 -32768 -32768 -32768 66 64 65 65 65 65 64 63 64 62 62 62 61 61 61 60 60 60 60 59 59 58 59 58 59 58 59 58 58 59 58 59 59 59 60 60 60 59 59 61 60 60 61 61 61 62 62 62 62 61 60 59 59 59 58 58 58 57 56 56 56 55 52 50 49 48 49 49 48 44 40 42 42 41 40 40 40 39 37 37 37 37 38 41 40
-32768 -32768 -32768 -32768 -32768 -32768 -32768 66 66 66 65 65 64 65 64 63 63 63 62 62 61 61 60 60 61 61 60 59 60 60 59 61 59 59 59 59 59 60 59 60 60 60 61 61 61 61 61 62 63 62 63 62 62 62 62 61 62 62 60 59 59 58 59 57 57 55 53 55 53 51 48 44 48 48 47 47 47 45 43 43 42 42 41 39 39 37 35 36 36 38 40 41
-32768 -32768 -32768 -32768 -32768 -32768 -32768 66 67 67 66 65 65 65 64 64 64 63 63 62 62 62 62 61 61 61 61 60 60 60 60 60 60 60 59 60 60 60 61 61 61 62 62 63 62 63 63 63 63 63 63 62 62 62 62 62 61 62 60 59 59 58 57 57 55 55 52 50 51 52 50 48 47 48 48 47 48 47 45 44 44 42 41 38 37 36 36 38 38 38 39 41
-32768 -32768 -32768 -32768 -32768 -32768 -32768 67 67 67 67 66 66 65 66 64 64 64 64 63 63 63 62 62 62 61 61 61 60 61 60 61 60 60 61 61 60 60 61 61 63 62 63 62 63 63 63 63 63 64 64 64 63 63 63 62 62 61 60 59 58 56 58 57 56 54 52 50 49 50 49 49 48 48 47 46 47 46 45 43 44 42 40 39 38 38 38 37 37 38 40 43
-32768 -32768 -32768 -32768 -32768 -32768 -32768 68 67 67 68 67 66 66 66 65 65 64 64 63 63 64 62 63 63 61 62 63 63 63 61 61 61 62 61 61 61 62 62 62 63 63 63 63 64 63 63 64 63 64 64 64 64 63 63 62 62 62 62 59 56 56 58 56 55 53 53 52 51 51 50 50 48 48 48 47 46 44 43 43 43 42 39 38 40 39 41 40 41 43 43 45
-32768 -32768 -32768 -32768 -32768 -32768 68 68 68 67 66 68 68 67 65 65 65 65 64 64 64 65 65 64 63 64 63 63 63 63 62 63 62 63 62 62 63 63 62 63 63 63 64 63 64 64 65 65 65 64 65 64 64 64 63 63 63 63 62 59 59 57 56 55 53 54 53 53 51 52 50 48 47 48 49 47 45 42 38 39 42 43 42 42 43 43 43 45 45 44 44 46
-32768 -32768 -32768 -32768 -32768 -32768 69 68 67 66 66 68 68 68 67 67 65 64 64 65 64 64 65 64 64 64 63 65 64 65 63 63 62 63 63 63 63 63 63 63 64 64 64 64 65 65 66 66 65 66 65 65 65 65 63 64 63 63 62 62 60 59 58 56 55 53 53 53 52 52 48 46 47 48 48 47 45 42 40 38 39 39 39 39 39 41 41 42 43 46 47 49
-32768 -32768 -32768 -32768 -32768 -32768 69 69 69 70 69 69 69 69 69 68 68 66 66 66 66 65 66 66 65 64 65 64 64 64 63 63 64 64 63 64 64 63 63 63 64 65 64 65 66 66 66 66 66 66 66 66 64 65 64 64 63 62 62 61 59 60 58 56 57 56 56 55 53 53 50 49 46 43 45 46 46 45 44 41 39 37 37 38 39 41 42 42 43 46 48 50
-32768 -32768 -32768 -32768 -32768 69 70 69 70 70 70 70 70 69 70 69 68 67 68 67 68 67 66 -32768 -32768 -32768 -32768 -32768 -32768 -32768 63 64 64 64 63 64 64 64 64 64 64 65 65 66 66 67 67 66 67 65 66 64 65 65 64 65 64 63 63 61 60 58 57 55 56 56 54 54 54 54 51 46 43 38 39 40 40 40 41 44 46 44 44 43 44 44 45 44 45 47 46 50
