DATA/PredictorVariables/1_WorldClim_R/bio14.asc
NCOLS 166 
NROWS 105 
XLLCORNER -9.41666666666667 
YLLCORNER 35.1666666666667 
CELLSIZE 0.0833333333333333 
NODATA_value -32768 
[rows 0 to 44 of 105, columns 0 to 95 of 166]
-32768.000000000000000 -32768 -32768 -32768 -32768 -32768 -32768 -32768 -32768 -32768 -32768 -32768 -32768 -32768 -32768 -32768 -32768 -32768 -32768 -32768 -32768 -32768 -32768 -32768 -32768 -32768 -32768 -32768 -32768 -32768 -32768 -32768 -32768 -32768 -32768 -32768 -32768 -32768 -32768 -32768 -32768 -32768 -32768 -32768 -32768 -32768 -32768 -32768 -32768 -32768 -32768 -32768 -32768 -32768 -32768 -32768 -32768 -32768 -32768 -32768 -32768 -32768 -32768 -32768 -32768 -32768 -32768 -32768 -32768 -32768 -32768 -32768 -32768 -32768 -32768 -32768 -32768 -32768 -32768 -32768 -32768 -32768 -32768 -32768 -32768 -32768 -32768 -32768 -32768 -32768 -32768 -32768 -32768 -32768 -32768 -32768
-32768 -32768 -32768 -32768 -32768 -32768 -32768 -32768 -32768 -32768 -32768 -32768 -32768 -32768 -32768 -32768 -32768 -32768 34 -32768 33 32 -32768 -32768 -32768 -32768 -32768 -32768 -32768 -32768 -32768 -32768 -32768 -32768 -32768 -32768 -32768 -32768 -32768 -32768 -32768 -32768 -32768 -32768 -32768 -32768 -32768 -32768 -32768 -32768 -32768 -32768 -32768 -32768 -32768 -32768 -32768 -32768 -32768 -32768 -32768 -32768 -32768 -32768 -32768 -32768 -32768 -32768 -32768 -32768 -32768 -32768 -32768 -32768 -32768 -32768 -32768 -32768 -32768 -32768 -32768 -32768 -32768 -32768 -32768 -32768 -32768 -32768 -32768 -32768 -32768 -32768 -32768 -32768 -32768 66
-32768 -32768 -32768 -32768 -32768 -32768 -32768 -32768 -32768 -32768 -32768 -32768 -32768 -32768 -32768 -32768 34 38 33 34 34 33 33 32 32 -32768 -32768 -32768 -32768 -32768 -32768 -32768 -32768 -32768 -32768 -32768 -32768 -32768 -32768 -32768 -32768 -32768 -32768 -32768 -32768 -32768 -32768 -32768 -32768 -32768 -32768 -32768 -32768 -32768 -32768 -32768 -32768 -32768 -32768 -32768 -32768 -32768 -32768 -32768 -32768 -32768 -32768 -32768 -32768 -32768 -32768 -32768 -32768 -32768 -32768 -32768 -32768 -32768 -32768 -32768 -32768 -32768 -32768 -32768 -32768 -32768 -32768 -32768 -32768 -32768 -32768 -32768 -32768 -32768 -32768 67
-32768 -32768 -32768 -32768 -32768 -32768 -32768 -32768 -32768 -32768 -32768 -32768 -32768 -32768 31 33 34 36 34 36 37 34 37 36 34 31 -32768 -32768 -32768 -32768 -32768 -32768 -32768 -32768 -32768 -32768 -32768 -32768 37 -32768 39 39 41 41 40 -32768 -32768 -32768 -32768 -32768 -32768 -32768 -32768 -32768 -32768 -32768 -32768 -32768 -32768 -32768 -32768 -32768 -32768 -32768 -32768 -32768 -32768 -32768 -32768 -32768 -32768 -32768 -32768 -32768 -32768 -32768 -32768 -32768 -32768 -32768 -32768 -32768 -32768 -32768 -32768 -32768 -32768 -32768 -32768 -32768 -32768 -32768 -32768 -32768 -32768 67
-32768 -32768 -32768 -32768 -32768 -32768 -32768 -32768 -32768 -32768 -32768 -32768 -32768 32 31 33 34 35 37 39 38 37 39 34 32 32 32 32 31 32 32 34 33 35 35 36 38 40 40 40 41 41 41 42 40 40 42 42 40 40 -32768 -32768 -32768 -32768 -32768 -32768 -32768 -32768 -32768 -32768 -32768 -32768 -32768 -32768 -32768 -32768 -32768 -32768 -32768 46 46 -32768 -32768 -32768 -32768 -32768 -32768 -32768 -32768 -32768 -32768 -32768 -32768 -32768 -32768 -32768 -32768 -32768 -32768 -32768 -32768 -32768 -32768 -32768 69 68
-32768 -32768 -32768 -32768 -32768 -32768 -32768 -32768 -32768 -32768 -32768 -32768 -32768 31 31 34 37 38 37 38 40 41 41 38 34 32 34 31 32 35 36 37 35 39 38 37 40 43 41 39 43 44 43 43 43 44 44 41 42 42 42 40 39 39 38 37 37 -32768 -32768 -32768 -32768 -32768 -32768 40 41 42 43 44 44 46 45 46 -32768 -32768 -32768 -32768 -32768 51 52 53 52 -32768 -32768 -32768 -32768 -32768 -32768 -32768 -32768 -32768 -32768 -32768 -32768 69 70 68
-32768 -32768 -32768 -32768 -32768 -32768 31 29 -32768 -32768 -32768 31 30 31 31 34 37 37 38 37 37 37 39 37 36 35 33 33 36 39 38 36 37 39 37 40 42 40 39 40 39 40 43 43 43 43 43 42 42 41 39 39 41 41 42 44 41 40 38 38 38 39 40 41 40 42 42 43 43 45 45 45 47 47 46 46 47 48 50 53 53 54 55 55 -32768 -32768 -32768 -32768 -32768 62 68 66 67 68 68 66
-32768 -32768 -32768 -32768 -32768 30 30 31 32 32 32 32 31 31 31 34 36 39 37 36 35 35 34 35 34 34 32 36 37 37 34 35 40 40 37 36 37 40 40 41 42 42 42 43 42 43 44 44 42 44 42 41 43 46 45 43 44 41 42 40 41 41 41 42 41 42 42 45 47 47 46 45 47 48 49 47 48 46 48 50 51 53 56 56 57 57 59 60 62 63 65 68 67 68 66 67
-32768 -32768 28 28 29 30 31 31 32 33 37 36 35 33 33 36 37 38 36 36 34 33 32 32 33 34 33 34 35 34 32 37 40 36 35 36 41 40 42 43 41 46 43 41 42 43 42 43 43 47 44 44 48 58 53 56 54 43 46 43 42 41 43 42 41 42 43 44 48 52 48 46 46 47 46 46 47 48 47 48 50 53 54 55 57 58 61 62 62 64 65 67 65 65 66 65
-32768 -32768 26 28 30 31 34 35 36 38 38 37 37 36 37 38 37 37 36 35 34 32 32 32 33 34 32 36 34 35 33 35 38 35 35 39 44 40 43 42 44 41 41 40 42 42 42 45 47 46 47 49 46 51 54 51 43 40 42 50 46 44 44 44 41 44 43 44 50 52 51 49 47 44 45 44 45 46 46 47 51 51 51 53 55 57 58 59 60 63 63 64 62 62 61 63
-32768 26 27 28 32 33 35 36 37 37 37 36 36 36 36 36 37 38 36 34 33 32 31 32 32 33 34 32 32 30 30 35 39 35 40 40 48 49 47 52 48 50 42 40 48 49 47 50 51 47 50 47 46 50 50 55 54 50 46 48 54 51 45 44 44 44 44 45 46 44 45 45 46 45 47 47 43 44 49 53 50 51 49 50 53 53 53 55 59 59 61 61 61 62 63 63
-32768 25 26 30 32 33 34 35 36 36 36 36 37 37 37 36 37 36 36 34 34 32 30 29 29 32 31 32 28 29 32 33 37 38 41 44 42 42 42 45 43 44 46 44 44 46 44 47 45 42 44 45 44 43 47 52 54 51 47 45 52 49 43 42 42 42 42 43 42 42 40 42 43 44 45 46 46 45 45 47 46 47 50 51 55 53 52 55 58 58 57 57 57 57 58 59
-32768 24 -32768 28 32 33 33 34 33 33 36 37 36 35 35 33 33 34 34 34 32 30 29 27 28 29 31 29 28 32 37 41 41 37 38 38 40 45 43 45 46 42 39 44 40 40 40 42 39 39 42 40 42 41 45 45 46 45 42 40 41 41 40 40 40 41 39 40 39 41 40 39 41 42 44 43 44 45 45 43 42 43 44 46 47 51 51 52 53 57 54 52 52 53 54 55
-32768 -32768 -32768 27 28 29 29 36 33 33 33 34 33 33 35 34 34 34 33 33 31 28 29 29 26 30 31 29 30 32 40 35 32 29 30 36 42 42 42 39 36 35 35 35 37 34 33 36 35 36 36 36 38 37 39 40 38 38 39 38 38 37 37 38 37 37 39 38 39 41 39 39 38 38 39 42 38 41 40 40 42 43 45 46 49 50 50 50 53 52 51 48 48 48 50 49
-32768 -32768 -32768 25 28 33 31 33 31 33 35 34 37 36 35 35 34 34 34 31 28 30 30 28 28 30 34 34 33 30 33 28 25 25 25 29 31 31 33 35 35 33 32 31 31 28 28 30 31 33 32 33 33 34 35 36 36 35 36 34 35 35 36 37 37 37 37 37 38 40 38 35 38 38 40 40 35 35 36 38 39 40 43 42 43 44 45 45 43 43 45 45 46 47 48 48
-32768 -32768 -32768 -32768 27 30 28 29 33 33 36 37 38 38 35 34 34 34 34 30 27 28 27 24 26 30 29 31 33 29 26 23 21 20 21 22 24 27 30 29 28 29 28 28 26 23 24 26 28 30 30 31 30 32 33 33 33 32 33 32 32 32 34 34 35 35 35 36 37 36 35 33 33 34 35 36 36 35 34 37 40 41 40 40 40 40 38 39 40 39 39 40 42 43 47 46
-32768 -32768 -32768 -32768 26 26 27 29 31 33 35 36 36 37 36 34 34 34 31 29 26 26 23 22 23 25 26 30 30 27 22 20 18 18 20 26 29 30 30 27 26 26 25 25 23 22 23 25 26 27 28 28 28 29 30 30 30 30 30 30 30 30 30 31 31 32 34 34 34 33 33 34 34 34 34 34 32 32 32 31 32 32 32 33 33 33 33 34 35 35 35 36 38 39 42 40
-32768 -32768 -32768 -32768 25 27 27 30 33 32 34 36 37 35 33 31 29 28 27 26 25 23 23 24 23 23 22 26 24 23 20 19 23 28 27 31 32 28 25 24 23 24 23 23 23 22 23 24 25 25 26 26 26 27 28 27 27 27 27 27 28 28 28 28 29 30 31 31 31 32 33 33 33 34 33 32 32 31 31 30 29 30 29 28 28 28 29 31 31 32 33 33 34 34 36 37
-32768 -32768 -32768 -32768 -32768 25 28 28 32 32 33 33 36 34 30 26 26 24 23 23 27 27 25 24 26 26 20 19 24 25 22 27 28 27 35 35 32 26 24 23 22 21 21 22 22 22 22 22 23 24 24 24 24 25 25 25 25 25 25 26 25 26 26 27 28 29 29 29 29 30 31 32 35 34 33 36 36 34 33 29 30 34 31 29 28 29 28 29 29 29 31 30 31 31 32 32
-32768 -32768 -32768 -32768 -32768 -32768 26 28 31 30 32 32 33 34 30 24 24 25 22 22 25 25 28 29 28 31 23 22 24 29 31 32 32 29 26 28 32 28 23 21 20 20 20 20 20 20 20 21 22 22 22 22 22 23 23 23 24 23 23 24 24 24 25 26 27 27 27 27 28 29 30 32 34 37 38 40 37 41 37 32 36 39 35 36 37 34 36 30 27 27 28 28 28 29 30 30
-32768 -32768 -32768 -32768 -32768 -32768 24 26 28 29 28 27 30 30 26 24 24 23 23 23 23 23 27 31 32 34 28 22 26 29 34 39 37 33 32 30 26 25 22 20 19 19 19 18 19 19 19 20 20 20 20 21 21 21 21 22 22 22 22 22 23 23 24 24 24 24 25 25 26 27 29 32 37 39 43 44 43 45 39 37 39 35 38 36 40 35 34 30 28 28 26 26 26 27 27 27
-32768 -32768 -32768 -32768 -32768 -32768 24 25 29 25 25 24 27 23 25 26 28 26 26 25 23 23 24 27 29 28 24 23 27 30 34 33 26 23 23 23 22 20 19 18 18 18 18 17 17 17 18 18 18 19 19 19 20 20 20 20 20 20 20 21 21 22 22 22 23 23 23 24 25 27 28 28 30 33 34 35 38 35 37 42 40 38 41 43 40 37 37 34 32 31 26 25 25 25 25 26
-32768 -32768 -32768 -32768 -32768 -32768 27 27 24 23 22 23 23 28 32 33 30 27 24 23 22 21 23 19 23 23 22 23 25 27 28 29 21 20 20 20 19 18 17 17 16 16 16 16 16 16 17 17 17 17 18 18 19 19 19 18 18 18 18 19 19 19 20 21 21 21 22 22 23 24 25 27 27 28 31 38 41 42 45 44 45 45 44 41 38 39 37 35 30 27 26 25 23 23 23 23
-32768 -32768 -32768 -32768 -32768 -32768 23 21 21 22 27 25 26 33 29 26 24 24 26 26 24 23 20 17 19 20 19 20 20 20 21 24 18 18 18 19 18 17 16 16 15 15 15 15 15 15 16 16 16 16 17 18 17 17 17 17 17 18 17 17 18 19 19 20 21 21 21 22 23 24 25 27 29 27 28 30 32 35 40 38 42 38 39 36 39 40 37 34 30 28 27 27 23 23 22 21
-32768 -32768 -32768 -32768 -32768 -32768 19 20 23 22 26 22 22 24 23 23 26 29 28 27 26 21 19 16 18 20 18 17 18 18 17 17 15 15 15 16 17 17 17 17 16 15 14 14 14 14 14 14 15 15 16 16 16 17 17 17 17 17 16 16 17 18 19 19 20 20 20 21 21 22 23 24 26 27 27 28 30 31 32 32 32 32 32 32 32 35 36 34 32 32 29 27 25 25 23 20
-32768 -32768 -32768 -32768 -32768 -32768 18 20 22 18 19 19 20 22 26 28 30 25 26 24 23 21 18 15 16 19 16 16 15 16 17 14 13 14 14 14 15 15 15 15 15 14 13 13 13 13 13 14 15 15 15 16 16 16 16 16 15 15 15 16 16 17 17 18 18 18 19 19 20 20 21 22 23 24 25 27 27 29 30 31 31 31 30 30 31 32 33 32 33 33 42 38 27 25 22 21
-32768 -32768 -32768 -32768 -32768 -32768 17 16 16 18 19 20 19 20 21 21 20 22 24 23 20 17 15 16 18 16 14 14 14 15 17 14 13 13 13 14 14 14 14 13 13 13 12 12 12 12 12 13 14 14 15 15 15 15 15 15 14 15 15 15 15 16 17 17 18 17 17 18 18 19 19 20 21 22 23 24 25 26 26 28 30 29 29 29 29 29 30 30 32 34 36 39 34 28 25 22
-32768 -32768 -32768 -32768 -32768 -32768 -32768 15 16 17 17 15 16 16 18 19 23 23 21 18 17 15 14 18 15 13 12 12 13 14 14 14 12 12 12 12 13 13 13 13 12 12 11 11 11 11 12 13 13 14 14 14 14 14 14 14 13 14 14 14 15 15 15 15 16 16 17 17 18 18 19 19 20 21 21 23 23 24 25 26 26 27 28 28 27 28 29 29 30 31 32 30 28 25 24 22
-32768 -32768 -32768 -32768 -32768 -32768 -32768 15 16 15 15 16 17 16 16 19 18 17 17 15 18 17 19 17 13 11 11 12 12 13 12 12 11 11 11 12 12 12 12 12 12 11 11 10 10 10 11 12 12 12 13 13 13 13 13 13 13 13 14 14 15 15 15 16 16 17 17 17 18 19 19 20 20 20 20 20 21 23 23 23 25 26 27 26 28 28 28 28 29 29 29 28 28 23 21 20
-32768 -32768 -32768 -32768 -32768 -32768 -32768 14 15 16 15 16 16 16 16 17 17 13 15 19 19 18 16 14 14 13 11 11 13 14 11 11 10 10 11 11 12 11 12 12 11 11 10 10 10 10 11 12 12 12 12 12 12 12 13 12 13 13 14 14 14 15 15 15 15 16 17 19 20 20 18 19 20 20 21 21 21 22 22 23 24 24 24 26 27 28 25 26 26 27 26 24 25 26 20 20
-32768 -32768 -32768 -32768 -32768 -32768 -32768 15 15 15 15 15 15 16 15 16 15 13 16 22 16 16 15 13 11 11 11 11 11 11 10 10 11 11 11 11 10 11 11 11 11 11 11 10 11 11 11 12 12 12 12 12 12 12 13 12 12 13 13 13 13 13 14 14 15 15 16 18 18 18 18 19 19 21 22 23 24 25 24 23 25 26 26 25 26 25 23 24 25 24 25 22 22 20 24 25
-32768 -32768 -32768 -32768 -32768 -32768 -32768 -32768 15 15 15 16 16 15 14 14 13 16 18 14 13 14 12 13 11 13 12 10 10 10 10 10 11 11 10 10 10 11 11 11 11 11 11 12 12 12 12 11 11 12 12 12 12 12 12 12 12 12 13 13 13 13 14 14 14 15 15 17 16 17 19 22 24 24 25 25 25 24 24 24 24 25 26 26 25 23 22 22 22 22 22 22 21 21 23 25
-32768 -32768 -32768 -32768 -32768 -32768 -32768 -32768 15 15 15 15 15 14 14 13 16 16 16 11 12 12 10 10 11 13 12 9 10 10 10 10 10 10 10 11 11 10 10 10 11 11 12 12 11 12 12 12 11 11 12 12 12 12 12 12 12 13 13 13 13 13 13 14 14 14 15 16 17 17 21 28 29 27 25 27 25 22 23 22 22 25 26 26 25 24 23 24 25 25 24 23 25 24 23 23
-32768 -32768 -32768 -32768 -32768 -32768 -32768 -32768 15 15 15 14 15 14 13 13 14 13 13 11 11 11 11 11 10 10 10 9 10 10 9 9 10 10 10 10 10 11 11 10 10 11 11 11 11 11 11 11 11 11 11 12 12 12 12 12 12 13 13 13 13 13 13 13 14 16 16 17 19 23 27 27 23 25 22 24 23 22 22 21 21 24 25 26 26 27 28 28 27 27 27 26 27 27 25 21
-32768 -32768 -32768 -32768 -32768 -32768 -32768 -32768 -32768 14 15 14 14 14 14 17 15 18 17 14 14 13 13 13 12 11 10 9 9 9 9 9 10 10 10 10 10 10 11 10 10 10 10 11 11 11 11 12 12 11 12 12 12 12 12 13 13 13 13 13 13 13 13 14 15 17 22 23 23 18 18 23 21 18 19 21 18 18 19 20 21 23 25 26 26 28 29 29 28 30 29 28 28 26 26 25
-32768 -32768 -32768 -32768 -32768 -32768 -32768 -32768 -32768 14 14 15 15 14 14 15 17 19 17 16 16 14 12 13 13 12 10 9 10 9 9 10 10 10 10 10 10 10 10 10 11 10 10 11 11 11 11 11 11 12 12 12 12 12 13 13 13 13 14 14 14 13 13 14 16 23 27 21 17 16 16 18 18 16 16 16 16 16 17 19 21 23 24 24 25 26 27 29 29 29 28 28 28 27 24 23
-32768 -32768 -32768 -32768 -32768 -32768 -32768 -32768 13 13 14 14 15 17 17 16 14 13 14 14 15 14 13 13 13 11 10 9 10 10 10 9 10 10 10 10 10 10 10 10 10 10 11 11 11 11 11 11 11 12 12 13 13 13 13 13 13 14 14 15 14 14 14 16 18 27 19 22 20 16 14 13 13 15 14 14 15 17 19 20 20 22 23 24 25 24 26 26 28 27 28 29 29 28 25 23
-32768 -32768 -32768 -32768 -32768 -32768 -32768 -32768 12 12 13 13 16 15 15 14 12 12 13 13 13 12 12 12 12 11 10 10 9 10 10 9 9 10 10 10 9 10 10 10 10 11 11 11 12 12 11 11 11 12 12 13 14 14 13 14 14 14 15 16 16 16 18 24 24 28 25 17 14 13 12 12 14 14 13 13 14 17 18 19 19 20 22 23 22 23 25 25 26 27 28 28 30 30 27 23
-32768 -32768 -32768 -32768 -32768 -32768 -32768 -32768 12 12 12 12 13 14 13 13 12 13 12 11 11 11 11 11 10 10 10 10 10 10 10 9 9 9 10 10 9 10 10 10 10 11 12 12 11 11 11 11 12 12 13 15 15 16 16 16 15 15 16 18 18 20 20 19 16 16 14 13 14 12 11 12 12 13 12 13 16 17 18 19 18 17 18 20 22 26 27 28 28 28 30 30 31 31 31 25
-32768 -32768 -32768 -32768 -32768 -32768 -32768 11 11 12 11 11 12 13 15 15 12 11 11 11 11 11 10 10 10 10 11 10 10 10 10 10 9 9 9 9 10 10 10 11 11 11 11 11 11 11 12 12 13 14 15 17 17 17 16 15 15 16 17 18 20 19 21 16 13 14 14 12 11 11 10 11 11 11 11 14 15 15 18 19 17 18 20 22 23 24 26 28 29 29 30 32 35 32 33 29
-32768 -32768 -32768 -32768 -32768 -32768 -32768 11 11 11 11 11 11 13 15 12 11 11 11 10 10 10 10 12 12 11 11 10 10 10 10 9 9 9 9 9 10 11 13 12 11 10 10 11 11 11 12 13 14 14 16 19 17 16 16 17 17 16 15 15 14 15 16 14 13 12 12 11 11 11 10 10 10 10 12 14 13 15 17 17 16 18 19 19 19 21 23 26 28 33 33 34 36 34 33 31
-32768 -32768 -32768 -32768 -32768 -32768 -32768 11 11 11 11 11 11 12 12 11 10 10 10 10 10 12 14 13 12 10 11 10 10 10 10 9 9 10 9 9 10 10 11 10 8 9 10 10 12 12 12 12 14 17 20 21 20 21 19 16 14 13 13 12 11 12 13 12 11 11 12 11 11 11 10 9 10 12 13 13 14 16 16 15 15 16 15 16 17 20 22 25 28 31 33 34 36 35 33 30
-32768 -32768 -32768 -32768 -32768 -32768 10 10 10 11 11 11 12 11 10 10 10 10 10 10 13 18 15 11 9 9 10 10 10 10 10 10 10 10 10 11 10 10 8 7 8 9 10 12 17 16 13 14 18 19 20 20 17 17 15 14 15 16 15 11 11 11 10 10 11 11 11 11 10 10 10 10 11 12 13 12 14 14 13 14 14 16 17 16 18 19 20 22 27 29 32 34 35 33 31 31
-32768 -32768 -32768 -32768 -32768 -32768 10 10 10 10 10 10 11 11 10 10 10 10 11 11 12 16 14 9 8 9 9 9 10 10 11 10 10 10 9 9 8 7 7 6 7 8 10 16 20 15 14 17 20 23 21 19 15 16 16 12 9 10 11 11 10 9 9 10 10 10 11 11 10 10 9 10 11 12 12 13 13 12 13 15 14 15 16 17 18 19 21 22 26 29 31 30 35 34 33 32
-32768 -32768 -32768 -32768 -32768 -32768 10 10 9 9 9 10 11 10 10 10 10 12 13 13 11 10 9 9 9 8 8 9 9 8 8 10 8 7 7 6 7 6 6 6 6 9 13 11 14 20 20 20 13 16 14 10 8 9 7 8 9 9 10 9 8 8 9 10 10 10 10 10 10 10 9 10 10 11 11 11 11 11 14 15 14 16 16 17 17 19 22 20 25 26 28 31 31 32 30 33
