DATA/PredictorVariables/1_WorldClim_R/bio17.asc
NCOLS 166 
NROWS 105 
XLLCORNER -9.41666666666667 
YLLCORNER 35.1666666666667 
CELLSIZE 0.0833333333333333 
NODATA_value -32768 
[rows 0 to 40 of 105, columns 0 to 91 of 166]
-32768.000000000000000 -32768 -32768 -32768 -32768 -32768 -32768 -32768 -32768 -32768 -32768 -32768 -32768 -32768 -32768 -32768 -32768 -32768 -32768 -32768 -32768 -32768 -32768 -32768 -32768 -32768 -32768 -32768 -32768 -32768 -32768 -32768 -32768 -32768 -32768 -32768 -32768 -32768 -32768 -32768 -32768 -32768 -32768 -32768 -32768 -32768 -32768 -32768 -32768 -32768 -32768 -32768 -32768 -32768 -32768 -32768 -32768 -32768 -32768 -32768 -32768 -32768 -32768 -32768 -32768 -32768 -32768 -32768 -32768 -32768 -32768 -32768 -32768 -32768 -32768 -32768 -32768 -32768 -32768 -32768 -32768 -32768 -32768 -32768 -32768 -32768 -32768 -32768 -32768 -32768 -32768 -32768
-32768 -32768 -32768 -32768 -32768 -32768 -32768 -32768 -32768 -32768 -32768 -32768 -32768 -32768 -32768 -32768 -32768 -32768 131 -32768 127 123 -32768 -32768 -32768 -32768 -32768 -32768 -32768 -32768 -32768 -32768 -32768 -32768 -32768 -32768 -32768 -32768 -32768 -32768 -32768 -32768 -32768 -32768 -32768 -32768 -32768 -32768 -32768 -32768 -32768 -32768 -32768 -32768 -32768 -32768 -32768 -32768 -32768 -32768 -32768 -32768 -32768 -32768 -32768 -32768 -32768 -32768 -32768 -32768 -32768 -32768 -32768 -32768 -32768 -32768 -32768 -32768 -32768 -32768 -32768 -32768 -32768 -32768 -32768 -32768 -32768 -32768 -32768 -32768 -32768 -32768
-32768 -32768 -32768 -32768 -32768 -32768 -32768 -32768 -32768 -32768 -32768 -32768 -32768 -32768 -32768 -32768 131 143 128 129 131 127 127 124 122 -32768 -32768 -32768 -32768 -32768 -32768 -32768 -32768 -32768 -32768 -32768 -32768 -32768 -32768 -32768 -32768 -32768 -32768 -32768 -32768 -32768 -32768 -32768 -32768 -32768 -32768 -32768 -32768 -32768 -32768 -32768 -32768 -32768 -32768 -32768 -32768 -32768 -32768 -32768 -32768 -32768 -32768 -32768 -32768 -32768 -32768 -32768 -32768 -32768 -32768 -32768 -32768 -32768 -32768 -32768 -32768 -32768 -32768 -32768 -32768 -32768 -32768 -32768 -32768 -32768 -32768 -32768
-32768 -32768 -32768 -32768 -32768 -32768 -32768 -32768 -32768 -32768 -32768 -32768 -32768 -32768 121 128 131 136 130 137 140 130 138 136 129 119 -32768 -32768 -32768 -32768 -32768 -32768 -32768 -32768 -32768 -32768 -32768 -32768 135 -32768 140 141 147 147 144 -32768 -32768 -32768 -32768 -32768 -32768 -32768 -32768 -32768 -32768 -32768 -32768 -32768 -32768 -32768 -32768 -32768 -32768 -32768 -32768 -32768 -32768 -32768 -32768 -32768 -32768 -32768 -32768 -32768 -32768 -32768 -32768 -32768 -32768 -32768 -32768 -32768 -32768 -32768 -32768 -32768 -32768 -32768 -32768 -32768 -32768 -32768
-32768 -32768 -32768 -32768 -32768 -32768 -32768 -32768 -32768 -32768 -32768 -32768 -32768 125 123 127 130 133 142 147 143 139 146 129 122 121 123 122 118 121 121 126 123 131 129 132 138 144 144 144 146 146 146 150 144 144 150 150 144 146 -32768 -32768 -32768 -32768 -32768 -32768 -32768 -32768 -32768 -32768 -32768 -32768 -32768 -32768 -32768 -32768 -32768 -32768 -32768 181 182 -32768 -32768 -32768 -32768 -32768 -32768 -32768 -32768 -32768 -32768 -32768 -32768 -32768 -32768 -32768 -32768 -32768 -32768 -32768 -32768 -32768
-32768 -32768 -32768 -32768 -32768 -32768 -32768 -32768 -32768 -32768 -32768 -32768 -32768 123 121 131 141 144 139 144 151 154 154 142 128 122 129 120 121 130 134 136 130 144 139 136 144 153 146 140 151 156 152 150 150 155 156 147 150 151 152 146 143 144 142 140 140 -32768 -32768 -32768 -32768 -32768 -32768 158 161 165 168 171 174 180 179 180 -32768 -32768 -32768 -32768 -32768 200 201 206 202 -32768 -32768 -32768 -32768 -32768 -32768 -32768 -32768 -32768 -32768 -32768
-32768 -32768 -32768 -32768 -32768 -32768 125 118 -32768 -32768 -32768 122 118 121 121 130 140 140 144 140 140 140 146 140 136 132 124 125 136 146 140 134 138 145 136 145 152 145 140 142 140 143 151 150 151 151 151 150 149 147 142 142 149 150 153 160 152 149 145 146 147 150 155 159 158 164 166 170 170 176 177 176 183 184 181 183 185 191 197 205 204 208 212 209 -32768 -32768 -32768 -32768 -32768 234 253 246
-32768 -32768 -32768 -32768 -32768 123 121 124 128 127 127 126 122 122 121 130 138 146 141 137 134 133 129 132 130 130 123 136 140 139 127 133 147 147 137 134 137 144 143 147 150 149 148 150 149 151 155 155 150 156 151 147 156 164 162 156 161 152 155 151 154 155 155 160 158 162 164 171 177 178 177 176 182 184 188 184 187 183 190 194 198 204 211 213 217 217 223 227 234 235 243 252
-32768 -32768 118 117 119 123 125 126 126 131 143 139 135 127 128 137 140 143 138 137 130 127 124 123 126 130 126 131 134 128 122 139 148 136 131 134 149 146 151 153 146 163 152 144 148 152 149 152 152 166 157 156 170 202 188 196 191 158 166 159 155 155 161 158 157 161 164 167 178 191 180 175 176 180 179 178 182 187 184 187 192 201 205 209 214 218 227 232 231 238 241 246
-32768 -32768 112 117 124 126 134 138 140 146 145 142 142 138 141 144 141 140 136 133 130 123 122 122 126 129 124 136 130 133 125 134 142 133 131 145 158 145 156 152 157 147 147 142 150 149 149 159 167 162 167 174 165 181 190 181 157 148 155 178 167 162 162 163 155 165 160 166 182 188 185 181 176 169 172 171 175 177 179 182 192 193 195 200 207 213 217 220 222 231 233 235
-32768 113 115 119 130 133 138 140 143 142 142 138 138 138 138 138 140 144 138 131 128 123 121 124 124 128 130 123 123 117 117 134 145 132 148 147 173 175 170 185 170 179 151 143 170 174 167 176 180 167 176 167 163 175 175 190 187 176 166 171 188 180 164 162 161 162 162 166 168 164 166 167 170 170 176 177 168 170 183 197 188 191 186 189 198 199 200 207 218 218 222 222
-32768 108 112 125 131 134 136 136 139 139 138 138 140 140 140 136 140 137 137 130 130 124 117 114 115 123 122 123 112 114 124 127 140 143 151 161 153 153 154 162 154 157 164 157 156 163 156 167 160 149 158 160 157 155 165 181 185 177 165 160 181 172 157 154 154 154 156 157 157 155 152 157 161 164 167 171 171 171 171 177 175 178 186 190 200 198 196 201 209 209 207 207
-32768 106 -32768 117 131 132 131 134 130 128 137 141 136 134 133 128 128 129 130 130 123 117 112 108 111 114 121 113 112 124 139 153 152 139 143 141 148 164 156 163 165 152 141 157 144 143 142 150 140 140 150 145 151 147 158 158 160 158 149 145 148 148 147 148 147 151 146 149 147 152 150 147 153 158 162 161 164 168 168 164 162 164 168 173 177 186 187 190 192 201 194 189
-32768 -32768 -32768 113 117 119 118 140 130 128 127 132 128 128 135 132 132 133 127 128 122 111 115 114 105 118 121 116 119 124 151 135 124 114 117 135 153 154 152 142 133 128 128 127 132 125 124 129 127 129 132 132 136 133 139 142 136 136 139 136 137 135 136 140 138 138 144 141 144 150 145 145 142 143 147 156 147 154 152 153 159 162 168 169 176 180 178 179 188 185 182 174
-32768 -32768 -32768 107 116 133 125 130 122 128 134 131 141 138 136 137 132 134 134 122 112 118 118 111 110 120 132 133 127 118 127 110 101 102 102 113 119 118 123 129 127 121 117 115 118 114 113 117 115 121 118 122 122 124 127 128 128 125 128 124 126 126 130 133 133 134 135 135 138 145 140 133 141 142 149 148 136 137 140 145 148 151 158 155 156 158 161 161 157 156 161 161
-32768 -32768 -32768 -32768 112 124 115 118 129 128 138 143 147 149 136 134 135 135 133 118 109 112 108 97 105 119 116 122 129 114 105 94 88 86 89 92 96 104 114 110 107 108 105 107 107 103 103 104 107 110 110 114 112 116 117 117 117 115 117 116 115 116 121 122 125 126 128 130 133 133 129 125 126 130 133 137 135 134 131 141 148 151 146 146 146 145 138 141 144 143 142 145
-32768 -32768 -32768 -32768 110 110 111 117 121 129 136 141 142 146 142 135 136 135 126 117 106 104 93 92 95 103 106 118 118 109 92 84 79 80 85 102 112 115 114 103 100 99 96 97 97 96 96 97 99 101 105 105 104 107 108 107 107 107 107 107 107 108 109 111 113 115 121 121 122 122 122 126 127 127 128 129 124 123 123 122 123 122 121 122 122 120 120 124 127 129 130 132
-32768 -32768 -32768 -32768 107 112 113 120 131 125 133 142 149 142 132 125 119 114 111 108 103 97 94 98 97 94 92 106 100 93 85 82 94 110 106 120 123 108 98 94 91 92 89 90 91 91 91 91 94 96 98 97 96 99 100 98 96 97 97 98 99 100 101 102 105 108 111 111 112 115 118 120 121 124 123 122 122 119 119 117 113 114 110 105 104 103 107 112 115 118 121 122
-32768 -32768 -32768 -32768 -32768 107 115 116 127 125 131 133 145 140 125 110 109 102 97 95 111 112 104 100 108 107 86 83 99 101 90 108 112 106 132 134 122 102 96 91 87 84 83 85 86 86 85 87 89 91 92 91 89 91 91 90 89 89 89 91 90 92 93 96 99 102 102 103 104 108 111 116 123 123 121 128 129 123 121 111 112 123 113 108 103 105 103 105 106 108 113 112
-32768 -32768 -32768 -32768 -32768 -32768 111 116 126 121 129 132 135 141 125 104 103 106 95 94 105 106 116 119 116 125 96 91 100 116 122 126 125 114 102 109 122 109 93 84 81 80 79 79 80 81 80 83 87 85 84 83 83 84 84 84 83 81 81 82 84 85 87 91 94 95 96 97 100 103 108 113 120 129 133 138 130 142 131 116 128 136 126 128 131 121 125 107 100 101 104 104
-32768 -32768 -32768 -32768 -32768 -32768 104 112 117 121 119 116 128 129 116 108 107 102 102 101 101 98 114 127 131 138 115 93 106 115 133 148 141 127 125 118 104 98 88 82 79 78 76 74 77 77 77 79 80 79 78 79 78 78 77 77 77 76 75 76 79 80 83 86 86 88 90 92 95 98 103 112 127 134 146 148 146 152 135 130 136 124 133 127 138 123 120 109 101 101 97 98
-32768 -32768 -32768 -32768 -32768 -32768 107 108 124 108 109 107 120 108 114 117 122 115 113 109 100 100 104 113 121 116 102 95 110 121 134 130 104 94 94 93 89 81 77 75 74 74 73 72 72 72 73 74 73 74 74 74 75 73 72 71 70 69 69 72 75 76 79 78 82 84 85 88 92 97 102 102 106 115 119 123 130 123 129 143 138 133 142 148 139 129 129 119 113 110 96 93
-32768 -32768 -32768 -32768 -32768 -32768 118 119 109 104 103 108 107 125 138 143 132 121 110 104 100 95 100 87 100 100 94 99 104 111 117 118 89 85 82 81 78 75 72 70 69 68 68 68 68 68 70 71 71 70 70 70 70 70 69 67 66 65 64 67 68 69 73 77 79 80 82 84 86 89 94 99 99 102 111 131 139 142 152 149 152 153 151 142 133 137 129 122 106 97 95 92
-32768 -32768 -32768 -32768 -32768 -32768 108 98 101 104 123 116 121 143 129 120 112 111 118 118 108 102 93 79 86 90 84 87 89 88 92 102 80 78 78 79 75 71 69 69 67 66 65 65 65 65 67 66 66 66 66 68 65 66 65 64 64 65 62 62 65 69 72 75 79 79 80 84 87 89 94 99 104 98 102 107 112 121 136 132 143 133 134 127 135 138 129 120 106 101 98 98
-32768 -32768 -32768 -32768 -32768 -32768 94 97 109 106 120 105 106 113 110 109 120 130 126 122 117 97 90 77 82 90 81 79 84 82 79 78 70 70 68 71 72 73 74 71 69 65 64 62 62 62 61 62 63 63 64 63 64 66 66 65 65 63 60 62 65 68 71 73 76 77 79 81 83 85 88 91 96 99 100 103 108 111 113 113 113 113 116 114 114 122 125 119 113 113 104 96
-32768 -32768 -32768 -32768 -32768 -32768 92 99 107 91 98 95 100 107 123 128 135 117 119 113 109 101 88 73 78 87 75 74 72 77 81 70 64 68 65 65 68 66 65 66 66 63 59 59 59 58 58 60 61 61 61 63 64 64 65 64 61 60 60 63 64 66 68 70 72 73 75 77 79 80 82 85 87 90 95 99 100 106 107 110 110 112 109 109 111 114 116 115 116 117 143 131
-32768 -32768 -32768 -32768 -32768 -32768 90 87 87 93 97 102 97 101 106 106 102 108 114 111 99 87 77 79 85 77 69 66 69 75 84 70 67 64 62 66 66 65 63 61 61 60 57 56 56 55 55 57 58 58 61 62 62 63 63 63 59 61 61 62 62 65 67 69 71 70 69 72 74 76 78 80 83 86 89 91 94 97 97 102 107 106 106 106 105 105 108 108 113 120 127 134
-32768 -32768 -32768 -32768 -32768 -32768 -32768 82 88 90 89 84 86 87 96 98 113 113 106 94 90 80 75 89 77 68 62 60 66 72 74 71 63 62 60 61 62 63 60 60 58 57 54 53 53 52 55 56 56 58 58 59 61 61 62 60 59 60 60 60 62 63 64 64 67 68 71 71 73 74 77 79 80 82 83 88 88 91 93 95 96 99 103 103 99 100 104 104 108 111 114 108
-32768 -32768 -32768 -32768 -32768 -32768 -32768 84 86 84 84 86 92 88 88 100 96 92 90 83 94 89 95 86 70 62 59 61 64 67 64 63 57 57 57 60 61 59 57 57 57 55 54 50 49 50 52 53 54 54 55 56 58 58 58 58 58 57 61 61 64 64 66 67 68 71 72 72 75 78 79 82 80 80 81 81 84 88 88 88 93 95 98 97 101 102 102 101 106 104 103 101
-32768 -32768 -32768 -32768 -32768 -32768 -32768 81 83 86 85 88 86 86 88 93 92 77 86 100 99 95 86 77 74 70 59 60 69 74 60 58 55 55 57 58 59 56 57 57 54 53 51 50 49 49 52 53 53 53 54 54 55 56 58 57 58 58 62 62 63 65 65 67 67 69 74 80 82 82 76 79 82 81 84 84 84 86 86 88 90 90 90 95 100 101 93 95 97 98 94 90
-32768 -32768 -32768 -32768 -32768 -32768 -32768 82 83 83 82 82 83 87 84 90 86 77 90 111 90 89 84 74 64 62 61 62 59 62 57 57 62 62 61 58 54 57 57 57 55 54 53 51 52 52 52 54 55 55 54 55 56 56 58 57 57 58 58 59 60 61 63 64 66 66 71 78 76 76 76 79 80 85 89 90 93 94 91 89 94 96 95 94 95 93 87 89 92 91 92 83
-32768 -32768 -32768 -32768 -32768 -32768 -32768 -32768 83 84 84 87 89 86 81 81 76 90 99 84 78 83 72 77 65 72 68 57 56 57 54 58 62 60 56 53 55 56 56 55 55 55 55 56 56 55 54 53 52 55 55 55 56 56 56 56 57 57 58 59 60 60 63 65 65 68 69 73 72 74 80 88 94 95 96 96 96 93 92 92 92 94 96 97 94 87 84 84 83 83 85 84
-32768 -32768 -32768 -32768 -32768 -32768 -32768 -32768 83 83 82 82 84 80 81 76 90 93 92 70 74 74 65 65 67 74 71 55 57 60 57 59 58 57 56 59 59 55 54 54 55 56 57 56 55 56 56 56 54 54 55 55 56 56 56 56 56 59 59 59 60 61 63 64 66 67 69 72 74 76 86 107 108 102 98 102 96 86 89 86 86 94 96 96 92 89 87 90 93 92 89 85
-32768 -32768 -32768 -32768 -32768 -32768 -32768 -32768 82 81 79 79 81 81 78 79 81 78 80 71 73 71 68 69 64 62 60 53 59 60 56 55 58 59 58 57 57 57 56 54 53 54 53 53 54 54 55 55 54 54 54 55 56 56 56 57 57 60 59 60 61 62 63 64 67 72 73 76 80 92 104 102 91 98 89 93 89 86 86 83 83 90 93 95 97 100 103 104 100 99 98 94
-32768 -32768 -32768 -32768 -32768 -32768 -32768 -32768 -32768 78 80 77 78 78 82 96 89 103 97 83 85 80 80 79 74 67 64 55 55 54 53 53 57 59 58 58 57 56 57 55 54 53 52 52 53 54 55 57 57 55 56 56 57 56 57 58 58 60 60 60 62 62 64 67 70 76 90 92 93 78 78 92 85 78 81 85 76 76 79 80 83 87 93 95 97 102 107 106 103 109 106 102
-32768 -32768 -32768 -32768 -32768 -32768 -32768 -32768 -32768 76 79 82 83 82 82 87 98 103 98 94 92 84 76 79 80 73 62 57 60 58 55 58 58 58 57 57 57 56 55 55 56 53 52 53 53 55 55 55 56 57 57 57 57 57 59 58 59 60 62 63 63 63 63 68 74 93 103 87 75 72 72 77 77 72 72 72 71 70 73 77 83 88 90 91 94 97 101 105 107 107 105 101
-32768 -32768 -32768 -32768 -32768 -32768 -32768 -32768 73 73 77 80 86 98 97 93 83 83 85 88 88 85 80 79 78 71 62 58 62 62 60 57 59 60 59 56 56 55 54 55 54 53 54 55 55 56 56 55 56 57 57 59 59 59 59 59 59 61 63 65 64 64 66 72 78 103 81 90 84 72 66 63 64 68 67 65 68 72 78 81 81 84 87 91 94 91 97 98 105 101 103 105
-32768 -32768 -32768 -32768 -32768 -32768 -32768 -32768 71 70 73 76 91 85 89 86 76 77 80 82 82 79 78 76 76 70 64 63 59 62 61 59 58 58 59 57 55 55 54 55 55 55 57 58 59 59 55 56 56 57 58 60 62 62 60 61 61 63 64 67 68 69 75 93 95 105 96 75 65 62 59 60 65 65 63 61 65 74 76 78 76 79 86 89 87 90 95 95 99 102 105 103
-32768 -32768 -32768 -32768 -32768 -32768 -32768 -32768 69 69 71 72 76 83 80 82 77 80 79 75 73 73 73 71 69 66 65 65 63 62 63 59 58 57 58 57 55 55 56 56 55 58 60 60 57 55 56 56 58 59 62 66 66 68 68 68 66 66 69 76 74 80 82 78 71 69 65 63 65 59 53 57 59 62 58 61 70 72 74 78 73 71 74 80 87 98 103 106 104 106 111 111
-32768 -32768 -32768 -32768 -32768 -32768 -32768 67 67 69 68 68 73 79 89 91 77 73 72 72 73 74 69 66 66 66 71 67 65 64 63 61 58 55 54 55 56 57 57 59 59 58 57 56 56 56 58 58 61 65 67 73 73 72 70 66 66 69 73 76 80 79 83 69 60 65 63 57 55 52 50 54 55 55 54 64 67 67 74 77 71 75 81 86 90 94 100 106 109 110 113 118
-32768 -32768 -32768 -32768 -32768 -32768 -32768 66 66 67 67 67 70 80 90 74 71 69 71 69 68 67 69 78 78 73 71 67 66 63 64 59 56 55 54 54 59 62 68 61 59 55 54 57 57 56 59 62 63 64 71 80 72 68 70 73 73 71 66 68 64 65 68 61 58 56 55 52 53 51 49 50 49 50 59 64 61 67 71 71 68 75 77 79 79 84 90 100 106 120 120 125
