DATA/PredictorVariables/1_WorldClim_R/bio13.asc
NCOLS 166 
NROWS 105 
XLLCORNER -9.41666666666667 
YLLCORNER 35.1666666666667 
CELLSIZE 0.0833333333333333 
NODATA_value -32768 
[rows 41 to 81 of 105, columns 0 to 90 of 166]
-32768 -32768 -32768 -32768 -32768 -32768 -32768 137 139 139 140 138 148 159 156 152 149 152 153 158 162 197 237 211 185 163 164 151 139 133 129 115 106 103 96 89 89 86 82 77 63 61 62 60 63 61 58 57 60 69 76 77 75 76 71 63 58 54 54 51 49 51 51 48 49 51 54 56 58 60 60 61 59 57 56 54 52 54 54 52 52 54 53 55 57 63 66 71 75 79 83
-32768 -32768 -32768 -32768 -32768 -32768 133 135 137 138 139 137 149 149 141 144 146 151 159 164 202 263 238 176 150 143 153 151 142 139 131 122 114 106 99 101 91 84 70 63 62 64 63 69 84 76 61 62 72 76 75 75 69 68 63 60 63 65 61 49 47 46 45 46 48 50 53 55 56 58 59 59 59 57 56 53 52 50 48 51 51 56 59 56 60 61 64 67 74 77 81
-32768 -32768 -32768 -32768 -32768 -32768 132 134 136 137 136 135 146 146 139 144 147 151 164 174 193 236 225 153 140 141 140 145 149 144 142 128 116 113 99 88 78 72 66 61 62 62 64 86 96 75 69 75 80 87 81 75 63 66 65 53 46 49 51 50 48 44 43 45 48 49 52 54 55 56 56 57 58 56 54 53 51 48 50 54 52 54 58 59 62 63 66 68 74 78 80
-32768 -32768 -32768 -32768 -32768 -32768 134 133 130 130 130 131 140 141 144 144 153 176 199 208 173 159 151 144 142 134 131 131 131 115 107 121 100 88 80 75 74 67 63 59 57 66 81 68 76 94 89 84 60 68 62 51 45 48 42 44 46 48 49 45 42 42 44 45 47 48 51 52 53 54 54 55 55 55 53 52 49 48 53 55 54 58 58 59 61 64 69 66 73 74 75
-32768 -32768 -32768 -32768 -32768 -32768 126 127 128 128 128 136 138 137 157 171 180 181 190 180 158 160 159 150 138 124 121 119 111 102 99 96 87 78 74 73 71 65 62 60 60 68 65 71 60 57 54 49 43 42 41 41 43 43 44 49 51 44 43 42 43 44 45 45 45 47 48 50 52 51 52 54 54 53 51 49 49 49 54 56 56 59 60 61 64 65 66 67 72 74 76
-32768 -32768 -32768 -32768 -32768 -32768 125 127 126 125 136 142 140 169 187 175 165 165 159 151 169 154 160 136 124 121 115 115 113 107 93 86 79 75 73 70 66 62 59 59 59 59 58 56 50 47 45 44 43 42 42 41 41 42 44 43 42 42 42 43 43 44 44 44 44 45 46 48 49 49 50 51 51 50 50 50 49 51 53 55 57 58 61 62 65 64 63 66 69 72 69
-32768 -32768 -32768 -32768 -32768 122 123 127 126 126 142 139 143 160 157 149 154 165 165 165 154 131 132 128 119 115 109 107 103 96 89 88 80 75 71 68 64 61 61 61 58 54 51 49 48 46 45 44 43 43 42 42 42 42 42 42 42 42 43 45 45 44 43 43 44 44 45 45 47 49 51 51 51 51 51 50 50 51 53 55 55 56 59 60 62 62 64 65 66 68 65
-32768 -32768 -32768 -32768 -32768 120 119 125 127 127 135 134 141 142 140 148 159 165 175 151 132 124 125 123 116 104 101 98 98 93 88 83 80 75 71 69 66 66 65 61 57 53 51 50 48 47 47 45 44 44 44 43 42 41 43 45 44 43 43 43 44 44 43 44 44 44 45 45 46 48 49 50 50 50 49 49 50 51 53 54 54 56 57 59 60 59 63 65 66 66 64
-32768 -32768 -32768 -32768 119 120 118 121 127 133 132 128 136 133 134 135 141 153 154 134 125 123 123 114 104 102 98 99 94 90 86 82 77 73 71 69 68 64 60 58 56 55 53 52 50 50 49 47 47 46 45 44 44 43 44 46 46 45 46 46 44 45 47 47 48 48 47 46 46 47 47 48 48 48 48 48 49 50 53 54 55 54 56 58 58 57 59 61 64 64 62
-32768 -32768 -32768 -32768 120 121 120 120 127 129 124 122 126 133 128 134 134 136 129 121 121 115 110 109 108 104 98 97 92 86 83 82 79 75 70 65 64 63 62 60 58 57 57 57 56 55 52 52 51 50 48 47 47 49 48 49 49 50 49 49 48 49 50 49 50 50 49 49 48 47 47 47 48 47 48 48 49 50 52 53 54 54 55 57 57 55 56 60 61 62 61
-32768 -32768 -32768 -32768 118 117 120 126 137 128 123 119 118 124 123 128 132 130 121 115 112 108 109 109 105 100 100 93 89 87 84 82 80 77 71 67 64 62 61 60 58 58 57 57 57 57 57 57 59 55 54 51 49 54 53 55 54 55 54 54 51 51 52 53 52 52 51 50 49 48 48 48 48 47 47 48 49 51 52 51 52 54 53 56 56 55 55 56 57 58 58
-32768 -32768 -32768 114 116 117 130 136 134 131 115 113 113 117 119 119 119 117 116 111 113 111 112 106 105 103 103 98 90 83 81 79 76 74 71 68 64 64 62 60 60 59 60 59 59 59 58 63 63 62 57 56 53 52 54 54 55 60 54 59 57 56 55 55 55 53 51 50 49 49 48 48 47 47 47 48 48 49 50 50 51 53 53 53 53 53 55 55 54 54 54
-32768 -32768 113 113 115 121 126 124 116 112 109 108 110 109 108 108 107 112 112 114 113 112 112 114 109 104 101 100 93 84 80 77 74 72 70 68 68 66 65 62 61 61 62 62 66 63 61 65 67 59 56 54 54 51 51 51 51 52 51 53 53 52 51 56 59 57 53 51 51 50 49 49 48 47 48 49 48 48 48 49 49 50 50 51 51 53 54 52 52 52 52
110 113 112 113 114 117 112 111 110 107 105 107 112 111 110 108 111 111 110 108 109 110 111 119 124 115 107 99 93 88 84 78 77 74 69 67 66 66 66 65 64 64 63 63 66 66 64 62 60 58 55 55 53 52 52 52 52 53 54 55 55 52 53 55 54 56 54 52 53 54 51 49 48 48 48 48 48 47 48 48 48 49 49 49 49 50 50 50 50 50 50
112 115 114 114 113 112 109 108 106 103 103 107 108 109 109 108 106 105 105 102 103 102 104 109 123 118 100 89 87 84 79 76 75 72 70 69 66 66 68 66 65 66 63 61 61 59 59 58 60 59 56 55 54 57 55 54 55 54 54 53 50 50 51 54 54 53 53 55 54 56 51 49 49 48 48 48 48 48 48 48 48 49 49 49 49 49 49 49 49 49 48
114 114 114 114 119 110 108 106 103 101 104 105 105 105 106 104 101 102 101 98 98 101 100 98 100 100 94 86 82 82 77 75 73 72 71 70 68 67 67 70 67 62 62 60 60 59 59 58 59 59 59 57 57 58 60 58 56 55 55 56 54 50 50 53 53 52 51 51 52 51 49 49 49 49 49 49 49 49 49 49 50 50 50 50 50 49 49 49 49 49 49
115 114 115 117 113 107 106 103 100 101 102 103 103 103 102 98 99 99 96 95 95 95 97 95 92 88 86 83 79 78 74 74 72 71 70 67 66 67 65 64 61 61 60 60 60 60 59 59 60 60 60 61 61 60 61 62 59 58 59 59 56 54 52 53 53 51 50 50 50 50 50 50 50 50 50 50 50 50 51 52 52 52 52 53 52 51 50 50 50 49 49
118 116 117 118 113 105 102 100 100 101 101 101 99 98 97 96 96 95 94 92 92 91 89 89 87 85 82 81 78 74 73 71 70 69 67 66 65 65 65 64 61 61 60 61 61 61 63 64 61 62 63 62 62 63 63 63 63 61 59 58 59 57 53 53 52 51 51 51 51 51 51 51 51 51 51 52 52 53 55 55 55 56 55 56 55 53 51 50 50 50 50
122 123 121 120 112 103 101 99 99 98 97 95 96 95 94 93 92 91 93 92 92 91 89 87 86 87 84 78 75 73 71 70 69 68 67 66 65 65 65 62 62 62 62 63 63 63 64 64 65 65 64 65 68 66 66 65 64 62 63 60 59 58 56 55 53 53 52 52 52 52 52 52 52 52 54 54 56 56 55 56 57 58 59 60 58 55 53 51 51 51 51
125 126 121 112 107 101 100 99 98 98 97 96 96 94 93 93 92 91 91 90 90 93 92 88 85 87 83 77 73 72 71 70 69 68 67 67 66 65 64 64 64 64 65 66 66 67 65 66 67 68 67 66 68 67 67 67 67 68 67 63 62 62 59 56 55 53 53 54 54 54 55 54 53 53 54 55 56 57 57 57 58 58 59 60 59 57 55 53 52 51 52
129 129 120 108 104 100 99 98 97 96 96 95 95 94 94 94 93 91 91 89 89 88 91 90 83 80 77 74 74 73 73 71 71 70 69 69 69 67 68 68 69 68 68 71 69 69 68 70 71 72 72 71 68 70 70 69 68 69 68 68 66 64 63 61 60 60 57 55 55 54 55 55 54 55 55 56 56 58 58 59 59 59 60 60 59 59 58 57 56 55 55
122 120 115 108 102 100 98 97 96 96 95 94 93 94 95 95 94 92 90 89 86 89 86 82 82 76 75 76 75 75 74 73 72 72 71 71 71 69 68 69 71 72 71 71 72 71 73 74 76 75 74 72 71 72 71 70 71 70 70 70 70 68 66 64 64 65 62 58 58 58 57 56 56 56 56 56 57 58 59 60 60 58 59 61 63 64 64 64 61 58 56
-32768 111 110 106 102 100 98 95 94 94 93 93 94 95 94 95 94 91 86 85 82 81 81 79 77 76 75 76 77 78 77 75 74 74 73 73 73 72 71 72 73 74 75 73 75 76 78 77 76 75 75 75 75 77 74 75 76 75 74 74 73 72 70 69 68 65 63 64 61 61 60 59 57 58 59 58 58 58 60 58 58 55 60 66 69 65 66 63 60 57 55
-32768 -32768 108 106 103 102 97 93 92 93 91 91 93 92 92 93 90 86 84 82 80 79 79 79 76 74 75 76 78 79 81 83 80 81 76 75 76 75 74 73 77 77 76 75 79 81 80 79 77 78 79 79 79 79 78 77 77 78 80 80 78 75 74 70 69 69 67 65 65 64 63 63 61 60 59 58 57 59 57 55 55 59 68 70 70 65 61 59 56 53 52
-32768 -32768 108 108 106 105 94 92 90 90 89 89 87 88 88 86 85 84 83 80 78 78 78 77 75 74 75 76 77 79 82 86 86 85 81 77 80 79 77 75 76 77 79 78 80 81 80 81 82 82 83 83 82 83 83 82 81 80 79 80 83 81 80 78 73 69 71 73 73 72 67 65 63 60 58 58 58 57 54 54 57 60 62 67 67 61 58 55 52 53 50
-32768 -32768 -32768 -32768 -32768 -32768 -32768 91 91 89 87 86 86 85 87 85 84 83 84 81 79 77 76 74 73 74 75 75 78 79 82 84 78 80 80 81 81 81 81 80 79 81 80 81 81 82 83 84 84 85 87 87 86 86 87 86 85 85 84 82 81 79 80 79 78 72 74 73 72 72 69 66 62 58 57 56 55 54 51 53 55 57 64 68 63 54 51 53 52 49 47
-32768 -32768 -32768 -32768 -32768 -32768 -32768 91 90 90 88 86 84 82 83 83 83 83 81 82 83 79 76 74 73 74 74 75 76 78 80 78 78 79 79 81 82 83 84 84 83 83 83 83 83 83 85 86 85 86 87 90 91 89 89 89 88 88 87 87 86 84 80 81 79 75 74 73 70 68 66 62 58 57 58 57 53 50 55 61 57 67 72 64 63 59 60 62 62 56 52
-32768 -32768 -32768 -32768 -32768 -32768 -32768 91 91 91 87 86 84 82 81 81 81 81 82 81 80 79 76 74 74 74 75 75 75 76 79 82 86 86 83 82 84 85 83 84 86 86 85 84 84 82 84 88 90 91 90 90 91 92 91 90 90 90 88 88 86 87 81 82 80 76 78 71 68 66 64 59 60 61 59 56 52 56 58 61 61 72 71 65 73 64 67 67 66 60 49
-32768 -32768 -32768 -32768 -32768 -32768 -32768 88 91 95 89 86 83 83 81 81 81 81 80 79 77 75 75 75 74 73 74 75 77 78 80 83 86 86 89 88 87 89 88 83 82 85 89 88 87 85 85 85 87 90 92 94 93 92 92 91 90 90 88 83 83 82 80 80 78 78 73 70 67 68 61 60 60 57 55 56 56 57 71 58 71 77 75 75 73 72 71 72 63 63 54
-32768 -32768 -32768 -32768 -32768 -32768 88 88 91 92 90 86 83 82 82 82 84 83 82 79 78 76 76 76 77 75 76 79 82 84 83 81 86 90 90 90 94 93 89 87 84 83 85 89 91 90 88 86 85 88 90 94 95 95 94 94 90 89 86 82 80 78 76 74 72 71 70 69 69 66 67 69 68 64 59 53 53 65 66 68 83 79 82 80 78 75 71 65 60 55 53
-32768 -32768 -32768 -32768 -32768 -32768 88 87 91 89 86 84 82 82 82 83 82 82 83 81 77 77 77 77 77 76 76 77 78 81 86 87 88 88 85 84 87 89 86 88 90 84 88 91 90 93 93 91 90 88 89 93 94 94 95 94 91 86 84 81 81 79 78 79 76 74 74 70 68 66 66 64 60 57 54 53 54 60 69 80 86 77 77 71 66 64 65 61 58 57 55
-32768 -32768 -32768 -32768 -32768 -32768 -32768 86 89 87 85 83 83 83 84 84 83 82 81 79 78 76 77 78 77 75 77 81 83 84 88 88 91 91 90 88 85 85 87 86 86 83 87 89 90 93 92 91 89 90 89 90 91 93 94 93 90 88 86 84 83 82 79 80 78 76 79 74 74 73 70 64 63 58 54 55 61 75 76 81 75 65 67 65 60 63 65 63 57 55 52
-32768 -32768 -32768 -32768 -32768 -32768 -32768 85 89 87 85 84 84 85 86 85 84 82 81 80 79 77 78 77 76 75 78 80 79 80 81 81 83 84 87 88 86 84 87 87 88 83 84 87 88 90 90 89 90 89 88 89 90 91 94 93 90 89 86 84 84 80 79 78 81 84 86 80 77 80 79 77 73 62 58 54 65 78 66 62 61 58 58 60 60 63 62 60 57 53 46
-32768 -32768 -32768 -32768 -32768 -32768 -32768 84 86 86 87 88 85 85 86 86 84 83 82 81 79 77 78 76 76 74 76 77 77 77 78 78 81 84 86 86 87 85 85 85 86 87 83 84 86 89 89 87 88 89 90 92 92 93 93 92 90 86 84 82 81 79 78 79 81 85 87 83 81 79 82 88 73 70 65 59 54 58 59 56 55 54 57 60 59 62 69 65 57 51 46
-32768 -32768 -32768 -32768 -32768 -32768 -32768 84 83 83 87 89 90 87 87 87 86 85 83 80 78 77 77 75 74 75 77 78 76 76 79 79 82 84 83 86 86 86 85 86 85 86 84 83 84 86 87 88 90 92 92 93 94 94 93 92 90 87 85 84 81 80 76 77 82 81 84 89 84 78 78 77 74 71 65 59 54 55 54 51 50 53 59 68 69 69 65 58 54 53 49
-32768 -32768 -32768 -32768 -32768 -32768 -32768 83 84 83 84 85 87 87 88 90 89 87 84 83 81 79 76 77 77 77 77 76 76 75 77 80 81 82 83 86 85 83 84 84 83 84 84 85 86 88 90 92 93 94 95 95 94 94 93 92 90 88 87 85 86 85 77 73 76 77 84 88 86 79 80 75 73 70 68 60 54 52 53 55 51 55 61 62 66 63 61 60 57 53 48
-32768 -32768 -32768 -32768 -32768 -32768 -32768 83 85 87 85 85 88 91 92 93 91 90 88 85 83 82 80 75 77 76 76 76 75 75 77 78 79 80 80 82 82 82 83 85 85 85 86 87 90 90 91 93 95 95 97 97 95 95 94 93 91 89 86 84 86 81 76 74 73 78 75 79 76 75 72 71 73 69 64 60 62 62 66 61 54 58 64 68 61 56 48 47 44 43 43
-32768 -32768 -32768 -32768 -32768 -32768 82 83 86 89 93 88 86 89 92 96 95 92 90 88 84 81 79 76 76 75 75 76 75 74 75 76 77 79 81 83 83 83 85 87 87 87 88 90 90 91 93 94 96 97 97 98 98 97 96 94 92 89 87 85 82 84 80 78 77 77 73 70 70 70 67 73 77 70 62 61 67 72 87 78 62 59 55 50 47 43 41 41 40 40 43
-32768 -32768 -32768 -32768 -32768 -32768 83 83 87 95 93 86 88 87 90 94 96 98 96 91 87 84 80 76 76 74 74 74 74 74 74 76 79 80 81 82 83 83 85 86 87 88 90 90 91 93 95 97 98 99 100 100 100 100 100 96 93 90 87 84 82 80 78 77 74 74 69 64 60 64 79 83 77 68 63 62 66 75 84 87 79 75 73 70 64 52 44 42 41 39 39
-32768 -32768 -32768 -32768 -32768 -32768 82 84 82 81 81 83 84 85 88 91 91 94 95 91 86 83 80 76 75 74 74 74 74 74 76 77 78 79 80 81 82 83 84 86 87 89 90 92 94 96 98 100 102 102 103 103 103 102 101 98 95 92 89 86 86 82 78 76 71 69 66 63 59 61 69 73 83 87 76 65 64 64 64 72 80 84 82 75 67 57 49 46 42 39 38
-32768 -32768 -32768 -32768 -32768 82 82 81 80 78 79 82 83 85 87 88 90 92 90 87 82 80 78 -32768 -32768 -32768 -32768 -32768 -32768 -32768 76 78 79 79 80 80 82 83 84 86 88 89 91 93 96 98 101 104 107 107 107 108 106 104 102 99 96 93 91 89 87 84 83 81 74 71 68 64 61 63 70 84 93 113 105 93 91 88 79 64 54 51 52 49 44 43 41 40 39 39 39
