DATA/PredictorVariables/1_WorldClim_R/bio14.asc
NCOLS 166 
NROWS 105 
XLLCORNER -9.41666666666667 
YLLCORNER 35.1666666666667 
CELLSIZE 0.0833333333333333 
NODATA_value -32768 
[rows 45 to 89 of 105, columns 0 to 95 of 166]
-32768 -32768 -32768 -32768 -32768 -32768 8 8 9 9 9 10 10 10 11 12 12 12 12 11 10 10 10 9 8 7 7 7 7 7 7 7 6 5 6 6 6 6 6 6 6 9 9 11 9 9 8 7 6 6 6 6 7 7 8 9 10 8 7 7 8 9 9 9 9 10 9 9 10 9 9 10 11 11 10 10 10 12 14 15 15 16 17 17 19 19 19 20 24 26 28 27 28 27 28 30
-32768 -32768 -32768 -32768 -32768 -32768 8 8 8 8 10 10 10 12 13 12 11 11 10 9 10 9 10 8 7 7 7 7 7 7 6 6 5 5 5 5 5 5 5 5 6 6 7 7 6 5 5 5 5 5 6 6 6 6 7 7 7 7 7 7 8 8 9 9 8 9 8 9 9 8 9 9 9 9 10 11 11 12 13 14 15 15 17 17 19 18 17 19 21 24 23 24 26 25 26 28
-32768 -32768 -32768 -32768 -32768 7 8 8 8 8 10 10 10 11 11 10 10 11 10 10 9 8 8 7 7 7 6 6 6 6 6 6 5 5 5 5 5 5 5 5 5 5 4 5 5 5 5 5 5 5 5 6 6 6 6 6 6 6 7 8 8 8 8 8 8 8 8 8 8 9 10 10 10 10 11 11 11 12 13 14 13 14 15 16 17 17 18 19 20 21 20 21 22 24 25 25
-32768 -32768 -32768 -32768 -32768 7 7 7 8 8 9 9 9 9 9 9 10 11 11 9 8 7 7 7 7 6 6 6 6 6 5 5 5 5 5 5 5 5 5 5 5 4 4 4 4 5 5 5 5 5 6 5 6 5 6 7 7 6 6 6 7 7 7 8 8 8 8 8 8 8 9 9 10 10 10 10 11 11 12 13 13 14 14 15 16 16 18 19 20 21 20 21 20 23 25 23
-32768 -32768 -32768 -32768 6 6 6 7 8 8 8 8 9 8 8 8 9 10 10 8 7 7 7 6 6 6 5 6 5 5 5 5 5 5 5 5 5 5 4 4 4 4 4 5 4 5 5 5 5 5 5 5 5 6 6 7 7 7 7 7 6 7 8 8 8 9 8 8 8 8 8 9 9 9 9 10 10 11 12 12 13 13 13 14 15 15 16 17 19 19 19 19 20 20 20 20
-32768 -32768 -32768 -32768 6 6 6 6 7 7 7 7 7 8 8 8 8 8 8 7 7 7 6 6 6 6 6 6 5 5 5 5 5 5 4 4 4 4 5 5 4 5 5 5 6 6 5 6 6 6 6 6 6 7 7 7 7 7 7 7 7 8 8 8 8 8 8 8 8 8 8 8 9 9 9 9 10 10 11 11 12 12 13 14 14 14 14 16 17 18 18 18 18 17 17 19
-32768 -32768 -32768 -32768 5 5 6 7 8 7 7 7 6 7 7 7 8 8 7 6 6 6 6 6 6 6 6 5 5 5 5 5 5 5 5 4 4 4 4 4 4 4 5 5 5 6 6 6 7 7 7 6 6 8 8 8 8 8 8 8 8 8 8 8 8 8 8 8 8 8 8 8 8 8 8 9 9 10 11 11 11 12 12 13 13 13 14 14 15 16 17 17 18 17 16 18
-32768 -32768 -32768 4 5 5 7 8 7 7 6 6 6 6 7 7 7 7 6 6 6 6 6 6 6 6 6 6 5 5 5 5 5 5 5 4 4 4 4 4 4 4 5 5 5 5 6 8 8 8 7 7 6 6 7 8 8 10 8 10 9 9 9 9 9 8 7 7 7 7 7 8 7 8 8 8 8 9 10 10 10 11 12 12 12 13 14 14 14 14 15 16 16 16 15 16
-32768 -32768 4 4 5 5 7 6 5 5 5 5 5 6 5 6 6 6 6 6 6 6 6 7 6 6 6 6 6 5 5 5 4 4 4 4 4 4 4 4 4 4 5 5 6 6 6 7 8 6 6 5 6 5 6 6 6 7 7 7 7 7 7 9 10 9 8 7 7 7 7 7 7 7 8 8 8 8 9 9 9 10 10 11 11 12 13 13 13 13 14 14 14 14 13 14
3 4 4 4 4 5 5 5 5 5 5 5 6 6 6 6 6 6 6 6 6 6 6 7 7 7 6 6 6 5 5 5 5 5 4 4 4 4 4 4 4 4 5 5 6 6 6 6 5 5 4 5 5 5 5 5 5 6 7 7 7 6 7 7 7 8 8 7 7 8 7 7 7 7 7 7 8 8 8 9 9 9 10 10 10 11 11 12 12 12 13 13 13 14 13 12
4 4 4 4 4 4 4 4 4 4 4 5 5 6 6 6 6 5 6 5 6 6 6 6 8 7 6 5 5 5 5 4 5 4 4 4 4 4 4 4 4 4 4 4 4 4 4 4 5 5 4 4 4 5 5 5 5 5 5 6 5 5 6 7 7 6 7 7 7 8 7 6 6 6 7 7 7 8 8 8 9 9 9 10 10 10 11 11 11 11 12 12 12 13 13 13
4 4 4 4 5 4 4 4 4 4 4 5 5 5 5 5 5 5 5 5 5 6 6 6 6 6 6 5 5 5 4 4 4 4 4 4 4 4 4 5 4 4 4 3 4 4 4 4 4 4 4 4 4 5 5 5 5 5 5 6 5 5 5 6 6 5 5 5 6 6 5 6 6 6 7 7 7 7 8 8 9 9 9 10 10 10 10 10 10 11 11 11 11 12 12 12
4 4 4 4 4 4 4 4 4 4 4 4 5 5 5 5 5 5 5 5 5 5 6 6 5 5 5 5 5 5 4 4 4 4 4 4 4 4 4 4 3 3 3 3 3 3 3 3 4 4 4 4 4 4 5 5 5 5 5 6 5 5 5 5 5 4 4 4 5 5 5 5 6 6 6 7 7 7 8 9 9 9 10 10 10 10 10 10 10 10 10 10 11 11 12 13
4 4 4 4 4 3 3 3 4 4 4 4 4 4 4 4 5 5 5 5 5 5 5 5 5 5 5 5 5 4 4 4 4 4 4 4 3 4 4 3 3 3 3 3 3 3 3 4 3 4 4 4 4 4 4 5 5 5 5 5 5 5 4 4 4 4 4 4 4 5 5 5 6 6 6 7 7 8 9 10 10 10 10 11 11 10 10 9 10 10 10 10 11 12 13 15
4 5 4 5 4 3 3 3 4 4 4 4 4 4 4 4 4 4 5 5 5 5 5 5 5 5 5 4 4 4 4 4 4 4 3 3 3 3 3 3 3 3 3 3 3 3 3 3 4 4 3 4 5 4 4 4 4 4 5 4 4 4 4 4 4 4 4 4 4 5 5 5 6 6 7 7 8 9 9 10 10 11 12 12 12 11 10 9 9 9 10 10 12 14 14 16
5 5 5 4 3 3 3 3 3 4 4 4 4 4 4 4 4 4 4 4 5 5 5 5 5 5 5 4 4 4 4 4 4 3 3 3 3 3 3 3 3 3 3 3 3 3 3 3 4 4 4 3 4 4 4 4 4 5 5 4 4 4 4 4 4 4 4 4 4 5 6 5 5 6 7 7 8 9 9 9 10 11 11 12 12 11 10 10 9 9 10 11 11 13 13 14
5 4 4 4 3 3 3 3 3 3 4 4 4 4 4 4 4 4 4 4 4 5 5 5 5 5 4 4 4 4 4 4 4 4 4 4 3 3 3 3 3 4 3 4 3 3 3 4 4 4 4 4 3 4 4 4 4 4 4 5 4 4 4 4 4 5 4 4 4 5 5 5 6 6 7 7 8 9 9 10 10 11 11 11 11 11 11 11 11 10 11 11 12 12 13 13
4 4 4 4 3 3 3 3 3 3 4 4 4 4 4 4 4 4 4 4 4 5 5 4 4 4 4 4 4 4 4 4 4 4 4 4 4 3 3 3 4 4 4 4 4 3 4 4 4 4 4 3 3 3 3 3 4 4 4 4 5 5 4 4 5 5 5 4 4 5 5 5 6 6 7 7 7 8 9 10 10 10 10 12 13 14 14 14 13 11 11 11 11 11 11 12
-32768 4 4 4 3 3 3 3 3 3 3 4 4 4 4 4 4 4 4 4 4 4 4 4 4 4 4 4 4 4 4 4 4 4 4 4 4 4 3 3 4 4 4 4 4 4 4 4 4 3 3 3 3 4 3 4 4 4 4 4 5 5 5 5 5 4 4 5 5 5 5 5 6 6 7 7 8 8 9 9 9 8 10 14 16 14 15 14 12 11 10 9 9 10 10 10
-32768 -32768 4 4 3 3 3 3 3 3 3 3 4 4 4 4 4 4 4 4 4 4 4 4 4 4 4 4 4 4 4 5 4 4 4 4 4 4 4 3 4 4 4 4 4 4 4 4 3 4 4 4 4 4 4 4 4 4 5 6 5 5 5 4 4 5 5 5 5 5 6 6 6 7 7 7 7 8 8 7 8 9 14 15 16 14 12 11 10 9 8 9 8 7 8 9
-32768 -32768 4 4 4 4 3 3 3 3 3 3 3 3 3 3 3 3 3 3 3 3 3 4 3 3 4 4 4 4 4 5 5 5 4 4 4 4 4 3 4 4 4 4 4 4 4 4 4 4 4 4 4 4 4 4 4 4 4 5 6 6 6 6 4 4 5 6 7 7 6 6 6 6 6 7 7 7 7 7 8 10 11 13 14 11 10 9 8 8 7 6 6 6 7 9
-32768 -32768 -32768 -32768 -32768 -32768 -32768 3 3 3 3 3 3 3 3 3 3 3 3 3 3 3 3 3 3 3 3 3 4 4 4 4 4 4 4 4 4 4 4 4 4 4 4 4 4 4 4 4 4 4 4 4 4 4 4 4 4 4 4 4 4 4 5 5 5 4 5 5 5 6 6 6 5 5 5 6 6 6 6 6 7 8 12 14 12 8 7 8 8 7 6 6 6 6 6 6
-32768 -32768 -32768 -32768 -32768 -32768 -32768 3 3 3 3 3 3 3 3 3 3 3 3 3 3 3 3 3 3 3 3 3 3 4 4 4 3 3 4 4 4 4 4 4 4 4 4 4 4 4 4 4 4 4 4 4 5 4 4 4 4 5 5 5 5 5 4 5 4 4 4 4 4 4 4 4 4 4 5 6 5 5 7 9 8 12 15 12 12 10 11 12 12 10 8 6 5 5 5 4
-32768 -32768 -32768 -32768 -32768 -32768 -32768 3 3 3 2 2 2 2 2 3 3 3 3 3 3 3 3 3 3 3 3 3 3 3 3 4 4 4 4 4 4 4 4 4 4 4 4 4 3 3 3 4 4 4 4 4 4 4 4 4 4 4 4 4 4 5 4 4 4 4 4 4 3 4 4 3 4 5 5 5 5 6 8 9 9 14 14 12 16 12 14 14 14 11 7 5 5 5 5 5
-32768 -32768 -32768 -32768 -32768 -32768 -32768 2 3 3 2 2 2 2 2 2 2 3 2 2 2 2 2 3 3 3 3 3 3 3 3 4 4 4 4 4 4 4 4 3 3 3 4 4 3 3 3 3 3 3 4 4 4 3 4 4 3 4 4 3 3 3 3 4 4 4 3 3 3 4 3 3 4 4 4 5 6 7 12 8 13 17 16 16 16 16 16 17 13 13 9 6 5 6 6 7
-32768 -32768 -32768 -32768 -32768 -32768 2 2 2 3 2 2 2 2 2 2 2 2 2 2 2 2 2 3 3 3 3 3 3 4 3 3 4 4 4 4 5 5 4 4 3 3 3 3 4 4 3 3 2 3 3 4 4 4 4 4 3 3 3 3 3 3 3 3 3 3 3 3 3 3 4 5 6 6 5 4 5 10 11 12 19 18 20 19 19 17 16 13 11 9 8 8 7 6 5 4
-32768 -32768 -32768 -32768 -32768 -32768 2 2 2 2 2 2 2 2 2 2 2 2 2 2 2 2 2 2 3 3 3 3 3 3 4 4 4 4 3 3 3 4 3 3 4 3 3 3 3 4 4 3 3 2 3 3 3 3 3 3 3 2 2 2 3 3 3 3 3 3 3 3 3 3 4 4 4 4 4 4 5 8 12 17 20 16 17 14 13 12 13 11 10 10 9 10 11 6 6 5
-32768 -32768 -32768 -32768 -32768 -32768 -32768 2 2 2 2 2 2 2 2 2 2 2 2 2 2 2 2 2 2 2 2 3 3 3 4 4 4 4 4 3 3 3 3 3 3 2 3 3 3 3 3 3 2 2 2 2 2 2 2 2 2 2 2 3 3 3 3 3 3 3 4 3 4 4 4 4 4 4 4 5 7 14 15 17 15 11 12 12 10 11 13 12 10 9 8 8 10 10 12 5
-32768 -32768 -32768 -32768 -32768 -32768 -32768 2 2 2 2 2 2 2 2 2 2 2 2 2 2 2 2 2 2 2 2 3 2 2 3 3 3 3 3 3 3 2 3 3 3 2 2 2 2 2 2 2 2 2 2 2 2 2 2 2 2 3 3 3 3 3 3 3 4 4 5 4 4 6 7 8 7 5 5 5 9 15 10 9 9 9 9 9 10 11 11 11 10 8 6 6 6 7 6 3
-32768 -32768 -32768 -32768 -32768 -32768 -32768 1 2 2 2 2 2 2 2 2 2 2 2 2 2 2 2 2 2 2 2 2 2 2 2 2 2 3 3 3 3 2 2 2 2 2 2 2 2 2 2 1 1 1 1 2 2 2 2 2 2 2 3 3 3 3 3 4 4 6 7 6 6 7 9 14 8 8 7 6 5 7 8 7 7 7 8 10 9 11 15 13 10 8 6 5 5 5 3 3
-32768 -32768 -32768 -32768 -32768 -32768 -32768 1 1 1 2 2 2 2 2 2 2 2 2 2 2 2 2 2 2 2 2 2 2 2 2 2 2 2 2 2 2 2 2 2 2 2 1 1 1 1 1 1 1 1 1 2 2 2 2 2 3 2 3 3 3 4 4 4 6 6 7 10 8 7 8 9 8 8 7 6 5 6 6 6 6 7 9 13 14 14 13 10 9 9 7 6 4 4 6 5
-32768 -32768 -32768 -32768 -32768 -32768 -32768 1 1 1 1 1 1 1 2 2 2 2 2 2 2 2 1 2 2 2 2 2 2 2 2 2 2 2 2 2 2 2 2 2 1 1 1 1 1 1 1 1 1 1 1 2 2 2 2 2 2 3 3 4 5 5 4 4 5 6 8 10 10 8 9 8 8 8 8 7 6 6 6 7 6 8 10 11 12 11 11 11 10 9 7 4 4 5 6 3
-32768 -32768 -32768 -32768 -32768 -32768 -32768 1 1 1 1 1 1 2 2 2 2 2 2 2 2 2 2 1 2 2 2 2 1 1 2 2 2 2 2 2 1 1 1 1 1 1 1 1 1 1 1 1 1 1 1 2 2 2 2 2 3 3 3 4 5 5 5 5 6 7 7 8 8 7 7 7 8 8 7 7 8 9 10 9 7 8 11 13 10 9 7 7 6 5 4 4 4 3 3 2
-32768 -32768 -32768 -32768 -32768 -32768 1 1 1 1 2 1 1 1 2 2 2 2 2 2 2 1 1 1 1 1 1 1 1 1 1 1 1 1 1 1 1 1 1 1 1 1 1 1 1 1 1 1 1 1 1 1 2 2 2 2 2 3 3 4 4 6 6 6 7 7 7 7 7 7 7 9 10 9 7 7 10 12 19 15 10 9 8 7 6 5 4 4 3 3 4 3 3 2 2 -32768
-32768 -32768 -32768 -32768 -32768 -32768 1 1 1 2 2 1 1 1 1 2 2 2 2 2 2 2 1 1 1 1 1 1 1 1 1 1 1 1 1 1 1 1 1 1 1 1 1 1 1 1 1 1 1 1 1 1 2 2 3 2 3 3 3 3 4 4 5 6 6 7 7 6 6 6 10 12 10 8 7 8 9 13 17 19 16 15 15 14 12 8 6 5 4 3 2 2 2 -32768 -32768 -32768
-32768 -32768 -32768 -32768 -32768 -32768 1 1 1 1 1 1 1 1 1 1 1 2 2 2 1 1 1 1 1 1 1 1 1 1 1 1 1 1 1 1 1 1 1 1 1 1 1 1 1 1 1 1 1 1 1 2 2 2 3 3 3 3 3 4 5 4 4 5 4 5 5 5 5 5 7 9 13 16 12 9 9 9 9 13 17 19 19 16 13 9 7 6 5 3 2 2 -32768 -32768 -32768 -32768
-32768 -32768 -32768 -32768 -32768 1 1 1 1 0 1 1 1 1 1 1 1 1 1 1 1 1 1 -32768 -32768 -32768 -32768 -32768 -32768 -32768 1 1 1 1 1 1 1 1 1 1 1 1 1 1 1 1 1 1 1 1 2 2 2 2 3 3 3 3 3 4 5 5 6 6 5 5 6 6 5 5 7 13 17 29 26 20 20 19 16 10 7 7 7 7 5 5 4 4 3 3 3 2 -32768 -32768 -32768 -32768
-32768 -32768 -32768 -32768 -32768 0 0 0 0 -32768 -32768 -32768 -32768 1 -32768 1 1 1 1 1 1 -32768 -32768 -32768 -32768 -32768 -32768 -32768 -32768 -32768 -32768 -32768 1 1 1 1 1 1 1 1 1 1 1 1 1 1 1 1 1 2 2 2 2 3 2 2 2 3 3 4 5 6 8 8 6 6 6 7 6 6 10 23 33 32 25 20 16 15 17 14 8 5 4 3 4 6 5 4 3 3 3 -32768 -32768 -32768 -32768 -32768
-32768 -32768 -32768 -32768 -32768 -32768 -32768 -32768 -32768 -32768 -32768 -32768 -32768 -32768 -32768 -32768 -32768 1 1 -32768 -32768 -32768 -32768 -32768 -32768 -32768 -32768 -32768 -32768 -32768 -32768 -32768 -32768 -32768 1 1 1 1 1 1 1 1 1 1 1 1 1 1 1 2 2 2 3 2 2 2 3 4 4 4 5 5 5 6 7 7 6 7 8 5 6 16 15 14 11 6 4 6 11 10 9 6 3 2 6 6 4 2 2 2 2 -32768 -32768 -32768 -32768 -32768
-32768 -32768 -32768 -32768 -32768 -32768 -32768 -32768 -32768 -32768 -32768 -32768 -32768 -32768 -32768 -32768 -32768 -32768 -32768 -32768 -32768 -32768 -32768 -32768 -32768 -32768 -32768 -32768 -32768 -32768 -32768 -32768 -32768 -32768 -32768 1 1 1 1 1 1 1 1 1 1 1 1 1 2 2 2 3 3 3 3 2 2 3 3 3 4 3 3 3 7 8 8 8 7 6 4 5 5 6 7 7 4 4 13 16 8 6 4 2 2 2 2 2 2 2 -32768 -32768 -32768 -32768 -32768 -32768
-32768 -32768 -32768 -32768 -32768 -32768 -32768 -32768 -32768 -32768 -32768 -32768 -32768 -32768 -32768 -32768 -32768 -32768 -32768 -32768 -32768 -32768 -32768 -32768 -32768 -32768 -32768 -32768 -32768 -32768 -32768 -32768 -32768 -32768 -32768 -32768 0 1 1 1 1 1 1 1 1 1 1 2 3 2 3 3 4 3 3 2 2 2 2 2 3 3 2 2 3 3 3 5 3 3 2 5 5 5 3 4 3 2 3 2 2 1 2 1 1 1 1 2 2 -32768 -32768 -32768 -32768 -32768 -32768 -32768
-32768 -32768 -32768 -32768 -32768 -32768 -32768 -32768 -32768 -32768 -32768 -32768 -32768 -32768 -32768 -32768 -32768 -32768 -32768 -32768 -32768 -32768 -32768 -32768 -32768 -32768 -32768 -32768 -32768 -32768 -32768 -32768 -32768 -32768 -32768 0 0 0 1 1 1 1 1 1 1 1 1 2 3 3 3 3 5 4 2 2 1 2 2 2 2 2 2 2 -32768 2 2 2 2 2 2 2 3 2 -32768 -32768 -32768 1 1 1 1 1 -32768 -32768 -32768 -32768 2 1 -32768 -32768 -32768 -32768 -32768 -32768 -32768 -32768
-32768 -32768 -32768 -32768 -32768 -32768 -32768 -32768 -32768 -32768 -32768 -32768 -32768 -32768 -32768 -32768 -32768 -32768 -32768 -32768 -32768 -32768 -32768 -32768 -32768 -32768 -32768 -32768 -32768 -32768 -32768 -32768 -32768 -32768 -32768 -32768 0 0 1 1 1 1 1 1 1 1 1 1 3 2 2 3 4 3 2 2 2 2 2 2 -32768 -32768 -32768 -32768 -32768 -32768 -32768 -32768 -32768 -32768 -32768 -32768 -32768 -32768 -32768 -32768 -32768 -32768 -32768 -32768 -32768 -32768 -32768 -32768 -32768 -32768 -32768 -32768 -32768 -32768 -32768 -32768 -32768 -32768 -32768 -32768
-32768 -32768 -32768 -32768 -32768 -32768 -32768 -32768 -32768 -32768 -32768 -32768 -32768 -32768 -32768 -32768 -32768 -32768 -32768 -32768 -32768 -32768 -32768 -32768 -32768 -32768 -32768 -32768 -32768 -32768 -32768 -32768 -32768 -32768 -32768 -32768 -32768 0 1 1 1 1 1 1 1 1 1 2 1 1 2 2 2 1 2 2 1 1 1 -32768 -32768 -32768 -32768 -32768 -32768 -32768 -32768 -32768 -32768 -32768 -32768 -32768 -32768 -32768 -32768 -32768 -32768 -32768 -32768 -32768 -32768 -32768 -32768 -32768 -32768 -32768 -32768 -32768 -32768 -32768 -32768 -32768 -32768 -32768 -32768 -32768
-32768 -32768 -32768 -32768 -32768 -32768 -32768 -32768 -32768 -32768 -32768 -32768 -32768 -32768 -32768 -32768 -32768 -32768 -32768 -32768 -32768 -32768 -32768 -32768 -32768 -32768 -32768 -32768 -32768 -32768 -32768 -32768 -32768 -32768 -32768 -32768 -32768 0 1 1 1 1 1 1 1 1 1 1 1 1 2 1 1 1 -32768 1 1 -32768 -32768 -32768 -32768 -32768 -32768 -32768 -32768 -32768 -32768 -32768 -32768 -32768 -32768 -32768 -32768 -32768 -32768 -32768 -32768 -32768 -32768 -32768 -32768 -32768 -32768 -32768 -32768 -32768 -32768 -32768 -32768 -32768 -32768 -32768 -32768 -32768 -32768 -32768
