DATA/PredictorVariables/1_WorldClim_R/bio18.asc
NCOLS 166 
NROWS 105 
XLLCORNER -9.41666666666667 
YLLCORNER 35.1666666666667 
CELLSIZE 0.0833333333333333 
NODATA_value -32768 
[rows 41 to 81 of 105, columns 0 to 91 of 166]
-32768 -32768 -32768 -32768 -32768 -32768 -32768 74 75 75 75 74 76 80 78 74 71 71 69 70 70 79 91 91 81 72 74 70 66 66 67 61 58 61 58 57 60 60 60 58 48 48 52 53 60 61 59 60 65 79 89 91 88 90 84 72 65 60 60 57 54 58 59 55 52 51 54 51 52 50 46 45 49 56 61 61 63 69 70 66 67 71 70 74 78 90 97 109 120 129 137 140
-32768 -32768 -32768 -32768 -32768 -32768 70 72 72 74 74 73 77 75 70 70 70 70 70 70 81 105 92 76 64 63 69 70 67 69 67 65 63 61 60 66 61 58 48 44 45 50 53 61 82 76 62 66 81 86 88 88 78 77 70 66 71 74 68 53 51 51 49 47 50 50 52 52 48 48 46 46 51 57 59 57 62 62 59 64 64 74 79 74 83 86 92 99 116 123 133 140
-32768 -32768 -32768 -32768 -32768 -32768 69 70 70 71 70 70 73 73 69 69 69 69 71 72 77 95 88 65 60 62 63 66 71 71 73 68 64 65 59 55 49 46 43 40 44 46 52 79 94 74 69 79 89 100 94 86 68 74 73 57 47 50 53 53 51 47 45 48 49 48 50 50 47 46 45 47 53 54 55 58 59 55 61 68 65 70 76 79 85 89 95 101 114 125 129 128
-32768 -32768 -32768 -32768 -32768 -32768 67 67 66 66 66 68 70 69 69 68 69 75 80 82 71 67 63 62 61 58 58 61 62 55 54 64 53 49 46 43 45 42 40 39 39 50 69 57 69 94 91 89 62 73 66 51 43 47 39 42 45 48 51 46 42 43 45 48 48 47 49 48 48 46 45 47 49 51 53 54 53 54 66 70 67 76 76 79 82 89 99 94 111 115 120 130
-32768 -32768 -32768 -32768 -32768 -32768 61 62 63 63 64 68 68 66 72 75 76 75 77 73 67 67 66 63 59 55 54 54 51 49 49 49 45 41 41 43 42 40 39 39 40 50 50 60 50 48 46 41 36 36 36 36 39 40 42 48 51 42 40 40 42 45 46 47 46 48 46 46 48 44 45 48 52 52 50 49 52 57 66 70 70 76 79 81 88 90 91 94 108 115 121 118
-32768 -32768 -32768 -32768 -32768 -32768 59 60 60 60 65 67 66 75 79 75 70 70 67 64 68 64 66 58 55 54 51 53 52 50 46 43 40 40 40 39 38 36 36 37 39 40 42 42 37 34 33 33 33 33 35 35 36 37 41 39 38 38 40 40 41 43 45 45 43 45 43 46 44 43 44 45 47 47 49 53 56 59 65 68 71 74 80 82 89 87 85 92 99 108 106 108
-32768 -32768 -32768 -32768 -32768 55 58 59 59 59 65 65 66 71 69 65 66 70 68 67 63 57 57 55 53 52 50 49 48 46 44 45 41 39 39 38 37 36 37 38 36 35 32 33 33 33 32 32 32 33 34 35 35 37 35 37 37 37 40 42 43 43 42 42 43 43 42 42 43 46 50 51 51 51 55 56 57 59 63 67 66 69 75 78 83 83 87 92 96 100 96 98
-32768 -32768 -32768 -32768 -32768 53 52 55 57 57 61 61 62 62 62 63 66 69 71 62 57 54 54 54 52 47 47 46 47 44 42 41 41 39 39 38 38 38 40 37 35 33 32 32 32 33 33 33 32 34 36 34 35 34 37 39 38 37 37 38 40 40 40 42 43 43 42 43 43 45 48 49 51 51 52 54 55 58 62 65 66 69 71 76 78 79 87 92 96 97 94 98
-32768 -32768 -32768 -32768 49 50 50 52 56 57 57 56 59 58 58 58 60 65 65 57 54 54 54 50 47 47 45 46 44 44 43 41 39 39 39 38 38 37 35 34 33 33 33 34 32 33 35 33 33 34 34 33 34 35 37 40 40 40 40 40 38 41 44 45 46 47 45 45 45 44 45 47 48 50 50 52 54 57 61 64 66 66 68 73 75 75 80 84 91 93 91 93
-32768 -32768 -32768 -32768 47 49 50 50 53 53 53 52 53 57 55 56 56 57 56 52 52 51 49 49 49 47 46 46 44 43 42 42 41 39 37 35 35 35 36 36 34 35 35 37 38 38 36 37 39 38 36 37 38 42 41 41 43 43 42 43 42 45 46 46 47 47 46 46 46 46 46 46 48 48 50 51 53 54 58 60 64 64 68 73 73 72 74 82 86 88 89 88
-32768 -32768 -32768 -32768 45 45 47 51 56 52 51 50 49 52 51 53 56 55 52 49 48 47 49 49 47 46 46 44 43 43 42 42 41 40 38 36 35 35 34 34 34 34 35 36 36 38 40 40 44 41 42 38 38 46 46 47 47 47 47 47 45 46 47 48 48 48 48 46 46 46 46 46 47 47 47 50 51 55 60 58 60 64 64 70 71 70 72 74 79 81 84 86
-32768 -32768 -32768 40 42 43 51 55 52 52 46 46 46 48 50 50 50 50 49 47 49 49 49 47 47 47 48 46 43 42 42 41 39 39 38 37 35 35 34 33 33 33 35 36 37 37 38 46 47 48 42 42 38 40 44 46 47 54 47 54 51 50 50 50 50 48 45 45 45 45 45 46 45 46 47 48 49 51 55 55 57 61 64 65 66 68 73 74 74 75 77 80
-32768 -32768 37 38 41 44 49 47 43 43 43 43 43 45 44 45 45 46 47 48 48 49 49 51 49 48 47 48 45 42 41 41 37 37 36 36 36 35 34 34 33 33 35 37 41 39 39 44 48 40 38 36 38 34 37 37 39 43 42 45 43 43 43 50 55 52 48 45 45 44 44 45 44 45 47 49 49 49 51 53 54 57 58 61 63 67 71 69 71 71 74 74
34 36 36 37 39 41 41 41 41 40 40 41 44 45 45 45 46 46 46 46 47 47 49 52 54 52 49 47 45 43 42 41 41 40 36 35 35 35 35 34 34 34 35 35 39 41 40 38 36 35 32 34 33 34 33 35 36 39 43 45 45 41 44 46 46 49 48 45 47 49 45 43 43 43 45 46 47 47 49 51 53 54 57 58 60 62 64 65 67 68 71 71
35 35 36 36 37 37 37 37 38 37 38 40 41 44 44 44 44 43 45 42 45 45 46 49 55 53 48 43 43 42 41 38 40 38 36 36 35 35 35 34 34 34 33 32 32 31 32 31 35 34 31 31 31 36 34 34 36 36 38 39 37 37 40 45 45 43 44 47 47 50 45 41 41 42 43 45 45 47 49 50 51 54 54 57 58 60 62 64 64 65 66 67
35 34 35 35 40 36 36 36 36 37 38 39 40 40 41 41 41 41 41 41 42 45 45 45 46 46 45 42 41 42 38 37 37 35 36 36 35 35 34 37 34 31 31 29 30 29 31 29 30 31 31 30 31 34 36 35 35 35 36 40 37 35 36 41 41 40 38 38 42 41 38 40 41 41 43 44 45 46 47 50 53 54 56 57 58 58 59 61 61 63 64 64
35 35 35 37 35 35 35 34 34 35 37 37 39 39 39 39 40 40 40 40 41 41 44 44 43 42 42 40 39 39 37 37 37 35 34 33 33 33 32 32 29 29 28 28 28 28 28 27 29 30 30 31 32 32 34 36 35 35 37 39 38 37 36 38 39 36 36 36 37 37 38 38 41 41 42 43 45 46 49 52 53 55 57 59 59 58 58 59 60 61 61 61
34 34 35 36 35 33 32 32 34 34 35 35 35 36 37 37 39 39 39 39 40 40 40 41 41 40 40 40 39 37 35 36 35 33 35 32 31 32 32 30 29 28 28 28 27 27 28 30 27 30 30 30 30 32 32 35 36 35 35 34 38 37 34 36 34 34 34 34 36 37 37 38 39 41 42 44 46 49 53 56 57 59 59 63 63 60 58 57 59 59 60 61
35 37 37 39 34 31 31 32 33 33 34 34 34 35 35 36 36 37 39 39 40 40 40 40 40 41 40 37 37 36 36 34 34 32 30 30 29 30 30 27 27 28 28 28 28 28 27 27 30 30 27 30 34 32 32 32 32 32 35 33 33 34 33 34 34 34 34 34 35 37 37 38 39 41 44 45 49 52 52 56 57 60 64 66 66 62 58 57 57 58 60 61
37 38 37 34 32 31 31 31 32 33 33 33 34 34 34 36 36 36 37 37 39 41 41 40 40 40 40 37 36 36 34 34 34 32 32 32 29 29 28 28 28 28 28 28 28 28 27 28 29 30 29 27 30 29 30 32 32 35 35 32 32 34 34 33 33 33 34 34 34 37 40 39 38 40 43 45 48 52 53 53 57 60 62 65 66 63 60 58 57 57 60 62
38 36 35 33 31 30 31 31 31 31 33 33 33 34 34 36 36 36 37 37 37 39 41 41 39 38 35 34 35 36 35 34 34 34 33 31 30 28 30 30 30 30 29 32 28 28 27 29 30 30 30 30 26 30 30 30 29 32 32 35 33 33 33 34 34 37 35 34 34 35 37 37 39 41 43 44 46 51 52 55 56 59 60 62 62 63 63 63 63 60 63 63
35 34 33 32 30 30 30 30 31 31 32 32 33 33 35 36 36 36 36 37 37 39 39 37 37 34 34 35 35 35 34 34 34 34 33 33 32 32 28 29 31 31 30 30 30 28 29 30 31 31 30 28 26 27 27 27 29 29 31 32 35 34 33 33 35 37 37 33 34 36 36 37 38 40 42 44 45 48 51 55 56 55 57 63 64 72 72 74 69 63 62 63
-32768 33 33 32 31 30 30 30 30 30 30 32 33 33 35 35 36 36 35 35 35 35 36 35 34 34 34 34 35 36 36 34 34 34 34 35 35 34 28 30 31 31 31 30 31 31 32 31 29 27 27 26 26 29 27 29 31 31 31 31 34 34 34 35 35 33 33 36 34 36 36 37 38 40 44 44 45 47 51 51 52 48 57 69 77 71 74 71 65 61 58 55
-32768 -32768 33 32 31 31 29 29 29 30 30 29 32 32 33 35 34 34 34 34 33 33 34 34 34 33 34 34 35 36 37 38 36 37 35 35 35 35 34 29 32 31 31 30 32 32 31 30 27 28 29 29 29 29 28 28 28 30 34 37 34 34 34 30 31 34 34 33 34 36 37 38 39 41 42 43 42 47 47 44 45 52 69 71 76 70 62 57 56 51 51 52
-32768 -32768 33 33 32 33 29 28 29 28 28 28 28 29 30 30 31 31 31 31 31 32 32 33 32 30 33 33 34 35 36 39 40 38 36 35 36 35 35 33 30 30 31 30 32 31 30 30 30 29 29 29 29 29 29 29 29 28 29 32 37 37 37 36 30 30 34 37 41 42 37 37 37 37 37 41 41 42 41 41 47 53 57 66 67 60 54 51 48 50 48 45
-32768 -32768 -32768 -32768 -32768 -32768 -32768 28 28 27 27 27 28 28 29 30 30 30 31 31 31 31 31 30 30 30 31 32 34 34 35 37 34 34 35 36 36 36 35 35 34 31 30 30 30 30 30 30 30 30 30 30 29 29 29 29 29 30 30 29 30 29 32 33 33 28 32 33 34 37 36 37 33 33 33 37 37 37 35 38 43 47 60 66 60 48 44 48 49 46 43 45
-32768 -32768 -32768 -32768 -32768 -32768 -32768 28 28 27 27 27 27 27 27 28 28 30 29 31 31 31 29 29 29 30 30 30 31 34 34 34 32 33 33 35 35 36 36 35 35 31 31 30 30 29 30 30 28 28 29 30 32 29 29 29 29 31 31 31 31 31 28 31 29 27 27 28 27 29 29 27 27 29 33 35 33 31 40 49 44 61 69 60 60 54 57 60 61 54 49 43
-32768 -32768 -32768 -32768 -32768 -32768 -32768 27 28 27 25 25 25 25 25 27 27 28 28 29 29 29 29 29 29 29 30 30 30 30 32 34 36 36 35 34 35 36 35 35 36 35 35 29 28 27 27 30 30 30 29 27 28 29 28 27 28 28 28 28 28 31 27 27 27 25 27 24 23 25 26 23 27 30 32 32 31 36 43 47 49 67 67 60 73 60 67 67 67 59 46 42
-32768 -32768 -32768 -32768 -32768 -32768 -32768 26 28 29 25 25 25 25 24 24 25 27 26 26 26 27 27 29 29 29 29 30 30 31 32 34 36 36 37 36 36 36 36 33 32 33 36 30 28 27 26 26 26 26 29 29 28 25 26 25 24 26 25 21 23 23 23 24 24 24 21 21 21 24 21 23 26 26 27 30 34 39 58 43 63 74 73 73 73 72 71 75 63 64 52 44
-32768 -32768 -32768 -32768 -32768 -32768 25 25 26 28 25 25 24 23 24 24 26 25 26 25 25 25 27 28 29 29 29 30 32 34 33 32 34 37 36 36 40 39 35 35 31 31 32 33 36 29 27 24 22 25 25 27 28 26 26 25 21 21 21 20 20 20 20 20 20 20 20 20 21 21 24 28 31 31 29 26 30 48 56 57 81 77 84 81 80 75 71 63 58 52 50 51
-32768 -32768 -32768 -32768 -32768 -32768 25 25 26 25 24 24 23 23 23 24 24 24 25 25 25 25 26 26 29 29 29 30 30 31 34 34 34 34 32 32 33 35 32 33 35 30 32 33 27 30 30 26 25 22 22 24 24 23 23 23 20 17 17 17 20 20 20 21 20 20 20 20 20 20 23 24 23 24 24 26 36 41 58 74 84 72 74 67 62 59 62 57 54 54 53 55
-32768 -32768 -32768 -32768 -32768 -32768 -32768 24 25 24 24 23 22 23 23 24 24 24 24 24 24 24 25 26 26 26 28 30 31 32 34 34 36 36 35 32 31 31 31 31 30 28 30 30 31 32 26 24 21 21 20 20 20 19 18 17 17 18 19 20 20 20 20 20 20 20 22 20 21 23 23 23 25 24 23 27 37 64 67 75 68 55 59 58 53 57 62 59 53 51 48 50
-32768 -32768 -32768 -32768 -32768 -32768 -32768 23 25 24 23 23 22 23 23 23 23 23 23 24 24 24 25 26 26 26 28 30 29 29 30 30 30 30 32 32 31 29 30 30 30 27 26 28 28 28 27 21 21 19 18 18 17 17 18 17 17 20 20 20 20 20 20 20 22 23 25 23 22 29 35 38 35 26 26 26 48 67 53 49 49 47 49 50 53 56 56 55 53 48 41 43
-32768 -32768 -32768 -32768 -32768 -32768 -32768 21 23 23 23 24 23 22 23 23 23 23 24 24 24 24 25 25 25 25 26 26 26 26 28 26 28 30 30 31 31 29 28 28 28 27 25 25 25 26 25 18 23 17 17 18 18 18 19 19 19 17 20 20 20 20 20 22 23 28 33 28 29 32 41 58 37 36 34 31 28 43 45 43 43 43 46 52 50 56 67 62 53 46 41 40
-32768 -32768 -32768 -32768 -32768 -32768 -32768 21 21 21 23 23 24 22 23 23 23 23 23 23 23 23 24 24 25 25 26 26 26 26 27 26 28 28 28 28 28 27 26 26 25 25 23 23 22 23 22 23 23 23 17 18 18 18 19 19 20 19 20 21 21 22 21 22 28 27 33 43 37 32 37 39 37 37 34 38 35 38 40 38 38 42 48 60 64 64 61 53 49 49 45 41
-32768 -32768 -32768 -32768 -32768 -32768 -32768 21 21 20 21 20 21 21 22 23 23 23 23 23 23 24 22 24 25 26 26 26 26 26 26 27 28 28 27 28 27 26 25 24 23 22 22 22 22 23 23 23 23 23 23 24 18 18 17 18 19 20 22 24 27 27 23 22 26 27 36 44 43 36 40 36 37 36 37 41 36 36 38 42 38 44 51 54 58 55 55 55 52 49 43 35
-32768 -32768 -32768 -32768 -32768 -32768 -32768 20 21 21 21 20 22 23 24 25 24 24 24 24 24 24 24 22 24 25 25 25 24 24 26 26 26 25 25 26 24 24 23 23 22 22 22 22 23 22 22 22 23 23 23 24 24 18 17 19 20 20 20 23 29 27 24 26 27 32 31 35 34 33 32 32 36 35 32 40 44 47 51 48 41 45 54 59 52 48 41 41 38 35 34 33
-32768 -32768 -32768 -32768 -32768 -32768 19 20 21 21 23 20 20 20 23 25 25 24 24 24 23 22 22 22 23 23 24 24 24 24 24 24 24 24 24 25 24 24 24 23 23 22 22 22 22 22 22 22 22 23 23 23 24 24 25 19 19 20 20 23 24 30 29 29 32 32 31 30 30 30 30 38 44 38 32 41 50 57 79 67 49 46 43 40 37 35 32 31 29 29 33 29
-32768 -32768 -32768 -32768 -32768 -32768 19 20 21 25 23 19 20 19 20 23 24 26 26 24 24 23 22 21 21 23 22 22 24 23 24 24 24 24 24 23 23 23 23 23 22 22 22 22 21 21 21 22 22 22 23 23 24 25 29 19 20 20 20 20 23 23 24 27 28 31 29 25 25 26 42 50 43 36 42 43 48 60 73 78 69 65 64 62 56 43 37 34 32 27 26 26
-32768 -32768 -32768 -32768 -32768 -32768 19 19 19 18 18 18 18 19 19 20 21 23 25 23 22 22 20 20 20 21 21 22 22 22 24 24 24 23 23 23 22 22 23 23 22 22 22 22 21 21 21 22 23 23 23 24 26 26 29 27 27 22 22 23 26 23 23 25 22 23 23 22 22 22 31 38 53 69 57 46 47 47 48 59 70 77 77 67 59 47 40 39 34 27 24 24
-32768 -32768 -32768 -32768 -32768 18 18 18 17 16 17 18 18 18 18 19 20 21 21 21 19 19 20 -32768 -32768 -32768 -32768 -32768 -32768 -32768 23 24 23 23 23 22 22 22 22 23 22 22 22 22 21 21 21 23 24 25 26 27 26 26 28 27 27 22 21 23 26 26 29 30 25 24 25 25 23 22 31 52 74 108 98 81 81 76 67 50 39 39 39 39 34 34 31 29 28 27 26 23
