DATA/PredictorVariables/1_WorldClim_R/bio10.asc
NCOLS 166 
NROWS 105 
XLLCORNER -9.41666666666667 
YLLCORNER 35.1666666666667 
CELLSIZE 0.0833333333333333 
NODATA_value -32768 
[rows 38 to 75 of 105, columns 0 to 84 of 166]
-32768 -32768 -32768 -32768 -32768 -32768 -32768 -32768 186 191 194 197 198 193 198 197 203 201 201 205 206 207 205 205 207 209 208 205 206 207 204 206 207 209 204 204 207 206 204 203 203 200 197 195 200 203 202 200 199 197 194 188 188 186 184 185 190 188 187 179 181 177 176 182 194 196 204 207 204 215 221 216 213 211 215 213 202 202 201 197 204 207 206 201 194
-32768 -32768 -32768 -32768 -32768 -32768 -32768 186 187 191 196 200 200 197 190 188 204 207 209 210 208 206 210 214 211 208 196 199 203 203 204 205 209 212 211 208 205 203 201 199 196 198 201 201 202 202 200 197 192 188 185 178 178 180 184 189 190 186 182 178 175 178 173 195 208 203 206 217 219 223 224 218 218 216 219 210 207 207 201 199 208 203 198 193 191
-32768 -32768 -32768 -32768 -32768 -32768 -32768 188 190 193 198 202 204 197 188 207 211 213 212 213 214 215 211 192 187 195 195 198 202 204 202 206 211 211 212 210 201 195 186 195 198 205 206 202 200 202 198 193 192 190 181 171 181 186 185 180 179 184 193 190 198 198 194 208 213 219 221 224 221 225 226 222 222 222 214 209 213 207 203 205 211 204 202 200 202
-32768 -32768 -32768 -32768 -32768 -32768 -32768 191 192 196 200 205 205 203 207 211 215 215 216 214 212 194 172 181 191 202 196 201 205 204 202 208 209 206 207 208 203 202 202 204 218 217 210 209 199 198 200 199 193 178 166 165 168 166 173 188 196 204 205 211 217 212 213 220 224 226 222 226 225 226 230 228 225 217 211 213 212 207 208 213 214 212 214 211 209
-32768 -32768 -32768 -32768 -32768 -32768 192 193 195 199 202 207 206 209 215 216 217 216 213 211 193 156 172 201 214 215 205 202 203 200 201 203 204 205 205 196 203 206 220 226 223 214 210 197 175 180 198 193 175 169 168 168 178 180 189 194 190 186 194 218 222 224 227 231 228 228 225 225 230 229 230 229 222 216 214 217 213 214 219 216 217 209 206 211 206
-32768 -32768 -32768 -32768 -32768 -32768 193 195 198 201 206 210 209 212 217 217 217 217 211 207 197 171 177 215 220 217 214 207 199 197 193 199 203 200 208 213 220 223 227 232 225 220 212 179 163 183 188 178 168 156 162 172 191 185 187 210 224 219 215 217 222 230 235 232 230 231 228 228 231 232 233 229 221 219 220 217 217 222 217 212 217 214 208 207 203
-32768 -32768 -32768 -32768 -32768 -32768 193 196 202 205 210 214 213 215 215 217 214 204 194 189 207 214 218 220 220 222 221 217 213 221 223 206 219 225 229 231 227 232 235 236 236 217 191 206 189 163 165 169 200 187 195 216 228 222 235 232 228 222 220 230 237 238 234 231 231 233 229 231 231 233 233 231 226 224 222 223 225 223 213 211 214 207 208 208 206
-32768 -32768 -32768 -32768 -32768 -32768 198 200 203 207 212 212 214 217 209 203 201 201 198 204 215 214 214 217 223 229 228 226 229 232 230 228 233 238 237 234 233 236 237 237 231 216 216 202 217 219 222 229 240 240 240 238 235 234 232 222 218 233 237 240 238 235 233 233 236 233 234 235 232 236 235 229 224 224 227 229 226 221 213 211 211 208 206 205 201
-32768 -32768 -32768 -32768 -32768 -32768 198 200 204 209 207 208 212 199 192 201 208 209 214 219 209 218 213 227 232 231 232 229 227 229 236 238 241 241 239 239 241 243 243 239 235 233 231 231 239 242 245 245 245 244 242 241 241 239 234 236 240 241 241 240 239 237 236 238 240 237 240 236 237 238 235 234 232 232 229 225 222 219 215 212 211 209 205 205 200
-32768 -32768 -32768 -32768 -32768 197 198 200 205 208 204 209 210 203 208 214 213 208 210 211 218 230 230 231 235 235 237 235 235 237 239 237 241 242 242 243 245 245 241 238 240 243 246 247 247 246 247 246 246 245 244 244 242 240 242 242 243 242 239 237 237 239 241 242 241 241 242 241 238 233 229 227 226 226 223 221 220 219 216 214 215 214 210 208 206
-32768 -32768 -32768 -32768 -32768 197 201 201 204 207 207 211 210 213 216 214 210 208 203 218 229 234 234 235 237 242 242 241 238 239 241 241 240 242 243 242 242 239 236 240 243 247 248 248 247 247 244 247 247 244 242 244 243 244 242 238 240 242 243 243 242 243 244 242 241 242 242 240 238 234 230 228 228 226 224 224 223 221 218 217 216 215 214 211 210
-32768 -32768 -32768 -32768 195 197 201 203 203 204 208 213 212 217 218 220 218 213 214 226 232 234 235 239 243 243 243 240 242 241 241 242 244 245 243 242 240 242 245 245 246 245 245 245 248 245 242 246 244 243 243 245 243 243 241 237 237 238 238 239 243 240 236 236 234 233 235 236 235 236 234 231 230 228 227 227 225 223 219 217 216 218 216 213 213
-32768 -32768 -32768 -32768 194 196 199 203 203 205 211 216 216 216 220 219 222 222 227 233 234 238 240 241 240 241 243 241 242 244 244 242 241 242 245 248 246 245 243 243 245 243 241 238 236 237 239 237 236 237 240 239 238 231 233 232 232 231 233 233 235 233 230 233 230 230 231 232 232 233 232 232 230 230 229 228 226 225 222 220 217 219 217 213 214
-32768 -32768 -32768 -32768 195 198 199 200 197 206 212 217 220 219 223 222 221 224 230 235 237 240 240 240 241 243 241 243 244 243 242 241 240 239 243 245 247 247 246 246 246 245 244 242 240 237 233 232 225 231 230 235 236 224 225 223 224 223 225 225 231 231 227 226 228 228 229 231 231 233 232 232 230 232 231 230 228 225 221 223 222 219 220 216 216
-32768 -32768 -32768 194 195 198 193 194 198 203 216 220 223 222 224 226 227 230 232 236 236 237 237 240 240 240 238 239 242 245 244 243 243 242 243 244 247 247 247 248 247 245 243 242 239 238 236 223 222 219 230 229 235 233 227 224 224 214 225 216 219 221 222 222 223 225 231 232 232 232 232 232 233 233 232 231 230 228 225 226 224 221 221 221 220
-32768 -32768 191 194 196 196 195 201 209 214 219 222 224 227 229 231 233 232 233 233 234 235 235 234 236 238 238 236 239 243 244 244 246 245 245 244 243 245 246 247 247 246 242 240 230 234 235 225 218 233 238 239 238 242 240 239 236 231 233 228 230 231 233 221 215 219 225 229 229 232 233 233 234 234 232 230 231 231 229 229 228 226 225 223 223
185 187 192 194 197 199 205 209 212 218 221 223 222 224 226 229 229 230 233 234 235 235 235 229 226 229 232 235 238 238 239 243 241 243 245 246 245 245 245 246 245 243 243 242 235 232 234 237 238 240 245 243 245 246 245 243 240 236 230 227 226 233 229 226 226 222 225 229 227 224 231 234 235 235 235 233 233 233 231 231 230 228 227 227 226
186 188 192 196 200 204 209 212 216 220 222 222 223 225 226 228 231 233 234 236 236 237 237 234 224 226 235 241 240 241 243 245 242 245 244 243 246 245 243 244 244 243 246 249 246 249 248 247 243 244 249 248 248 241 244 243 239 239 237 236 240 240 235 228 228 230 229 225 226 223 231 235 236 236 236 235 234 234 232 231 230 229 228 227 226
189 191 194 198 197 206 210 214 219 222 222 223 225 227 227 230 233 232 234 237 237 236 237 238 236 235 237 242 243 241 245 245 244 244 243 243 244 244 244 239 243 250 250 251 251 252 251 252 251 248 248 249 249 244 239 241 241 242 239 233 237 242 240 232 231 234 236 236 232 235 238 238 237 236 235 235 235 233 232 231 229 227 227 226 227
192 194 197 198 204 210 213 218 221 223 223 224 225 227 229 232 233 233 236 237 238 237 237 238 239 240 241 243 245 244 246 245 245 245 245 247 247 245 247 249 253 253 254 255 254 254 254 254 253 250 250 247 246 245 242 237 242 242 237 234 236 237 239 235 234 237 239 239 239 239 238 238 237 237 236 235 234 233 231 229 227 226 224 223 224
193 196 198 200 206 215 218 221 223 223 224 225 227 229 230 232 233 234 235 237 237 238 239 239 239 241 243 243 244 247 246 247 247 247 248 249 250 249 248 250 254 255 255 255 255 255 251 250 254 252 250 251 248 246 244 240 239 242 243 243 235 237 242 237 239 239 239 240 240 239 239 238 238 236 235 234 232 229 225 223 222 221 221 219 220
193 194 198 201 210 218 221 223 224 225 227 229 230 230 231 233 234 235 233 234 235 236 237 238 238 238 240 245 246 247 247 247 247 248 249 250 251 250 251 254 255 255 255 255 254 254 254 253 251 251 252 249 241 245 243 243 244 244 240 243 242 240 242 239 240 239 239 240 239 239 239 238 238 236 233 230 227 225 226 223 221 218 216 214 216
194 196 202 212 217 222 223 224 225 226 227 228 229 230 231 231 232 233 233 234 234 232 233 235 237 236 239 245 247 247 246 246 247 249 250 250 250 251 253 253 253 254 252 252 252 251 254 252 252 250 251 253 248 250 248 245 243 240 239 243 243 239 240 242 241 241 240 239 239 238 235 236 238 236 233 231 229 226 224 224 221 220 217 216 215
194 199 208 219 221 225 225 226 226 227 228 228 228 229 229 228 229 230 231 232 233 233 231 232 238 241 243 246 246 245 244 245 245 247 247 247 248 250 249 249 249 249 250 246 251 250 253 251 249 248 248 249 254 249 249 248 249 244 243 240 242 242 240 239 239 236 238 240 240 240 239 238 237 234 233 232 230 226 224 222 221 219 218 217 218
202 207 214 220 225 225 227 227 227 227 228 229 229 228 227 226 226 228 228 230 232 231 233 236 237 243 245 244 244 243 243 244 245 245 246 246 246 248 250 249 247 246 248 248 248 250 248 248 245 246 248 252 253 252 254 253 250 248 247 242 239 240 241 241 238 234 236 242 241 239 240 239 237 235 234 233 231 228 225 221 221 222 221 216 212
-32768 215 216 221 224 225 226 228 228 228 229 229 227 225 226 225 225 226 229 231 234 235 235 238 241 242 244 242 241 240 240 242 243 243 244 245 245 246 248 247 246 244 244 248 245 246 243 246 249 251 252 252 252 248 252 250 246 246 244 243 240 240 240 239 240 242 243 238 242 239 239 239 238 235 231 232 231 229 224 226 225 229 220 209 203
-32768 -32768 217 220 222 222 226 228 229 228 230 230 227 227 227 225 227 229 230 232 235 236 236 237 240 243 243 241 239 238 236 234 237 236 242 243 242 243 246 248 242 243 244 247 242 241 244 246 250 250 249 249 251 250 251 252 251 247 239 235 239 241 242 246 245 242 244 244 241 240 239 236 235 235 233 233 234 228 230 233 231 224 208 204 203
-32768 -32768 214 216 218 219 227 228 229 230 230 231 231 230 229 230 231 231 231 233 236 236 237 238 241 243 242 241 240 238 236 231 231 232 237 242 238 240 243 246 246 244 243 244 243 243 246 246 245 247 247 247 249 248 248 248 248 249 248 244 234 235 236 237 246 250 242 236 232 230 238 237 238 238 238 235 233 234 236 235 229 223 219 210 208
-32768 -32768 -32768 -32768 -32768 -32768 -32768 228 228 229 231 232 231 232 229 230 231 231 229 232 234 237 238 240 243 242 242 242 239 238 235 233 240 239 239 238 238 238 239 242 243 242 244 244 244 245 245 244 245 245 244 245 246 246 245 245 246 245 245 247 246 248 243 242 242 252 245 245 242 237 240 240 243 245 243 240 239 239 242 238 232 228 215 208 217
-32768 -32768 -32768 -32768 -32768 -32768 -32768 227 227 228 229 231 232 234 232 232 231 231 232 232 231 234 238 240 242 242 242 242 241 239 238 240 242 241 242 240 239 237 237 238 239 241 242 243 243 245 244 244 247 247 247 244 240 246 247 244 245 245 244 243 244 245 251 247 250 254 253 252 252 251 250 253 253 250 244 242 243 246 235 225 230 213 205 215 216
-32768 -32768 -32768 -32768 -32768 -32768 -32768 225 225 225 229 230 231 233 234 234 234 233 232 234 234 236 238 241 241 242 241 241 242 242 239 237 232 233 238 240 238 237 240 240 238 238 241 244 246 250 248 244 243 242 246 248 247 244 248 250 249 246 248 248 249 246 254 252 254 257 253 260 260 259 257 258 253 247 245 245 245 237 231 225 224 206 207 214 202
-32768 -32768 -32768 -32768 -32768 -32768 -32768 225 223 220 226 230 232 232 234 234 234 234 235 237 238 240 240 240 240 241 242 241 240 240 239 236 233 233 231 232 235 233 236 243 246 243 238 241 243 248 251 251 249 248 244 243 246 251 250 252 255 252 254 261 259 258 260 260 261 260 263 263 263 260 262 259 255 254 252 247 241 235 212 230 210 200 201 201 202
-32768 -32768 -32768 -32768 -32768 -32768 223 224 221 221 224 229 231 232 233 233 232 233 234 236 237 239 238 238 237 239 239 236 234 232 235 239 234 229 231 232 226 229 236 239 246 249 246 242 239 242 248 253 257 253 252 247 246 248 251 252 260 260 262 265 265 266 267 267 267 267 267 266 264 263 259 251 246 246 248 251 246 224 220 215 191 196 191 194 195
-32768 -32768 -32768 -32768 -32768 -32768 222 223 220 223 226 229 231 232 233 232 233 233 233 235 238 238 237 237 237 237 239 238 238 237 231 232 232 233 238 242 238 237 242 240 238 249 244 241 245 239 241 247 250 256 256 251 253 256 254 256 263 267 266 267 265 266 265 264 266 266 265 266 265 264 261 257 257 256 254 251 245 230 216 197 188 200 199 206 212
-32768 -32768 -32768 -32768 -32768 -32768 -32768 222 220 223 226 229 230 230 230 230 232 233 234 236 237 238 237 236 237 239 237 234 233 233 230 230 229 231 233 238 244 245 243 245 247 253 248 248 247 244 246 250 257 256 260 259 261 261 263 267 267 265 264 264 262 262 264 263 264 265 264 265 263 260 258 258 254 254 254 248 233 207 204 197 204 217 213 215 220
-32768 -32768 -32768 -32768 -32768 -32768 -32768 221 219 222 225 227 228 228 227 228 230 232 234 235 236 237 236 236 238 238 236 235 237 237 237 240 240 240 238 238 243 249 246 247 247 256 257 253 254 253 255 258 257 262 265 265 265 265 264 264 264 262 262 262 260 262 262 262 261 260 256 261 262 249 237 233 236 248 248 248 227 203 219 223 223 225 225 221 219
-32768 -32768 -32768 -32768 -32768 -32768 -32768 221 220 222 222 222 226 227 227 227 229 231 232 233 235 237 235 238 237 238 238 238 240 241 241 244 242 240 241 242 243 248 251 253 253 253 261 261 260 256 259 263 264 264 263 262 262 262 260 259 261 263 261 261 259 261 260 258 257 249 239 250 248 243 225 206 233 233 236 240 242 232 229 231 230 230 225 220 221
-32768 -32768 -32768 -32768 -32768 -32768 -32768 220 222 223 221 221 220 224 225 225 227 228 231 233 235 236 236 238 239 237 237 237 241 243 241 243 241 241 246 243 246 250 253 255 259 258 262 265 265 264 264 263 262 261 261 261 260 259 259 259 257 259 257 254 256 254 257 255 246 248 236 221 229 238 231 228 229 229 234 238 241 235 234 236 235 230 222 210 208
