DATA/PredictorVariables/1_WorldClim_R/bio16.asc
NCOLS 166 
NROWS 105 
XLLCORNER -9.41666666666667 
YLLCORNER 35.1666666666667 
CELLSIZE 0.0833333333333333 
NODATA_value -32768 
[rows 38 to 75 of 105, columns 0 to 84 of 166]
-32768 -32768 -32768 -32768 -32768 -32768 -32768 -32768 418 417 426 437 453 498 486 498 473 493 494 473 465 457 459 447 424 403 390 384 363 344 338 316 295 276 273 257 236 225 214 204 192 187 182 175 160 148 142 138 137 135 136 141 141 143 145 143 136 138 141 155 156 164 169 163 151 154 153 154 157 154 151 153 151 149 141 139 146 144 144 151 140 136 138 145 157
-32768 -32768 -32768 -32768 -32768 -32768 -32768 410 411 414 413 414 440 477 529 546 472 458 452 450 457 463 438 410 408 405 438 407 376 361 343 324 296 273 259 252 246 236 227 219 212 196 180 170 161 154 150 149 150 154 154 161 159 155 148 139 138 143 151 159 167 164 173 149 145 151 153 153 155 155 154 157 153 149 141 145 144 141 147 152 138 145 153 161 163
-32768 -32768 -32768 -32768 -32768 -32768 -32768 403 406 409 405 404 418 475 540 444 436 430 441 434 432 421 435 510 513 464 443 415 387 361 354 325 297 279 262 252 261 261 270 233 215 191 177 175 170 158 158 160 157 155 164 183 159 148 150 157 157 150 139 143 137 139 146 141 143 146 150 151 158 158 158 160 156 149 149 148 141 144 147 143 134 148 150 153 150
-32768 -32768 -32768 -32768 -32768 -32768 -32768 396 400 401 403 396 421 447 437 424 416 420 421 432 441 527 629 563 497 439 444 410 380 367 358 323 303 297 280 263 261 251 238 223 182 173 176 169 177 171 161 156 161 183 202 199 189 191 176 152 138 129 129 125 124 130 134 136 139 143 150 154 158 161 158 160 156 155 153 148 145 146 143 136 134 139 136 139 143
-32768 -32768 -32768 -32768 -32768 -32768 383 390 393 396 399 392 423 420 399 403 408 419 437 448 541 697 632 474 407 389 414 411 389 383 364 343 323 304 289 298 268 246 204 183 178 184 181 197 240 215 170 173 201 206 200 194 173 169 154 148 155 159 148 123 123 126 129 131 137 142 149 155 154 158 158 158 159 156 153 147 146 142 134 134 133 147 153 143 154
-32768 -32768 -32768 -32768 -32768 -32768 380 386 389 392 388 385 415 413 393 404 411 419 450 472 518 629 600 416 382 384 382 395 407 397 394 358 330 324 287 260 230 211 194 176 180 179 183 246 276 213 195 211 226 246 223 197 162 169 167 135 119 124 127 127 125 125 125 130 137 140 147 152 153 153 152 155 158 154 149 148 144 137 138 144 138 142 151 155 161
-32768 -32768 -32768 -32768 -32768 -32768 384 380 373 372 371 375 400 400 407 405 426 481 537 557 469 433 411 393 387 367 359 361 360 322 301 340 286 256 236 221 219 197 183 173 165 192 234 195 219 270 254 240 169 189 168 135 122 127 116 117 120 124 127 122 119 122 126 131 136 138 145 147 149 150 149 151 152 151 149 145 139 137 144 148 144 156 155 157 160
-32768 -32768 -32768 -32768 -32768 -32768 362 363 366 365 366 388 395 390 438 473 493 493 515 488 433 436 433 409 378 342 335 330 309 287 281 275 252 228 219 217 210 192 182 175 175 197 189 205 173 162 153 140 124 122 119 120 121 120 120 128 133 120 118 118 121 124 127 130 132 137 139 143 147 144 145 150 152 149 144 139 139 140 148 152 151 159 161 164 172
-32768 -32768 -32768 -32768 -32768 -32768 358 364 360 357 386 402 398 469 513 482 456 455 438 416 460 421 436 373 343 334 321 321 317 300 266 249 231 221 216 207 195 183 174 173 174 171 168 162 143 136 129 127 124 122 122 121 120 120 122 121 118 117 119 120 121 124 126 128 128 133 134 139 140 140 143 144 144 142 141 143 142 142 147 152 155 158 166 167 175
-32768 -32768 -32768 -32768 -32768 349 353 361 359 359 400 393 404 446 437 417 427 454 454 452 423 365 365 354 331 321 306 301 291 274 257 254 233 221 211 201 188 180 181 179 171 157 149 143 138 133 131 128 126 125 124 123 123 122 120 120 119 119 121 124 124 123 123 124 127 128 131 132 136 142 146 147 147 146 146 144 143 143 148 152 151 154 161 164 169
-32768 -32768 -32768 -32768 -32768 340 340 356 362 361 381 379 398 399 393 413 440 456 479 417 368 347 348 343 325 294 287 280 281 267 254 241 233 221 211 204 196 195 194 179 168 155 149 145 140 137 136 131 129 129 129 127 125 122 123 126 124 123 121 122 123 124 122 125 127 127 130 133 135 140 143 144 144 144 143 143 141 143 148 150 151 154 156 163 164
-32768 -32768 -32768 -32768 334 338 337 345 361 376 373 362 382 376 378 381 395 425 427 375 351 345 343 320 295 290 281 283 270 260 251 239 226 217 212 206 202 190 178 172 165 161 155 152 144 144 142 135 135 133 132 128 129 128 128 132 131 129 130 129 125 128 133 134 136 136 135 135 136 137 138 140 140 141 141 139 140 142 149 152 153 151 154 160 160
-32768 -32768 -32768 -32768 333 340 342 342 361 364 352 345 357 375 361 378 376 382 363 340 340 324 311 308 307 296 282 279 266 251 242 241 233 223 207 193 190 187 184 178 170 168 165 166 164 159 151 150 148 144 139 137 137 143 140 141 141 142 139 139 137 139 142 139 142 142 140 139 138 138 138 137 139 139 139 139 141 142 147 149 153 151 154 160 158
-32768 -32768 -32768 -32768 326 327 341 358 387 362 348 337 334 351 348 362 373 366 342 326 316 307 310 309 299 286 287 270 260 254 248 242 236 229 212 200 191 184 180 176 169 167 166 163 163 163 165 162 168 156 155 145 142 157 155 158 155 157 153 153 145 146 148 151 148 147 146 143 141 139 139 139 139 137 136 139 140 145 149 146 148 152 150 157 156
-32768 -32768 -32768 310 320 327 370 386 380 371 328 322 321 333 338 338 338 333 329 316 321 316 318 303 300 295 296 284 263 245 241 235 227 220 213 204 190 186 179 173 172 169 169 169 169 166 164 180 177 177 160 158 149 150 159 160 160 173 156 169 163 161 158 158 157 153 146 143 142 142 139 139 137 137 137 139 139 141 144 143 145 150 150 150 148
-32768 -32768 303 305 318 340 361 353 331 320 313 309 314 311 307 308 305 319 320 324 322 319 319 324 311 300 291 290 273 250 237 228 218 213 207 203 199 189 185 176 175 172 175 175 187 176 173 183 189 164 154 151 151 144 146 146 150 155 152 157 154 152 149 163 170 163 154 148 148 144 142 141 138 137 140 142 139 139 140 141 141 143 143 145 144
284 297 299 308 317 330 318 317 317 308 302 306 320 316 314 309 317 317 314 309 311 314 317 339 351 328 308 288 273 261 249 231 229 219 205 199 195 191 188 183 181 180 177 176 185 186 179 170 167 160 151 151 146 146 144 147 150 154 159 163 163 153 157 160 159 163 158 152 154 157 147 141 139 139 139 140 139 138 140 139 140 141 141 141 140
291 305 309 312 316 315 309 310 307 299 298 307 309 311 311 310 304 301 301 294 296 294 299 313 349 337 293 264 258 248 232 222 222 212 208 205 194 194 194 189 186 184 176 170 170 164 162 160 163 160 152 151 149 156 152 151 155 154 156 155 149 148 152 160 159 154 155 159 157 163 148 142 140 139 139 139 139 139 139 140 140 141 140 140 141
305 307 313 317 339 313 309 306 297 294 300 302 301 301 303 297 290 294 291 283 284 291 289 285 291 292 277 255 242 241 223 218 214 211 209 206 200 196 194 202 190 176 173 168 167 163 163 159 159 161 158 155 153 156 163 159 157 154 158 163 157 149 149 158 157 152 148 147 151 147 142 141 141 141 141 141 141 140 140 141 142 143 143 142 140
313 313 320 333 321 307 307 297 292 294 295 297 297 296 293 284 286 285 278 276 275 276 282 278 271 261 255 243 229 226 214 213 209 206 203 196 194 195 190 186 177 173 170 168 168 165 164 162 161 163 161 162 162 160 163 168 161 160 165 168 163 159 154 157 156 149 145 144 144 144 144 144 144 143 143 143 143 144 146 147 148 148 147 149 145
327 327 334 340 327 301 296 292 293 294 293 292 287 284 281 278 278 276 273 269 268 266 262 262 260 251 240 236 225 211 207 201 200 197 193 192 189 190 190 184 176 175 172 171 171 170 173 173 166 166 166 163 164 164 166 169 170 166 162 161 167 164 155 157 152 148 147 147 146 146 147 146 146 147 147 148 149 151 157 157 156 157 154 156 153
346 356 354 353 329 301 294 291 290 287 284 277 278 276 273 270 267 266 272 269 270 266 262 259 257 258 247 225 214 206 201 197 195 193 192 190 188 189 188 179 179 178 177 177 176 175 173 173 175 173 169 172 179 172 172 171 169 167 171 165 164 164 159 160 155 153 151 150 150 150 149 149 149 150 154 156 159 159 156 158 160 163 164 165 160
362 368 358 331 314 297 294 291 289 288 284 281 279 273 271 269 267 264 265 263 263 272 271 261 253 258 244 220 207 201 200 196 193 192 192 192 191 189 186 185 185 184 187 186 185 185 179 181 181 180 177 174 178 172 172 173 175 179 179 171 168 172 167 160 159 156 155 156 156 156 160 157 152 153 156 158 159 163 162 160 162 162 163 165 161
373 371 351 321 307 295 293 291 287 283 282 279 277 274 273 274 271 266 266 261 261 259 268 267 245 234 223 212 209 206 205 200 200 198 197 199 199 194 196 197 198 196 195 201 193 192 187 190 189 190 189 185 177 180 179 176 174 178 178 179 175 173 172 170 169 171 165 160 159 157 159 159 156 159 158 158 158 163 164 164 164 164 164 162 159
352 347 336 319 301 298 291 288 285 284 280 277 272 274 276 277 275 269 263 261 255 262 256 245 242 222 216 217 213 212 210 206 203 203 202 204 205 200 196 200 206 208 204 201 201 199 201 200 204 199 196 189 184 184 181 179 181 180 181 183 185 182 178 174 176 180 174 164 164 165 163 162 160 161 161 160 160 162 164 168 165 160 160 165 170
-32768 324 324 312 303 298 292 285 281 278 275 273 276 277 275 276 274 266 254 250 243 241 242 235 225 221 216 219 221 223 220 213 212 211 209 210 211 209 205 209 211 215 216 208 212 211 214 210 204 199 197 195 194 199 191 192 195 192 191 191 191 189 186 185 182 176 172 176 168 170 167 166 163 166 169 165 164 163 168 161 160 150 162 179 187
-32768 -32768 317 312 306 305 290 279 275 276 270 268 272 269 269 271 263 253 249 242 238 237 237 234 224 215 218 220 226 228 233 240 231 234 218 217 222 219 216 211 223 222 219 216 224 226 220 216 208 209 207 207 205 203 201 198 197 200 206 208 201 196 194 184 183 184 180 175 177 175 173 173 171 170 169 165 161 166 160 151 150 160 185 190 190
-32768 -32768 317 317 314 312 281 275 270 269 265 262 258 259 258 252 250 247 244 237 233 233 232 228 220 215 217 220 222 228 236 251 252 249 236 223 233 230 225 219 221 224 228 226 229 226 223 223 223 218 218 218 214 215 215 212 209 206 203 206 215 211 209 204 191 182 189 195 197 195 182 177 173 167 163 164 163 159 150 148 155 163 167 180 180
-32768 -32768 -32768 -32768 -32768 -32768 -32768 272 271 266 260 256 256 251 256 250 247 245 248 240 235 229 227 220 216 217 217 217 225 227 238 244 224 230 231 236 236 238 238 233 230 235 231 233 233 232 231 232 230 229 230 229 226 225 226 223 220 219 216 210 208 203 207 205 204 186 195 192 190 193 185 179 169 160 158 158 155 151 142 145 151 154 174 183 167
-32768 -32768 -32768 -32768 -32768 -32768 -32768 271 269 268 262 256 250 244 246 245 245 245 240 241 245 234 225 220 215 216 216 218 219 225 231 225 223 226 227 234 239 244 245 246 243 242 240 240 239 237 240 239 234 233 232 238 241 233 231 232 229 228 225 224 221 216 204 209 203 193 191 190 183 179 176 166 158 157 160 158 150 139 153 168 154 183 195 172 167
-32768 -32768 -32768 -32768 -32768 -32768 -32768 271 271 271 259 256 250 243 240 238 237 237 240 236 236 232 224 218 218 216 217 218 217 217 228 236 251 250 240 237 243 248 242 245 252 252 248 243 240 235 239 245 247 247 241 239 240 242 237 234 233 234 227 226 221 223 207 209 204 194 200 183 176 173 170 158 161 165 162 155 147 155 161 168 166 196 191 174 195
-32768 -32768 -32768 -32768 -32768 -32768 -32768 263 272 281 264 254 246 244 239 237 237 237 233 229 224 219 220 221 217 215 215 217 222 225 229 240 250 250 259 258 254 261 258 244 240 248 258 254 251 243 242 241 243 245 250 252 248 241 242 237 233 234 228 215 213 211 206 205 200 198 186 180 174 176 161 160 162 155 151 154 156 159 196 160 194 210 204 201 196
-32768 -32768 -32768 -32768 -32768 -32768 263 263 272 274 266 254 246 242 240 240 243 240 237 230 228 220 222 223 227 221 222 231 238 245 241 232 249 263 262 262 278 273 262 256 245 242 247 258 263 259 251 244 239 245 246 253 254 252 248 246 234 231 223 213 209 204 197 192 188 184 181 178 177 171 175 181 182 173 161 147 149 180 183 188 228 216 224 215 210
-32768 -32768 -32768 -32768 -32768 -32768 263 261 271 264 256 249 243 242 240 242 238 237 238 233 225 223 225 225 226 225 222 225 226 234 250 253 254 256 244 241 252 258 250 257 263 246 257 264 259 269 267 258 254 247 247 254 251 250 250 247 236 225 220 212 213 207 205 205 198 192 192 181 176 172 172 169 160 154 148 146 150 169 191 221 235 209 208 190 175
-32768 -32768 -32768 -32768 -32768 -32768 -32768 258 266 260 253 247 245 245 246 245 240 237 234 229 227 221 225 227 226 221 225 237 243 244 256 256 265 263 262 253 243 245 252 251 252 242 254 258 260 268 264 258 250 253 247 249 247 248 247 242 236 231 226 222 220 217 209 210 205 200 204 191 190 188 182 170 167 157 148 152 171 210 211 223 205 175 180 172 158
-32768 -32768 -32768 -32768 -32768 -32768 -32768 255 265 258 253 248 247 249 252 249 244 239 234 231 229 224 228 226 223 221 228 233 228 229 232 230 236 239 249 253 247 240 250 252 256 242 243 253 253 257 255 252 253 248 243 245 246 247 249 246 240 238 230 225 226 215 212 210 214 219 222 207 198 208 209 207 195 168 158 149 181 217 183 170 165 156 155 159 159
-32768 -32768 -32768 -32768 -32768 -32768 -32768 250 256 255 257 259 251 249 251 252 246 242 239 235 230 225 228 222 223 218 220 222 219 217 221 218 229 239 244 246 249 243 243 245 248 252 240 243 247 255 252 244 245 247 249 253 254 255 256 252 246 236 231 225 223 216 214 216 218 227 231 218 212 208 221 243 198 190 178 164 151 164 164 154 149 146 152 160 155
-32768 -32768 -32768 -32768 -32768 -32768 -32768 249 248 247 256 260 263 254 254 255 251 248 241 234 228 225 225 219 218 220 223 223 215 212 221 221 232 237 233 244 244 244 242 244 243 247 243 240 241 244 246 248 251 255 256 257 260 260 258 255 253 244 240 236 228 225 214 214 225 220 227 239 224 208 210 209 201 194 180 164 151 155 152 142 137 143 157 179 182
