DATA/PredictorVariables/1_WorldClim_R/bio17.asc
NCOLS 166 
NROWS 105 
XLLCORNER -9.41666666666667 
YLLCORNER 35.1666666666667 
CELLSIZE 0.0833333333333333 
NODATA_value -32768 
[rows 41 to 81 of 105, columns 0 to 91 of 166]
-32768 -32768 -32768 -32768 -32768 -32768 -32768 64 65 66 67 67 70 76 74 70 67 68 67 68 69 79 91 83 76 69 70 67 64 63 64 59 57 59 57 56 58 58 58 57 48 48 52 53 58 59 57 59 63 75 83 85 82 85 80 70 63 59 60 56 53 57 58 54 52 51 54 51 52 50 46 45 49 56 61 61 63 68 68 65 65 69 68 70 73 83 89 99 107 116 122 125
-32768 -32768 -32768 -32768 -32768 -32768 61 63 64 66 67 66 72 71 66 66 67 68 69 70 81 105 92 72 63 62 66 67 64 65 64 62 60 59 58 63 59 56 48 44 45 50 52 60 78 72 61 64 77 81 82 82 74 74 67 64 68 71 67 53 51 51 49 47 50 50 52 52 48 48 46 46 51 57 59 57 62 62 59 63 63 71 75 70 77 80 84 90 104 110 119 125
-32768 -32768 -32768 -32768 -32768 -32768 60 61 63 64 65 65 70 70 66 67 66 67 71 72 77 95 88 65 60 61 61 63 66 66 68 64 61 62 57 54 49 46 43 40 44 46 52 75 88 70 67 75 84 94 88 81 66 71 70 57 47 50 53 53 51 47 45 48 49 48 50 50 47 46 45 47 53 54 55 58 59 55 61 67 63 67 72 75 79 82 87 92 103 112 116 115
-32768 -32768 -32768 -32768 -32768 -32768 60 60 59 60 61 63 68 67 67 66 68 75 80 82 71 67 63 62 61 58 57 59 60 55 53 61 53 49 46 43 45 42 40 39 39 50 66 56 66 87 85 84 60 70 64 51 43 47 39 42 45 48 51 46 42 43 45 48 48 47 49 48 48 46 45 47 49 51 53 54 53 54 65 68 65 72 72 75 76 82 90 86 100 103 108 116
-32768 -32768 -32768 -32768 -32768 -32768 54 55 57 58 59 65 66 65 71 75 76 75 77 73 67 67 66 63 59 55 54 54 51 49 49 49 45 41 41 43 42 40 39 39 40 50 50 58 50 48 46 41 36 36 36 36 39 40 42 48 51 42 40 40 42 45 46 47 46 48 46 46 48 44 45 48 52 52 50 49 52 57 65 68 68 72 75 76 82 83 83 86 97 103 109 107
-32768 -32768 -32768 -32768 -32768 -32768 52 54 54 55 62 65 65 75 79 75 70 70 67 64 68 64 66 58 54 54 51 53 52 50 46 43 40 40 40 39 38 36 36 37 39 40 42 42 37 34 33 33 33 33 35 35 36 37 41 39 38 38 40 40 41 43 45 45 43 45 43 46 44 43 44 45 47 47 49 53 56 59 63 66 68 71 75 76 82 81 79 85 91 98 96 98
-32768 -32768 -32768 -32768 -32768 48 51 53 53 54 63 63 65 71 69 65 66 70 68 67 63 57 57 55 52 51 49 48 48 46 44 45 41 39 39 38 37 36 37 38 36 35 32 33 33 33 32 32 32 33 34 35 35 37 35 37 37 37 40 42 43 43 42 42 43 43 42 42 43 46 50 51 51 51 55 56 57 59 62 65 64 66 71 73 77 77 80 84 87 91 88 90
-32768 -32768 -32768 -32768 -32768 46 46 50 52 53 58 59 61 62 61 63 66 69 71 62 57 53 54 54 51 46 45 45 46 44 42 41 41 39 39 38 38 38 40 37 35 33 32 32 32 33 33 33 32 34 36 34 35 34 37 39 38 37 37 38 40 40 40 42 43 43 42 43 43 45 48 49 51 51 52 54 55 58 60 63 63 66 67 72 73 74 80 84 87 89 86 90
-32768 -32768 -32768 -32768 42 43 44 47 52 54 55 54 58 57 57 58 60 65 65 57 54 53 53 49 45 45 43 45 43 42 42 41 39 39 39 38 38 37 35 34 33 33 33 34 32 33 35 33 33 34 34 33 34 35 37 40 40 40 40 40 38 41 44 45 46 47 45 45 45 44 45 47 48 50 50 52 54 57 60 62 63 63 65 69 70 70 74 78 83 85 84 85
-32768 -32768 -32768 -32768 41 43 44 45 49 50 50 49 51 56 54 56 56 57 55 51 51 50 48 47 48 46 45 45 43 41 41 41 41 39 37 35 35 35 36 36 34 35 35 37 38 38 36 37 39 38 36 37 38 42 41 41 43 43 42 43 42 45 46 46 47 47 46 46 46 46 46 46 48 48 50 51 53 54 57 59 62 61 64 68 68 67 69 76 79 81 82 81
-32768 -32768 -32768 -32768 38 39 42 47 54 49 48 47 46 51 50 53 55 55 51 48 46 46 47 47 46 45 45 43 42 42 41 41 41 40 38 36 35 35 34 34 34 34 35 36 36 38 40 40 44 41 42 38 38 46 46 47 47 47 47 47 45 46 47 48 48 48 48 46 46 46 46 46 47 47 47 50 51 54 58 57 58 61 61 65 66 66 67 69 73 75 78 79
-32768 -32768 -32768 33 36 37 47 52 50 50 42 42 43 46 48 49 49 49 48 46 48 47 48 46 46 45 47 45 42 41 40 40 39 39 38 37 35 35 34 33 33 33 35 36 37 37 38 46 47 48 42 42 38 40 44 46 47 54 47 54 51 50 50 50 50 48 45 45 45 45 45 46 45 46 47 48 49 51 54 54 56 58 61 61 62 64 68 68 68 69 72 75
-32768 -32768 30 31 35 39 46 43 40 39 39 40 41 42 41 43 43 45 46 47 47 48 48 50 48 47 45 47 44 41 40 39 37 37 36 36 36 35 34 34 33 33 35 37 41 39 39 44 48 40 38 36 38 34 37 37 39 43 42 45 43 43 43 50 55 52 48 45 45 44 44 45 44 45 47 49 49 49 51 52 53 55 55 58 59 62 65 64 65 66 68 69
27 29 29 31 33 37 36 37 38 36 36 38 42 43 43 43 44 45 45 45 45 46 48 51 53 51 48 47 44 43 42 40 40 39 36 35 35 35 35 34 34 34 35 35 39 41 40 38 36 35 32 34 33 34 33 35 36 39 43 45 45 41 44 46 46 49 48 45 47 49 45 43 43 43 45 46 47 47 49 51 52 52 55 55 56 58 59 60 62 63 65 66
28 29 30 31 32 32 32 33 34 34 35 38 39 42 43 43 43 42 44 41 44 44 45 47 54 53 47 42 42 41 40 37 39 37 36 36 35 35 35 34 34 34 33 32 32 31 32 31 35 34 31 31 31 36 34 34 36 36 38 39 37 37 40 45 45 43 44 47 47 50 45 41 41 42 43 45 45 47 49 49 51 52 52 54 55 56 57 59 59 59 61 63
30 29 30 30 36 32 32 33 32 33 35 37 37 38 39 39 39 40 40 40 41 44 44 44 45 45 44 41 40 41 37 36 36 35 36 36 35 35 34 37 34 31 31 29 30 29 31 29 30 31 31 30 31 34 36 35 35 35 36 40 37 35 36 41 41 40 38 38 42 41 38 40 41 41 43 44 45 46 47 49 52 52 53 54 54 54 55 56 56 58 59 60
30 30 31 33 31 31 31 30 30 32 34 35 37 37 38 38 39 39 39 39 40 40 43 43 42 41 41 39 38 38 36 36 35 35 34 33 33 33 32 32 29 29 28 28 28 28 28 27 29 30 30 31 32 32 34 36 35 35 37 39 38 37 36 38 39 36 36 36 37 37 38 38 41 41 42 43 45 46 49 52 52 53 54 56 56 54 54 54 54 56 56 57
30 30 32 33 31 29 28 28 30 31 32 33 33 34 36 36 38 38 39 39 39 39 39 40 40 39 39 39 38 36 35 34 34 33 33 32 31 32 32 30 29 28 28 28 27 27 28 30 27 30 30 30 30 32 32 35 36 35 35 34 38 37 34 36 34 34 34 34 36 37 37 38 39 41 42 44 46 49 52 55 55 56 56 59 59 56 54 53 54 54 54 56
32 34 34 36 31 27 28 28 30 31 31 31 32 33 34 35 35 36 38 39 39 39 39 39 40 40 40 37 36 35 35 33 32 32 30 30 29 30 30 27 27 28 28 28 28 28 27 27 30 30 27 30 34 32 32 32 32 32 35 33 33 34 33 34 34 34 34 34 35 37 37 38 39 41 44 45 49 52 52 55 55 58 60 62 61 57 54 52 52 52 54 56
35 36 35 31 29 27 27 28 29 30 31 31 32 32 33 35 36 36 37 37 39 41 41 40 39 40 39 36 35 35 33 32 32 30 30 29 29 29 28 28 28 28 28 28 28 28 27 28 29 30 29 27 30 29 30 32 32 35 35 32 32 34 34 33 33 33 34 34 34 37 40 39 38 40 43 45 48 52 52 52 55 57 59 61 61 58 55 54 52 52 54 57
36 34 33 30 28 27 27 28 28 29 31 31 32 33 34 36 36 36 37 37 37 39 41 41 38 37 35 34 34 35 33 32 32 31 31 31 30 28 30 30 30 30 29 32 28 28 27 29 30 30 30 30 26 30 30 30 29 32 32 35 33 33 33 34 34 37 35 34 34 35 37 37 39 41 43 44 46 51 52 55 55 57 58 59 59 59 58 58 58 55 58 59
33 32 31 29 27 27 27 27 28 29 30 31 31 33 35 36 36 36 36 37 37 39 39 37 37 34 33 34 34 34 33 32 32 31 31 31 32 29 28 29 31 31 30 30 30 28 29 30 31 31 30 28 26 27 27 27 29 29 31 32 35 34 33 33 35 37 37 33 34 36 36 37 38 40 42 44 45 48 51 55 55 54 56 60 64 67 67 69 64 59 58 59
-32768 30 30 29 28 27 27 27 27 28 29 30 32 33 35 35 36 36 35 35 35 35 36 34 33 33 33 33 34 35 35 33 32 32 31 32 32 31 28 30 31 31 31 30 31 31 32 31 29 27 27 26 26 29 27 29 31 31 31 31 34 34 34 35 35 33 33 36 34 36 36 37 38 40 44 44 45 47 51 51 52 48 56 66 73 67 70 67 61 58 56 54
-32768 -32768 31 29 28 29 27 26 27 28 28 28 31 32 33 35 34 34 34 34 33 33 34 34 33 32 32 33 34 35 35 37 34 35 32 32 32 32 31 29 32 31 31 30 32 32 31 30 27 28 29 29 29 29 28 28 28 30 34 37 34 34 34 30 31 34 34 33 34 36 37 38 39 41 42 43 42 47 47 44 45 52 67 71 73 67 60 57 54 51 50 52
-32768 -32768 31 31 30 31 26 26 26 26 26 27 27 29 30 30 31 31 31 31 31 32 32 32 30 29 31 32 32 33 35 37 38 36 34 32 33 32 31 29 30 30 31 30 32 31 30 30 30 29 29 29 29 29 29 29 29 28 29 32 37 37 37 36 30 30 34 37 41 42 37 37 37 37 37 41 41 42 41 41 47 53 57 65 67 58 54 51 48 50 46 42
-32768 -32768 -32768 -32768 -32768 -32768 -32768 26 26 26 26 26 27 27 29 30 30 30 31 31 31 31 30 29 28 28 29 30 32 32 33 35 31 31 32 33 33 32 32 31 30 31 30 30 30 30 30 30 30 30 30 30 29 29 29 29 29 30 30 29 30 29 32 33 33 28 32 33 34 37 36 37 33 33 33 37 37 37 35 38 43 47 60 66 60 47 44 47 47 43 39 41
-32768 -32768 -32768 -32768 -32768 -32768 -32768 26 26 26 26 26 26 26 27 28 28 30 29 31 31 31 28 28 27 28 28 28 28 31 31 30 29 29 30 31 32 32 32 32 31 31 31 30 30 29 30 30 28 28 29 30 32 29 29 29 29 31 31 31 31 31 28 31 29 27 27 28 27 29 29 27 27 29 33 35 33 31 40 49 44 61 69 60 59 53 56 60 61 53 46 38
-32768 -32768 -32768 -32768 -32768 -32768 -32768 26 26 26 24 25 25 25 25 26 27 28 28 29 29 28 28 27 27 27 27 27 27 27 29 31 33 33 32 30 31 32 31 31 32 31 30 29 28 27 27 30 30 30 29 27 28 29 28 27 28 28 28 28 28 31 27 27 27 25 27 24 23 25 26 23 27 30 32 32 31 36 43 47 49 67 67 59 73 59 67 67 67 58 42 36
-32768 -32768 -32768 -32768 -32768 -32768 -32768 24 27 28 25 24 24 24 23 24 25 27 26 26 26 25 25 26 26 26 26 26 27 27 28 30 32 32 33 32 32 32 32 29 28 29 32 30 28 27 26 26 26 26 29 29 28 25 26 25 24 26 25 21 23 23 23 24 24 24 21 21 21 24 21 23 26 26 27 30 34 39 58 43 62 74 73 73 73 72 71 75 62 63 48 38
-32768 -32768 -32768 -32768 -32768 -32768 24 24 25 27 25 24 24 23 23 24 26 25 26 24 24 23 25 26 26 26 26 27 29 30 29 28 30 33 32 32 36 35 31 30 27 26 27 28 31 29 27 24 22 25 25 27 28 26 26 25 21 21 21 20 20 20 20 20 20 20 20 20 21 21 24 28 31 31 29 26 30 48 52 57 81 77 84 81 80 75 71 61 56 48 46 46
-32768 -32768 -32768 -32768 -32768 -32768 24 24 25 24 23 23 22 22 23 23 24 24 24 24 23 23 23 23 26 25 25 25 25 26 30 30 30 30 27 27 29 30 27 29 30 26 28 28 27 30 30 26 25 22 22 24 24 23 23 23 20 17 17 17 20 20 20 21 20 20 20 20 20 20 23 24 23 24 24 26 29 41 54 73 84 71 73 65 60 57 60 54 51 50 49 51
-32768 -32768 -32768 -32768 -32768 -32768 -32768 22 25 23 23 22 22 22 23 23 23 23 23 23 23 22 22 23 23 22 23 26 26 27 29 29 31 31 30 27 26 26 26 26 26 23 25 25 26 27 26 24 21 21 20 20 20 19 18 17 17 18 19 20 20 20 20 20 20 20 22 20 21 23 23 23 25 24 23 27 37 61 64 74 66 51 56 55 50 54 60 57 50 47 43 45
-32768 -32768 -32768 -32768 -32768 -32768 -32768 22 24 23 22 22 21 22 23 23 23 22 22 22 22 21 22 22 21 21 23 24 23 23 24 24 24 24 26 26 25 24 25 25 25 23 21 23 23 23 22 21 21 19 18 18 17 17 18 17 17 20 20 20 20 20 20 20 22 23 25 23 22 29 35 38 35 26 26 26 41 63 47 44 44 42 44 46 49 53 53 51 49 43 35 36
-32768 -32768 -32768 -32768 -32768 -32768 -32768 20 22 22 23 23 22 21 22 23 22 22 22 22 21 21 21 20 20 20 20 20 20 20 21 19 22 23 24 25 25 23 23 23 23 23 20 20 20 21 20 18 17 17 17 18 18 18 19 19 19 17 20 20 20 20 20 22 23 28 33 28 29 32 41 58 37 36 34 31 28 36 38 37 37 37 41 47 46 52 65 58 49 41 34 32
-32768 -32768 -32768 -32768 -32768 -32768 -32768 20 20 20 22 23 23 22 22 22 22 22 21 21 20 20 20 19 19 19 20 20 19 18 19 19 21 21 21 22 22 22 21 21 21 21 19 18 18 18 18 17 17 17 17 18 18 18 19 19 20 19 20 21 21 22 21 22 28 27 33 43 37 32 37 39 37 37 34 30 27 31 33 31 31 36 43 56 61 61 58 48 44 44 39 33
-32768 -32768 -32768 -32768 -32768 -32768 -32768 20 20 19 20 19 20 20 21 22 22 22 21 21 20 20 18 19 19 19 19 18 18 17 18 18 20 20 20 21 21 20 20 20 18 18 18 18 18 18 18 18 18 17 17 18 18 18 17 18 19 20 22 24 27 27 23 22 26 27 36 44 43 36 40 36 37 36 37 33 28 28 31 35 31 38 46 49 54 51 51 51 47 43 37 27
-32768 -32768 -32768 -32768 -32768 -32768 -32768 19 20 21 20 19 21 22 23 23 22 22 21 21 20 20 19 17 18 18 18 17 16 15 17 17 17 17 18 19 18 18 18 18 18 18 18 18 18 18 18 17 18 17 17 18 18 18 17 19 20 20 20 23 29 27 24 26 27 32 31 35 34 33 32 32 36 35 32 32 36 39 45 41 34 39 49 55 47 43 35 35 32 28 26 24
-32768 -32768 -32768 -32768 -32768 -32768 18 19 20 21 23 19 18 19 22 24 23 22 21 21 20 18 17 16 16 16 16 16 15 14 14 15 15 15 16 18 18 18 18 19 18 18 18 18 18 18 17 17 17 17 17 17 18 18 19 19 19 20 20 23 24 30 29 29 32 32 31 30 30 30 30 38 44 38 32 33 42 51 75 62 43 40 37 34 31 29 25 24 22 21 25 21
-32768 -32768 -32768 -32768 -32768 -32768 18 18 20 24 23 18 18 18 19 21 23 24 23 21 20 19 17 15 14 15 14 13 14 12 13 14 15 15 16 16 16 17 18 18 18 18 18 18 17 16 16 17 17 17 17 17 18 19 23 19 20 20 20 20 23 23 24 27 28 31 29 25 25 26 42 50 43 36 33 34 40 54 68 74 65 60 60 57 51 37 31 28 25 19 17 17
-32768 -32768 -32768 -32768 -32768 -32768 18 18 18 16 16 17 17 17 17 18 18 20 22 20 18 17 15 14 14 13 13 13 13 12 13 14 14 15 15 15 16 16 17 17 18 18 18 18 17 16 16 17 17 17 17 18 20 20 22 21 21 22 22 23 26 23 23 25 22 23 23 22 22 22 31 38 53 63 49 38 39 40 40 53 66 74 73 63 54 42 34 32 27 19 15 15
-32768 -32768 -32768 -32768 -32768 17 17 17 16 14 16 16 16 16 16 17 17 18 18 17 15 14 14 -32768 -32768 -32768 -32768 -32768 -32768 -32768 13 14 14 14 14 15 15 15 16 17 17 17 17 17 16 16 16 18 18 19 20 21 20 20 22 21 22 22 21 23 26 26 29 30 25 24 25 25 23 22 31 52 68 106 96 77 76 72 62 43 32 32 33 33 27 28 25 23 21 19 19 15
