DATA/PredictorVariables/1_WorldClim_R/bio15.asc
NCOLS 166 
NROWS 105 
XLLCORNER -9.41666666666667 
YLLCORNER 35.1666666666667 
CELLSIZE 0.0833333333333333 
NODATA_value -32768 
[rows 0 to 40 of 105, columns 0 to 91 of 166]
-32768.000000000000000 -32768 -32768 -32768 -32768 -32768 -32768 -32768 -32768 -32768 -32768 -32768 -32768 -32768 -32768 -32768 -32768 -32768 -32768 -32768 -32768 -32768 -32768 -32768 -32768 -32768 -32768 -32768 -32768 -32768 -32768 -32768 -32768 -32768 -32768 -32768 -32768 -32768 -32768 -32768 -32768 -32768 -32768 -32768 -32768 -32768 -32768 -32768 -32768 -32768 -32768 -32768 -32768 -32768 -32768 -32768 -32768 -32768 -32768 -32768 -32768 -32768 -32768 -32768 -32768 -32768 -32768 -32768 -32768 -32768 -32768 -32768 -32768 -32768 -32768 -32768 -32768 -32768 -32768 -32768 -32768 -32768 -32768 -32768 -32768 -32768 -32768 -32768 -32768 -32768 -32768 -32768
-32768 -32768 -32768 -32768 -32768 -32768 -32768 -32768 -32768 -32768 -32768 -32768 -32768 -32768 -32768 -32768 -32768 -32768 35 -32768 35 35 -32768 -32768 -32768 -32768 -32768 -32768 -32768 -32768 -32768 -32768 -32768 -32768 -32768 -32768 -32768 -32768 -32768 -32768 -32768 -32768 -32768 -32768 -32768 -32768 -32768 -32768 -32768 -32768 -32768 -32768 -32768 -32768 -32768 -32768 -32768 -32768 -32768 -32768 -32768 -32768 -32768 -32768 -32768 -32768 -32768 -32768 -32768 -32768 -32768 -32768 -32768 -32768 -32768 -32768 -32768 -32768 -32768 -32768 -32768 -32768 -32768 -32768 -32768 -32768 -32768 -32768 -32768 -32768 -32768 -32768
-32768 -32768 -32768 -32768 -32768 -32768 -32768 -32768 -32768 -32768 -32768 -32768 -32768 -32768 -32768 -32768 36 36 36 35 35 35 35 34 34 -32768 -32768 -32768 -32768 -32768 -32768 -32768 -32768 -32768 -32768 -32768 -32768 -32768 -32768 -32768 -32768 -32768 -32768 -32768 -32768 -32768 -32768 -32768 -32768 -32768 -32768 -32768 -32768 -32768 -32768 -32768 -32768 -32768 -32768 -32768 -32768 -32768 -32768 -32768 -32768 -32768 -32768 -32768 -32768 -32768 -32768 -32768 -32768 -32768 -32768 -32768 -32768 -32768 -32768 -32768 -32768 -32768 -32768 -32768 -32768 -32768 -32768 -32768 -32768 -32768 -32768 -32768
-32768 -32768 -32768 -32768 -32768 -32768 -32768 -32768 -32768 -32768 -32768 -32768 -32768 -32768 37 37 36 36 36 35 35 35 34 34 34 34 -32768 -32768 -32768 -32768 -32768 -32768 -32768 -32768 -32768 -32768 -32768 -32768 29 -32768 29 29 28 28 29 -32768 -32768 -32768 -32768 -32768 -32768 -32768 -32768 -32768 -32768 -32768 -32768 -32768 -32768 -32768 -32768 -32768 -32768 -32768 -32768 -32768 -32768 -32768 -32768 -32768 -32768 -32768 -32768 -32768 -32768 -32768 -32768 -32768 -32768 -32768 -32768 -32768 -32768 -32768 -32768 -32768 -32768 -32768 -32768 -32768 -32768 -32768
-32768 -32768 -32768 -32768 -32768 -32768 -32768 -32768 -32768 -32768 -32768 -32768 -32768 37 37 37 37 36 36 35 36 35 35 35 34 34 33 33 33 32 32 31 31 30 30 29 29 29 29 29 29 28 29 29 29 29 28 28 28 28 -32768 -32768 -32768 -32768 -32768 -32768 -32768 -32768 -32768 -32768 -32768 -32768 -32768 -32768 -32768 -32768 -32768 -32768 -32768 30 30 -32768 -32768 -32768 -32768 -32768 -32768 -32768 -32768 -32768 -32768 -32768 -32768 -32768 -32768 -32768 -32768 -32768 -32768 -32768 -32768 -32768
-32768 -32768 -32768 -32768 -32768 -32768 -32768 -32768 -32768 -32768 -32768 -32768 -32768 38 38 38 37 37 37 36 36 35 35 35 35 34 33 33 33 32 31 31 30 30 29 30 29 28 28 29 28 28 28 28 28 28 27 28 27 27 27 28 28 28 28 29 29 -32768 -32768 -32768 -32768 -32768 -32768 30 30 30 30 30 30 30 29 29 -32768 -32768 -32768 -32768 -32768 30 29 28 29 -32768 -32768 -32768 -32768 -32768 -32768 -32768 -32768 -32768 -32768 -32768
-32768 -32768 -32768 -32768 -32768 -32768 40 40 -32768 -32768 -32768 39 39 39 38 38 37 37 37 37 37 36 35 35 35 34 34 33 33 32 32 31 31 30 30 29 28 28 28 29 29 29 29 28 28 28 28 28 27 27 28 28 27 27 27 25 27 27 29 29 29 29 29 29 29 30 30 30 30 29 29 29 28 28 30 30 31 31 30 28 27 26 26 25 -32768 -32768 -32768 -32768 -32768 23 22 23
-32768 -32768 -32768 -32768 -32768 40 40 40 40 40 40 39 39 39 39 39 39 38 38 37 37 37 36 36 35 35 34 34 33 33 32 32 31 30 30 29 29 28 28 28 28 28 28 28 28 27 27 27 27 26 26 27 25 25 25 26 25 26 26 27 27 27 27 27 28 28 28 27 26 26 27 27 26 27 26 28 28 31 29 28 27 26 24 24 23 23 23 23 23 23 22 22
-32768 -32768 41 41 41 41 41 41 41 41 40 40 40 40 40 39 39 39 38 38 37 37 37 36 36 35 35 34 34 33 33 32 31 31 30 30 29 29 28 28 28 27 27 28 27 27 27 26 26 25 25 25 24 22 22 22 22 24 24 24 25 26 25 26 26 26 26 25 23 22 24 25 25 25 26 27 27 26 28 27 26 24 23 23 22 22 22 22 22 22 22 21
-32768 -32768 42 41 41 42 41 41 41 41 41 41 41 41 40 40 40 39 39 39 38 38 37 37 36 36 35 35 35 34 33 33 32 32 31 30 29 29 28 28 27 28 28 27 27 26 27 26 25 25 25 24 24 23 22 22 24 25 24 22 23 23 23 23 25 23 24 24 21 20 21 22 23 25 25 26 26 26 26 25 22 23 23 22 21 21 21 21 21 21 21 21
-32768 42 42 42 42 42 42 42 42 42 42 42 42 42 41 41 40 40 40 39 39 39 38 38 37 37 36 36 35 35 34 33 32 32 31 31 30 29 28 27 27 27 27 27 26 25 25 25 24 24 24 24 24 23 23 22 22 22 22 22 21 21 22 22 23 22 22 22 22 22 22 22 22 22 21 22 24 24 21 19 21 20 21 21 20 20 21 21 20 21 20 21
-32768 43 43 42 42 42 43 43 43 43 43 43 43 42 42 42 41 41 40 40 39 39 39 38 38 37 37 36 36 36 35 34 33 32 32 31 30 30 29 29 29 28 27 27 27 26 26 25 25 26 25 24 24 24 23 22 21 22 22 22 21 21 22 22 22 22 22 22 22 22 23 22 22 21 21 21 21 21 21 20 20 20 19 19 18 19 19 19 19 19 21 21
-32768 43 -32768 43 43 43 43 44 44 44 44 44 43 43 43 42 42 41 41 40 40 40 39 39 39 38 38 37 37 36 35 34 33 33 32 32 31 30 30 29 28 28 29 27 27 27 27 26 27 26 25 25 24 24 23 23 22 22 22 22 22 22 22 22 22 22 22 22 22 21 21 22 21 21 20 20 20 19 19 20 20 20 19 18 18 18 19 19 19 18 20 23
-32768 -32768 -32768 44 44 44 44 44 45 44 45 44 44 44 44 43 43 42 42 41 41 41 40 40 40 39 38 38 37 37 35 35 35 35 34 32 31 30 30 29 30 30 29 29 28 29 29 28 28 27 26 26 25 25 24 24 24 23 23 23 22 23 22 22 22 22 21 22 21 20 21 21 21 21 21 20 21 19 20 19 19 19 18 18 18 18 18 18 18 19 20 23
-32768 -32768 -32768 44 45 45 45 45 45 45 45 45 45 45 44 44 43 43 42 42 42 41 41 41 40 39 38 38 38 38 37 37 36 36 35 34 33 32 31 30 31 31 30 31 30 30 30 30 29 28 27 26 26 25 25 24 23 23 23 23 23 23 22 22 21 21 21 21 21 20 21 21 20 20 20 19 21 20 20 19 18 18 17 18 18 17 18 18 19 21 21 22
-32768 -32768 -32768 -32768 45 45 45 46 46 46 46 46 45 45 45 44 44 43 43 42 42 42 41 41 41 40 40 39 38 38 38 38 38 37 37 36 34 33 32 32 32 32 32 31 32 32 31 31 29 28 27 27 26 25 25 25 24 24 23 23 23 23 22 22 22 22 21 21 21 20 21 21 21 20 20 19 19 19 20 18 18 17 17 17 18 17 18 18 19 20 21 22
-32768 -32768 -32768 -32768 46 46 46 46 47 47 47 47 46 45 45 45 44 44 44 44 43 42 42 42 42 41 40 40 39 39 40 39 39 39 37 36 34 33 32 33 32 32 32 32 32 33 32 31 30 30 28 28 27 26 25 25 25 24 24 23 23 23 23 23 22 22 21 21 21 21 21 20 20 20 20 19 20 19 19 19 19 19 18 18 19 18 19 19 19 20 21 22
-32768 -32768 -32768 -32768 47 46 47 47 48 48 48 47 46 46 46 45 45 45 44 44 43 43 42 42 42 42 42 41 41 40 40 40 39 37 36 35 34 34 34 33 33 33 33 33 33 32 31 31 30 30 28 28 27 26 26 26 26 25 25 24 24 24 23 24 22 22 22 21 21 21 21 20 20 20 20 20 19 19 19 19 19 19 19 20 20 21 20 20 20 20 21 22
-32768 -32768 -32768 -32768 -32768 47 47 47 49 49 49 49 47 46 47 46 46 45 45 44 44 44 43 43 43 43 43 42 41 41 40 39 38 38 36 35 34 35 34 34 34 33 33 33 32 32 32 31 31 30 28 28 27 27 26 26 26 26 25 24 25 24 24 23 23 22 22 22 22 21 21 20 20 20 20 19 19 19 18 19 19 18 19 20 20 20 20 20 20 21 21 22
-32768 -32768 -32768 -32768 -32768 -32768 48 48 49 50 50 49 48 47 47 46 46 45 45 45 45 45 44 43 44 43 43 43 42 41 39 39 38 38 38 36 35 34 35 34 34 34 33 33 33 32 31 31 30 29 29 28 28 27 27 27 26 27 27 26 26 25 25 24 23 23 22 22 22 22 21 21 20 20 19 19 19 18 18 19 18 18 18 18 18 18 19 20 21 22 21 22
-32768 -32768 -32768 -32768 -32768 -32768 48 49 50 51 50 49 49 48 47 46 46 46 46 46 46 45 45 44 43 43 43 44 43 41 40 38 37 37 37 36 36 36 35 35 34 34 33 33 32 32 32 31 30 29 29 28 28 28 28 27 27 27 27 26 26 25 25 24 25 24 23 23 22 22 21 21 20 19 19 19 18 18 18 18 18 18 18 18 18 19 19 20 21 22 22 22
-32768 -32768 -32768 -32768 -32768 -32768 50 49 51 50 50 49 49 48 47 47 47 47 46 47 46 46 46 45 44 44 44 44 43 41 40 40 40 40 39 38 37 37 36 36 35 34 33 33 33 33 32 31 31 30 29 29 28 28 28 28 28 28 28 27 27 26 25 26 25 24 24 24 23 22 22 21 21 20 20 20 19 19 19 18 18 18 18 18 18 18 18 19 20 21 22 23
-32768 -32768 -32768 -32768 -32768 -32768 50 50 51 50 50 50 49 48 48 47 47 47 47 47 47 47 47 46 46 46 45 45 44 42 42 41 42 42 41 39 39 37 37 36 36 35 34 33 32 32 31 31 31 30 29 29 28 28 28 28 28 28 28 28 28 27 26 25 25 25 25 24 24 23 22 22 22 21 20 20 19 19 18 18 18 18 18 18 18 18 19 19 21 22 23 23
-32768 -32768 -32768 -32768 -32768 -32768 50 51 51 51 50 50 49 48 48 48 48 48 48 48 48 48 47 47 47 47 47 46 46 45 44 42 43 43 42 40 39 38 37 37 35 34 34 33 33 32 31 31 30 30 30 29 29 29 29 29 29 29 30 29 29 27 27 26 25 25 25 24 23 24 23 22 21 22 21 21 20 20 19 19 18 18 18 19 18 18 19 19 21 22 23 23
-32768 -32768 -32768 -32768 -32768 -32768 51 51 51 51 50 50 50 49 49 49 49 48 48 48 48 49 49 48 48 48 48 47 47 46 46 45 45 44 43 41 40 39 37 36 35 35 33 33 33 32 32 31 31 31 30 30 29 28 28 29 28 29 29 29 28 28 27 27 26 26 25 25 24 24 24 23 22 22 22 21 21 20 20 19 19 20 19 19 20 19 19 20 21 21 22 24
-32768 -32768 -32768 -32768 -32768 -32768 51 52 51 51 51 50 50 50 49 49 49 49 49 49 49 49 49 49 49 48 48 48 48 47 46 46 46 45 43 42 41 39 38 37 36 34 34 34 33 32 32 32 31 30 30 30 29 29 29 28 29 29 29 29 28 28 28 27 27 26 26 25 25 24 24 23 23 23 22 21 22 21 21 20 20 20 20 20 20 20 20 21 21 21 20 21
-32768 -32768 -32768 -32768 -32768 -32768 52 52 52 51 51 51 51 50 50 50 50 50 50 50 51 50 51 50 50 49 49 48 48 47 47 47 46 45 44 42 41 39 39 37 36 35 34 34 34 33 33 32 31 31 30 30 29 29 29 29 30 29 29 29 29 28 28 28 27 26 27 26 26 25 25 25 24 23 23 23 22 22 22 21 20 20 20 20 20 21 21 21 22 22 21 21
-32768 -32768 -32768 -32768 -32768 -32768 -32768 52 52 52 51 51 50 51 50 51 50 51 51 51 51 51 51 50 51 50 49 49 49 49 47 47 47 45 44 42 41 40 39 37 36 35 35 35 33 34 33 32 32 31 31 30 29 29 29 29 29 29 29 30 29 29 29 29 28 28 27 27 27 26 26 25 25 24 24 23 23 22 22 22 22 21 21 21 21 22 22 22 23 23 23 24
-32768 -32768 -32768 -32768 -32768 -32768 -32768 52 52 52 52 51 51 51 51 51 52 52 52 52 52 52 51 52 52 51 50 49 49 48 48 47 47 45 44 43 41 41 40 38 37 36 35 35 34 34 33 32 32 32 31 31 30 30 30 30 29 30 30 29 29 29 29 28 28 27 27 27 26 26 25 25 25 24 24 25 23 23 23 23 22 21 21 22 21 22 23 23 23 24 25 26
-32768 -32768 -32768 -32768 -32768 -32768 -32768 52 52 51 51 51 51 51 51 52 52 52 53 53 53 53 53 53 52 52 51 51 49 49 49 47 47 46 44 43 42 41 39 38 38 37 36 35 34 35 33 32 31 31 31 30 30 30 29 30 29 30 29 29 29 28 29 29 28 28 28 26 27 26 27 25 25 25 25 24 24 24 23 23 23 22 23 22 22 23 24 25 24 25 26 28
-32768 -32768 -32768 -32768 -32768 -32768 -32768 52 52 51 51 51 51 51 52 52 52 52 53 53 54 54 54 54 53 52 52 51 51 50 49 48 47 46 44 43 43 41 40 38 38 37 36 35 35 34 34 33 32 32 31 30 30 31 30 30 30 30 30 30 30 30 29 29 29 28 28 27 27 27 27 26 26 25 24 24 24 23 23 23 22 22 22 23 23 24 25 25 26 27 27 30
-32768 -32768 -32768 -32768 -32768 -32768 -32768 -32768 52 51 51 51 52 52 52 52 52 53 54 54 55 55 55 54 53 52 52 51 50 50 49 48 47 46 45 44 43 42 40 39 38 38 36 36 35 34 34 33 32 31 31 31 30 30 31 30 31 30 30 30 30 30 30 29 29 29 28 28 28 28 27 25 25 24 24 24 23 24 23 23 23 23 23 23 24 25 26 26 28 28 29 30
-32768 -32768 -32768 -32768 -32768 -32768 -32768 -32768 51 51 51 52 52 52 52 52 53 54 54 54 55 55 55 54 54 53 53 52 51 50 49 49 47 47 46 43 43 42 40 39 39 38 37 36 36 34 34 32 32 31 30 31 30 30 31 31 31 30 30 30 31 31 30 30 29 29 29 28 28 28 26 24 23 24 24 24 23 25 24 24 24 23 23 23 24 24 25 26 27 28 29 30
-32768 -32768 -32768 -32768 -32768 -32768 -32768 -32768 51 51 52 51 52 52 52 53 53 54 54 54 55 55 55 55 54 53 53 52 52 51 50 49 48 47 46 44 43 42 40 39 39 38 38 38 36 35 34 33 32 32 31 31 30 30 31 31 31 31 31 30 30 30 30 31 30 28 29 28 28 26 24 25 26 24 25 24 24 24 24 25 24 24 24 24 24 24 24 24 26 27 28 30
-32768 -32768 -32768 -32768 -32768 -32768 -32768 -32768 -32768 52 52 52 51 52 52 53 54 54 55 55 56 56 55 55 55 54 53 52 51 51 50 49 48 47 46 44 43 42 41 40 40 39 38 38 37 36 34 32 31 31 31 31 31 31 32 31 31 31 32 31 31 31 31 30 30 29 28 27 27 28 28 26 26 27 27 25 27 26 26 25 25 25 24 24 24 24 24 25 25 26 27 29
-32768 -32768 -32768 -32768 -32768 -32768 -32768 -32768 -32768 52 52 52 52 52 53 54 54 55 55 55 55 56 56 55 55 54 54 53 52 51 50 49 48 47 46 45 44 43 41 40 39 39 39 38 37 34 32 31 31 31 31 31 31 32 31 31 32 32 31 31 31 31 31 31 29 28 26 27 29 29 29 28 28 29 28 27 28 28 27 26 25 25 24 25 25 24 25 25 25 26 28 29
-32768 -32768 -32768 -32768 -32768 -32768 -32768 -32768 52 52 52 52 52 53 53 54 54 55 55 55 56 56 55 56 55 54 54 53 52 52 50 50 49 47 46 46 44 43 41 40 40 39 39 37 36 35 33 32 31 31 32 32 31 32 32 33 32 33 33 32 32 31 31 30 30 26 29 27 28 30 31 32 31 30 30 29 29 27 26 26 26 25 25 25 25 25 25 26 25 27 28 29
-32768 -32768 -32768 -32768 -32768 -32768 -32768 -32768 52 52 52 53 53 53 53 54 54 55 55 56 55 56 55 56 55 55 54 53 53 52 51 50 48 48 47 45 45 43 43 41 40 39 37 37 36 34 33 33 33 32 32 32 32 32 34 33 33 34 34 34 33 31 30 28 27 27 27 29 32 33 33 33 31 31 31 31 30 27 27 27 26 26 26 25 25 26 25 26 26 27 27 28
-32768 -32768 -32768 -32768 -32768 -32768 -32768 -32768 52 52 52 52 52 53 53 54 54 55 55 55 55 56 56 56 55 54 54 53 53 52 51 50 49 47 47 46 45 43 42 41 41 39 38 37 36 36 34 34 33 33 32 32 32 32 33 33 34 35 35 32 33 30 30 30 30 31 31 32 32 34 35 34 33 32 32 31 29 28 27 27 27 28 27 26 26 25 25 25 25 26 27 27
-32768 -32768 -32768 -32768 -32768 -32768 -32768 53 52 52 52 53 52 53 54 54 54 54 54 55 55 56 56 55 55 55 55 54 53 52 51 50 49 48 47 46 45 43 43 41 40 39 38 38 37 36 34 34 33 33 33 32 32 32 33 34 34 34 34 33 32 31 30 31 32 31 32 35 35 37 37 36 35 35 34 31 30 30 28 28 28 27 27 26 26 25 25 25 25 25 26 26
-32768 -32768 -32768 -32768 -32768 -32768 -32768 52 53 53 53 53 53 53 54 53 54 54 54 55 55 55 55 56 56 55 55 54 53 52 51 51 50 48 47 46 46 44 42 42 40 40 39 38 38 36 35 34 34 34 33 32 32 32 33 33 33 33 34 34 33 33 32 32 33 33 35 36 37 37 39 39 39 36 33 31 32 30 29 28 28 27 27 27 27 26 26 25 25 24 25 25
