DATA/PredictorVariables/1_WorldClim_R/bio2.asc
NCOLS 166 
NROWS 105 
XLLCORNER -9.41666666666667 
YLLCORNER 35.1666666666667 
CELLSIZE 0.0833333333333333 
NODATA_value -32768 
[rows 39 to 77 of 105, columns 0 to 86 of 166]
-32768 -32768 -32768 -32768 -32768 -32768 -32768 74 75 80 85 90 93 94 91 91 98 99 99 99 97 95 96 97 96 94 87 90 92 93 95 96 99 101 102 103 104 105 106 108 109 110 112 113 114 115 115 115 114 113 113 112 111 111 111 110 109 109 108 107 107 107 107 104 103 103 103 102 102 103 104 105 105 105 103 106 107 108 110 112 111 113 114 115 115 115 115
-32768 -32768 -32768 -32768 -32768 -32768 -32768 75 78 82 87 91 95 94 90 99 100 100 99 99 98 98 95 84 81 84 85 88 90 92 93 95 98 100 102 103 102 103 103 106 108 110 112 112 113 114 114 113 113 113 112 111 111 112 111 110 110 109 108 107 106 106 106 104 103 103 102 102 103 103 105 107 107 106 106 108 107 109 111 112 112 114 115 115 115 116 116
-32768 -32768 -32768 -32768 -32768 -32768 -32768 77 80 85 89 93 96 97 99 100 101 100 100 98 96 86 74 77 82 87 84 87 90 91 91 95 97 98 100 101 102 103 105 107 110 111 112 112 112 112 113 114 113 112 110 110 111 110 111 111 110 110 109 108 107 106 106 105 104 104 103 103 103 104 105 109 109 108 109 108 109 111 112 112 113 114 114 115 116 117 117
-32768 -32768 -32768 -32768 -32768 -32768 77 79 83 87 92 96 98 100 101 101 101 100 98 96 85 71 74 86 93 93 88 87 89 89 91 93 95 97 98 98 101 104 107 109 110 110 111 110 108 110 113 112 111 110 111 111 111 111 112 111 111 110 110 109 108 107 106 106 105 105 104 104 104 104 106 108 110 110 110 110 111 111 111 113 113 116 117 117 118 118 119
-32768 -32768 -32768 -32768 -32768 -32768 78 80 84 89 94 98 100 101 102 102 101 99 95 92 86 76 77 93 95 93 92 89 87 87 88 91 94 95 99 101 104 106 108 109 110 110 111 107 107 110 111 110 110 109 110 111 112 112 112 112 112 111 110 110 109 108 108 107 106 106 106 105 105 106 107 109 110 111 111 111 112 112 113 115 115 116 118 119 120 120 120
-32768 -32768 -32768 -32768 -32768 -32768 78 81 86 90 95 100 102 102 102 101 98 92 85 83 90 93 94 94 93 95 94 92 92 96 97 93 98 101 103 105 105 107 109 109 110 110 107 110 109 107 108 109 113 112 113 114 114 113 113 113 112 112 111 110 110 109 108 108 108 107 107 107 107 108 109 109 111 111 112 112 113 114 115 116 117 118 119 120 121 121 121
-32768 -32768 -32768 -32768 -32768 -32768 79 82 86 91 95 100 102 102 97 93 90 90 86 89 93 92 91 92 94 97 97 96 98 100 100 100 102 104 105 105 105 107 108 109 110 109 110 109 112 113 113 114 114 115 115 115 114 114 114 114 113 112 112 111 111 110 110 109 109 109 108 108 109 109 110 111 112 112 113 113 114 115 117 117 118 119 120 121 122 123 123
-32768 -32768 -32768 -32768 -32768 -32768 78 82 86 90 94 97 99 92 87 91 93 93 94 95 89 92 90 95 97 97 98 97 96 98 101 102 104 105 105 106 107 108 109 109 110 111 111 112 113 114 114 114 115 115 115 115 115 115 114 114 113 113 112 112 112 111 111 111 110 110 110 110 110 111 111 112 113 113 114 115 116 116 118 119 119 120 121 122 123 124 124
-32768 -32768 -32768 -32768 -32768 75 78 82 86 90 92 95 96 93 94 96 95 92 91 90 92 97 96 96 98 98 99 99 100 101 102 102 104 105 106 106 108 108 108 109 110 111 112 113 113 114 114 115 115 115 115 115 115 115 115 115 114 114 114 113 113 113 112 112 111 111 112 111 112 112 113 114 114 115 116 117 117 117 118 119 120 121 122 123 123 124 124
-32768 -32768 -32768 -32768 -32768 74 77 81 85 88 91 93 94 95 96 95 92 90 87 93 97 98 97 97 98 101 101 101 101 102 103 103 104 105 105 106 107 107 108 109 111 111 112 113 114 114 114 115 115 116 116 116 116 115 116 116 115 115 115 114 114 114 113 113 113 113 113 113 114 114 115 115 116 116 117 117 118 119 119 120 121 121 122 123 124 124 124
-32768 -32768 -32768 -32768 71 73 77 80 84 87 90 92 93 95 96 96 95 92 91 96 97 97 97 98 101 101 101 101 102 103 103 104 105 105 106 106 107 108 109 110 111 111 112 113 114 114 115 115 115 116 116 116 116 116 116 116 116 116 116 116 115 115 115 115 115 115 115 115 115 115 116 116 117 117 118 118 119 120 120 121 121 122 122 123 123 123 123
-32768 -32768 -32768 -32768 70 73 76 80 83 86 89 91 93 93 95 95 95 94 96 97 97 98 99 99 99 100 101 101 102 104 104 104 105 105 106 107 108 108 109 110 111 111 112 113 113 114 115 116 116 116 117 117 117 117 117 117 117 117 117 117 117 117 117 117 117 117 117 117 117 117 118 118 118 119 119 119 120 120 121 121 122 122 123 123 123 123 123
-32768 -32768 -32768 -32768 69 72 76 79 81 85 88 90 92 93 94 94 94 95 96 98 99 99 99 99 100 101 101 102 104 104 104 104 105 105 106 107 108 108 109 110 111 112 113 113 114 114 115 116 116 117 117 117 118 117 118 118 118 118 118 118 118 118 118 119 119 119 119 119 119 119 119 119 119 119 119 120 120 121 121 121 122 123 123 123 123 123 123
-32768 -32768 -32768 65 69 72 75 78 81 84 87 90 91 93 94 94 95 96 96 98 97 98 98 99 99 100 100 101 104 106 105 106 106 107 107 107 108 109 110 111 111 112 113 114 114 115 116 116 116 117 117 118 118 119 119 119 119 119 119 120 120 120 120 120 120 120 120 120 120 120 120 120 120 120 121 121 121 121 122 122 122 123 123 123 123 123 123
-32768 -32768 61 64 68 72 76 78 81 84 87 89 91 93 94 95 96 96 96 96 97 97 97 96 98 99 101 102 103 106 107 108 108 108 108 108 108 109 110 111 112 113 113 114 114 115 116 116 116 118 118 119 119 119 119 120 120 120 120 121 121 121 121 121 121 122 122 122 122 122 122 122 121 121 121 122 122 122 122 122 122 122 122 123 123 123 123
54 57 61 65 69 72 76 78 81 84 87 88 90 92 93 94 95 95 96 97 97 97 97 94 93 96 99 102 104 106 107 108 108 109 109 109 109 110 111 112 113 113 114 115 115 116 117 117 118 119 119 120 120 120 120 120 121 121 121 122 122 122 123 123 123 123 123 123 123 123 123 122 122 122 122 122 122 122 122 122 122 122 122 122 122 122 122
55 58 62 66 70 73 76 79 81 84 86 88 90 91 92 94 95 96 96 98 98 98 98 97 94 96 102 106 107 108 110 110 110 110 110 110 111 111 112 112 113 114 115 116 117 117 118 118 119 119 120 120 120 121 121 121 121 122 122 123 123 123 124 124 124 125 125 125 124 124 124 123 123 122 122 122 122 122 122 122 122 123 123 122 122 122 122
58 60 64 67 71 74 77 80 82 84 87 88 90 91 93 94 95 96 97 98 99 99 100 101 101 102 105 109 110 110 112 112 112 112 111 112 112 112 113 113 114 115 116 117 117 118 119 119 120 120 120 120 121 121 121 122 122 123 123 124 124 124 125 125 126 126 126 126 125 125 124 124 123 123 123 123 123 122 123 123 123 123 123 122 122 122 122
61 63 66 70 72 75 78 80 83 85 87 89 90 92 93 94 95 96 98 98 99 100 101 102 104 107 109 112 113 114 114 114 113 113 113 113 113 113 114 115 116 116 117 117 118 119 119 119 120 120 121 121 122 122 123 123 123 123 124 124 125 125 126 126 127 127 127 127 126 125 124 124 124 123 123 123 123 123 123 123 123 123 123 123 123 122 122
63 66 69 72 74 77 79 81 83 86 87 89 91 92 93 95 96 97 97 99 100 101 103 104 105 108 111 114 115 116 116 115 115 115 115 115 115 115 115 116 117 117 118 118 119 119 120 120 121 121 121 122 122 123 123 124 124 124 124 125 125 126 126 127 128 128 128 127 126 126 125 125 124 124 124 123 123 123 124 124 124 123 123 123 123 122 122
66 69 72 74 76 78 80 83 84 86 88 90 91 93 94 95 96 97 98 99 100 101 103 105 107 108 111 115 116 117 117 116 116 116 116 116 116 116 117 117 118 118 119 119 119 120 121 121 121 122 122 122 123 123 123 123 124 124 125 125 125 126 127 128 128 129 129 128 127 126 125 125 124 124 124 124 124 124 124 124 124 123 123 123 123 122 122
69 71 74 76 78 80 82 84 86 87 89 90 92 93 94 95 96 97 98 99 101 101 102 105 107 108 111 115 116 117 117 117 117 116 116 117 117 117 117 118 118 118 119 120 120 121 121 122 122 122 123 123 123 123 124 124 124 125 125 125 126 126 127 127 128 128 128 128 127 126 126 125 124 124 124 124 124 124 124 123 123 123 123 123 123 122 121
71 74 76 79 78 82 83 85 87 88 90 91 92 94 94 95 96 97 98 99 101 103 103 105 108 110 112 114 115 116 116 116 116 116 117 117 117 117 118 118 119 119 120 120 121 121 122 122 122 123 123 123 123 124 124 124 124 125 125 125 126 126 126 127 128 128 127 127 126 125 125 124 124 124 124 123 123 124 123 123 123 123 123 123 122 122 122
73 75 78 80 82 83 85 86 88 89 91 92 93 94 95 96 96 97 98 100 102 102 105 107 108 111 112 114 114 115 116 116 116 117 117 117 117 118 118 119 119 120 120 121 121 122 122 123 123 123 123 124 124 124 124 124 125 125 125 125 126 126 126 126 126 127 126 126 125 125 124 124 124 123 123 123 123 123 123 123 123 123 123 123 122 122 122
-32768 77 79 81 83 84 86 87 88 90 91 93 94 95 96 97 97 98 99 101 103 104 106 108 109 111 112 113 114 114 115 116 116 116 117 117 117 118 119 119 119 120 121 121 122 122 123 123 124 124 124 124 124 125 124 124 125 125 125 125 125 125 126 126 126 125 125 125 124 124 124 124 123 123 123 123 123 123 123 123 122 122 122 122 122 122 122
-32768 -32768 80 82 84 85 86 88 89 91 92 94 95 96 97 98 98 99 100 102 104 105 107 108 109 111 112 113 113 113 114 114 115 115 116 117 117 118 119 120 120 120 121 122 122 122 123 123 124 124 124 124 124 125 125 124 124 124 125 125 125 125 125 124 124 124 124 123 124 123 123 123 123 123 122 122 122 122 122 121 121 122 123 122 122 122 121
-32768 -32768 81 82 84 85 87 88 90 91 93 95 96 98 99 100 101 102 103 104 106 106 108 109 109 110 111 112 113 113 113 113 114 114 116 117 117 118 119 120 120 121 121 122 122 123 123 124 124 124 124 125 125 125 125 124 124 124 124 124 124 124 124 124 123 122 123 123 123 123 122 122 122 121 121 121 121 121 120 120 121 121 121 122 122 121 120
-32768 -32768 -32768 -32768 -32768 -32768 -32768 89 91 92 94 95 97 99 100 101 103 104 105 106 107 108 108 109 109 110 111 111 112 112 113 113 114 115 116 116 117 118 118 120 120 121 122 122 123 123 124 124 124 124 124 125 125 125 124 125 124 124 124 123 123 123 123 123 122 120 121 121 121 122 121 121 120 119 119 120 120 119 118 119 120 120 121 121 121 119 119
-32768 -32768 -32768 -32768 -32768 -32768 -32768 90 91 93 94 96 98 99 101 103 105 106 107 108 108 109 109 109 109 110 110 111 111 112 112 113 114 114 115 116 117 118 118 119 120 121 122 122 123 124 124 124 125 125 125 125 125 125 125 124 124 124 123 123 123 122 121 121 120 119 119 119 118 118 118 117 117 117 118 119 118 117 119 120 119 121 121 120 120 119 120
-32768 -32768 -32768 -32768 -32768 -32768 -32768 91 91 94 95 97 99 100 102 104 106 108 109 110 110 110 109 109 109 109 109 110 110 111 111 112 112 114 115 116 117 118 119 119 120 121 122 123 124 124 124 125 124 125 125 125 125 124 124 124 123 123 122 122 121 121 119 119 118 117 117 115 115 115 115 114 116 117 117 117 117 118 119 120 120 121 121 120 121 120 120
-32768 -32768 -32768 -32768 -32768 -32768 -32768 90 92 94 96 97 99 101 103 105 107 110 111 111 111 110 109 109 108 108 108 109 109 109 110 111 112 113 114 115 116 117 118 120 121 121 122 123 123 124 125 125 125 125 125 124 124 124 124 123 122 122 121 119 119 118 117 116 115 115 114 113 113 114 113 113 114 114 115 116 117 118 121 118 121 121 121 121 120 120 119
-32768 -32768 -32768 -32768 -32768 -32768 89 90 92 94 96 97 99 101 104 106 108 111 113 112 111 110 109 108 108 107 107 108 108 108 109 110 111 112 113 114 115 116 118 119 121 122 123 123 123 124 124 125 125 125 125 125 124 124 123 123 122 121 119 118 117 116 114 113 113 112 112 111 111 111 112 115 116 116 115 114 115 120 120 120 122 121 121 121 120 120 119
-32768 -32768 -32768 -32768 -32768 -32768 89 90 92 94 96 98 99 101 103 106 108 110 112 112 110 109 108 107 107 106 105 106 106 107 108 109 110 111 112 114 115 116 118 119 120 122 122 123 124 123 124 125 125 125 125 124 124 123 123 122 121 119 118 116 116 114 114 113 112 111 110 110 109 110 111 112 112 112 112 113 114 118 120 121 122 120 120 119 118 118 118
-32768 -32768 -32768 -32768 -32768 -32768 -32768 90 92 94 96 97 99 101 103 105 107 109 110 109 109 107 107 106 105 104 104 104 105 105 107 108 109 110 111 113 114 116 117 119 121 122 123 123 124 124 124 124 124 125 124 123 123 122 122 120 119 118 117 116 115 114 112 112 111 110 109 108 109 110 111 111 112 112 111 113 117 121 121 121 120 118 118 118 117 117 117
-32768 -32768 -32768 -32768 -32768 -32768 -32768 90 92 94 95 97 98 101 103 105 106 107 108 107 107 106 105 104 103 102 102 102 102 103 103 104 106 108 110 111 113 115 117 118 120 122 123 124 124 124 125 124 124 124 122 122 121 121 120 119 118 117 116 115 114 113 112 111 110 110 111 109 108 113 117 118 117 113 113 112 118 121 118 117 117 116 116 116 116 116 116
-32768 -32768 -32768 -32768 -32768 -32768 -32768 90 92 93 95 97 98 100 102 103 104 105 106 105 105 104 103 102 101 100 99 99 99 99 100 101 103 106 108 110 112 114 117 118 120 122 123 124 124 124 124 123 122 122 121 121 121 120 119 118 117 115 114 113 113 111 111 111 110 113 116 112 113 115 120 122 118 118 117 115 113 116 116 115 114 114 115 115 115 115 116
-32768 -32768 -32768 -32768 -32768 -32768 -32768 89 91 92 94 96 98 99 101 102 103 103 104 103 102 101 101 99 98 97 97 97 95 95 97 98 101 103 105 108 110 113 115 118 120 122 123 124 124 124 123 122 122 121 120 120 119 118 117 117 116 114 114 113 112 112 111 111 114 113 117 120 119 117 119 120 119 119 117 115 113 114 114 112 111 113 114 117 116 116 114
-32768 -32768 -32768 -32768 -32768 -32768 -32768 89 90 92 93 95 97 98 99 101 101 102 102 101 101 100 98 97 96 96 95 93 92 92 93 96 98 100 103 106 108 111 114 118 120 122 123 123 123 123 123 122 121 120 119 118 117 116 115 114 113 113 114 113 115 115 112 110 113 114 119 121 121 120 121 120 120 119 118 116 113 112 113 113 111 113 114 115 115 114 113
-32768 -32768 -32768 -32768 -32768 -32768 -32768 88 90 91 93 94 96 97 98 99 100 100 100 100 99 98 97 94 94 93 91 90 88 88 90 91 94 96 99 103 106 109 113 117 120 122 123 123 123 122 122 121 120 119 118 116 115 114 113 112 112 112 111 111 115 114 112 113 114 117 117 119 119 119 119 119 120 119 117 115 116 116 117 115 112 113 115 115 113 111 108
