DATA/PredictorVariables/1_WorldClim_R/bio2.asc
NCOLS 166 
NROWS 105 
XLLCORNER -9.41666666666667 
YLLCORNER 35.1666666666667 
CELLSIZE 0.0833333333333333 
NODATA_value -32768 
[rows 0 to 38 of 105, columns 0 to 86 of 166]
-32768.000000000000000 -32768 -32768 -32768 -32768 -32768 -32768 -32768 -32768 -32768 -32768 -32768 -32768 -32768 -32768 -32768 -32768 -32768 -32768 -32768 -32768 -32768 -32768 -32768 -32768 -32768 -32768 -32768 -32768 -32768 -32768 -32768 -32768 -32768 -32768 -32768 -32768 -32768 -32768 -32768 -32768 -32768 -32768 -32768 -32768 -32768 -32768 -32768 -32768 -32768 -32768 -32768 -32768 -32768 -32768 -32768 -32768 -32768 -32768 -32768 -32768 -32768 -32768 -32768 -32768 -32768 -32768 -32768 -32768 -32768 -32768 -32768 -32768 -32768 -32768 -32768 -32768 -32768 -32768 -32768 -32768 -32768 -32768 -32768 -32768 -32768 -32768
-32768 -32768 -32768 -32768 -32768 -32768 -32768 -32768 -32768 -32768 -32768 -32768 -32768 -32768 -32768 -32768 -32768 -32768 72 -32768 73 73 -32768 -32768 -32768 -32768 -32768 -32768 -32768 -32768 -32768 -32768 -32768 -32768 -32768 -32768 -32768 -32768 -32768 -32768 -32768 -32768 -32768 -32768 -32768 -32768 -32768 -32768 -32768 -32768 -32768 -32768 -32768 -32768 -32768 -32768 -32768 -32768 -32768 -32768 -32768 -32768 -32768 -32768 -32768 -32768 -32768 -32768 -32768 -32768 -32768 -32768 -32768 -32768 -32768 -32768 -32768 -32768 -32768 -32768 -32768 -32768 -32768 -32768 -32768 -32768 -32768
-32768 -32768 -32768 -32768 -32768 -32768 -32768 -32768 -32768 -32768 -32768 -32768 -32768 -32768 -32768 -32768 71 73 72 73 74 75 76 76 77 -32768 -32768 -32768 -32768 -32768 -32768 -32768 -32768 -32768 -32768 -32768 -32768 -32768 -32768 -32768 -32768 -32768 -32768 -32768 -32768 -32768 -32768 -32768 -32768 -32768 -32768 -32768 -32768 -32768 -32768 -32768 -32768 -32768 -32768 -32768 -32768 -32768 -32768 -32768 -32768 -32768 -32768 -32768 -32768 -32768 -32768 -32768 -32768 -32768 -32768 -32768 -32768 -32768 -32768 -32768 -32768 -32768 -32768 -32768 -32768 -32768 -32768
-32768 -32768 -32768 -32768 -32768 -32768 -32768 -32768 -32768 -32768 -32768 -32768 -32768 -32768 69 70 71 73 74 76 77 76 78 79 79 78 -32768 -32768 -32768 -32768 -32768 -32768 -32768 -32768 -32768 -32768 -32768 -32768 81 -32768 78 77 76 74 72 -32768 -32768 -32768 -32768 -32768 -32768 -32768 -32768 -32768 -32768 -32768 -32768 -32768 -32768 -32768 -32768 -32768 -32768 -32768 -32768 -32768 -32768 -32768 -32768 -32768 -32768 -32768 -32768 -32768 -32768 -32768 -32768 -32768 -32768 -32768 -32768 -32768 -32768 -32768 -32768 -32768 -32768
-32768 -32768 -32768 -32768 -32768 -32768 -32768 -32768 -32768 -32768 -32768 -32768 -32768 69 69 71 72 74 76 78 78 79 80 80 79 80 81 82 81 82 83 84 83 85 84 85 86 86 85 84 83 80 79 77 73 71 74 75 72 73 -32768 -32768 -32768 -32768 -32768 -32768 -32768 -32768 -32768 -32768 -32768 -32768 -32768 -32768 -32768 -32768 -32768 -32768 -32768 58 58 -32768 -32768 -32768 -32768 -32768 -32768 -32768 -32768 -32768 -32768 -32768 -32768 -32768 -32768 -32768 -32768
-32768 -32768 -32768 -32768 -32768 -32768 -32768 -32768 -32768 -32768 -32768 -32768 -32768 69 70 73 75 76 77 79 80 81 82 82 82 82 83 83 84 86 87 88 87 90 89 88 90 92 89 86 89 89 85 82 80 83 82 77 78 78 79 76 75 74 73 72 71 -32768 -32768 -32768 -32768 -32768 -32768 64 62 61 60 59 59 59 59 59 -32768 -32768 -32768 -32768 -32768 61 62 64 63 -32768 -32768 -32768 -32768 -32768 -32768
-32768 -32768 -32768 -32768 -32768 -32768 64 63 -32768 -32768 -32768 67 68 70 71 74 76 78 79 80 81 82 83 84 84 85 84 86 88 89 89 89 90 92 91 93 94 93 91 91 89 88 90 87 86 86 85 84 83 82 78 78 80 80 80 81 77 75 72 71 69 68 68 66 64 63 62 62 61 62 62 61 62 62 61 61 60 60 62 65 66 68 70 71 -32768 -32768 -32768
-32768 -32768 -32768 -32768 -32768 62 63 64 65 66 68 69 69 70 72 75 77 79 80 81 81 82 83 84 85 86 86 88 90 90 90 91 93 94 94 94 94 96 96 97 97 96 93 93 92 92 93 93 90 92 88 85 88 89 87 84 85 80 80 76 75 73 72 71 68 67 66 68 70 69 67 65 67 67 67 64 65 61 64 66 68 70 73 74 76 76 78
-32768 -32768 60 60 62 63 64 65 66 68 71 72 73 73 74 77 79 80 81 82 82 83 84 85 86 88 88 89 91 91 91 93 95 95 95 96 98 98 99 100 99 100 99 97 98 99 96 96 96 98 94 93 95 96 94 94 93 86 87 84 81 79 79 76 73 73 73 72 78 81 75 70 70 70 68 67 67 69 67 68 71 75 77 77 79 80 82
-32768 -32768 60 61 62 63 65 67 68 71 72 73 75 76 78 79 80 81 82 83 84 84 85 86 88 89 90 91 92 93 93 94 96 97 97 98 99 100 100 101 101 102 102 101 101 101 101 101 100 100 99 99 97 97 97 95 92 87 88 92 89 86 85 84 78 81 77 78 84 85 82 80 77 71 71 70 71 71 72 73 78 78 79 80 83 84 85
-32768 60 60 61 63 64 66 68 69 71 73 74 76 77 78 80 81 82 83 84 85 86 87 88 89 90 91 92 93 93 94 96 97 98 98 99 98 98 100 99 101 100 103 104 102 102 102 102 101 102 101 100 100 99 99 98 96 96 94 94 94 93 90 88 86 85 84 84 83 81 80 80 80 79 81 80 75 75 81 86 83 84 82 83 86 86 86
-32768 59 60 62 63 64 65 67 68 70 72 75 77 78 80 81 82 83 84 85 86 87 88 89 90 91 92 93 94 95 96 97 97 98 99 99 101 101 102 102 103 104 103 104 105 104 105 104 104 104 103 102 102 101 100 99 99 98 97 96 96 95 91 90 88 87 87 86 84 82 80 80 82 82 83 83 83 83 83 85 84 85 88 90 92 91 91
-32768 59 -32768 61 63 64 64 66 67 68 72 76 77 78 80 81 82 84 85 86 87 88 89 90 91 92 93 94 95 96 96 96 97 99 100 101 101 100 102 102 103 105 107 105 107 107 107 106 107 106 105 104 104 103 102 101 100 99 98 97 95 94 93 92 90 90 88 88 86 86 84 83 84 85 86 85 86 87 87 86 86 87 89 90 92 94 95
-32768 -32768 -32768 60 61 62 62 67 66 68 70 73 75 78 81 82 84 85 86 87 88 89 90 91 92 93 94 95 96 97 95 98 100 101 102 102 101 102 103 105 107 109 109 110 110 110 110 109 109 108 107 106 105 104 103 103 102 101 100 98 97 95 94 94 92 91 91 89 89 90 88 87 85 85 85 88 85 88 87 88 91 92 93 94 96 97 97
-32768 -32768 -32768 59 60 63 63 64 64 67 70 73 78 80 82 83 85 85 86 88 89 90 91 92 93 93 93 94 96 98 98 100 101 102 104 104 105 106 107 107 108 110 111 112 113 113 112 112 111 110 109 108 107 106 105 104 103 102 101 99 98 97 97 96 95 93 93 92 92 92 91 87 90 89 91 90 87 87 89 91 92 94 96 97 97 98 99
-32768 -32768 -32768 -32768 59 61 60 61 64 66 71 76 79 80 82 84 85 86 86 89 90 91 92 93 94 94 95 95 96 98 100 101 102 103 104 106 107 108 108 110 111 112 113 114 115 115 114 113 112 111 110 109 108 107 107 106 105 103 103 101 100 99 98 97 97 96 95 95 94 93 91 89 89 90 90 92 91 91 91 94 96 98 98 99 99 100 100
-32768 -32768 -32768 -32768 59 59 59 60 61 65 71 76 79 81 83 85 85 86 88 89 90 92 93 94 95 95 96 96 97 99 101 102 103 104 105 106 106 107 109 111 112 113 114 115 116 116 114 114 113 112 111 111 110 109 108 107 106 105 104 103 102 100 99 98 97 97 97 96 95 94 94 94 94 93 94 94 93 92 93 94 96 97 98 100 101 101 102
-32768 -32768 -32768 -32768 59 59 59 60 64 63 70 77 79 82 84 86 87 88 90 90 91 93 94 95 95 96 97 97 99 100 102 103 104 103 105 105 105 108 110 112 113 114 114 115 116 116 115 114 114 113 113 112 111 110 110 109 108 107 106 105 103 102 101 100 99 99 98 97 96 96 96 96 96 96 96 95 95 96 97 97 98 99 100 101 102 102 102
-32768 -32768 -32768 -32768 -32768 59 59 60 64 65 71 77 80 82 85 87 89 90 91 92 91 91 93 95 94 95 99 100 99 100 102 101 102 104 102 102 105 109 111 112 113 114 115 115 116 116 116 115 115 114 113 113 112 112 111 110 110 108 107 106 105 104 102 101 101 100 99 98 98 98 98 98 99 99 99 100 101 100 100 100 101 103 103 103 104 105 105
-32768 -32768 -32768 -32768 -32768 -32768 61 62 66 67 73 78 81 82 86 88 90 91 92 94 93 93 91 92 93 93 98 100 99 98 99 99 100 103 105 106 105 108 111 112 114 114 115 115 116 116 116 116 116 115 114 114 113 113 112 112 111 110 109 108 107 106 104 103 103 101 100 100 99 99 100 100 101 102 102 102 102 103 104 103 105 106 106 107 107 108 107
-32768 -32768 -32768 -32768 -32768 -32768 61 64 66 70 74 78 83 85 89 91 92 93 93 94 94 95 92 90 90 90 95 100 99 98 97 96 98 101 102 104 107 109 112 113 114 115 115 115 116 116 116 116 116 115 115 115 114 114 114 113 113 112 111 110 109 107 106 105 103 102 101 101 101 101 101 102 103 103 103 104 104 104 105 106 107 107 108 109 109 109 109
-32768 -32768 -32768 -32768 -32768 -32768 65 66 71 71 75 80 85 89 90 89 88 90 91 92 94 94 94 92 91 93 97 99 97 97 96 97 103 105 106 107 109 111 112 113 114 115 115 116 116 116 116 116 116 116 115 115 115 115 114 114 114 114 113 112 110 109 107 106 104 103 103 102 102 102 103 102 103 104 105 105 106 106 107 107 108 109 109 109 110 110 110
-32768 -32768 -32768 -32768 -32768 -32768 68 70 71 74 78 82 86 86 82 81 84 88 91 93 94 95 94 98 96 96 99 98 98 98 98 99 105 107 108 109 110 111 112 113 114 115 115 116 116 116 116 116 116 116 116 116 116 115 115 115 115 114 114 113 111 109 108 107 106 105 104 103 103 103 103 104 103 104 105 106 106 107 106 107 107 108 108 110 111 111 111
-32768 -32768 -32768 -32768 -32768 -32768 69 70 73 76 81 84 85 80 85 88 91 90 86 86 90 93 96 101 99 99 101 101 101 102 102 101 106 108 109 109 111 112 113 113 114 114 115 116 116 116 116 116 116 117 116 117 116 116 116 115 115 115 115 113 112 110 109 108 107 106 105 104 104 104 104 105 105 105 106 107 107 108 108 110 109 111 112 113 112 111 112
-32768 -32768 -32768 -32768 -32768 -32768 70 72 76 79 82 85 88 89 91 92 87 83 84 84 86 95 98 102 101 99 102 103 102 104 105 106 109 109 110 110 111 111 112 113 114 114 115 115 116 116 116 116 116 117 117 117 117 117 116 116 116 115 114 113 112 111 109 108 107 106 105 105 104 105 104 105 105 106 107 107 108 109 110 111 113 114 114 115 115 114 113
-32768 -32768 -32768 -32768 -32768 -32768 72 74 77 79 83 86 89 90 86 84 82 87 85 87 88 93 99 104 102 100 103 104 105 105 104 107 109 109 110 111 111 112 113 113 114 114 115 115 116 116 116 117 117 117 117 117 117 117 117 116 116 115 114 113 112 111 109 108 107 106 105 105 105 104 104 105 105 106 107 108 109 110 111 112 113 114 116 116 116 115 114
-32768 -32768 -32768 -32768 -32768 -32768 73 75 78 81 84 87 90 91 91 92 94 91 87 88 93 99 103 103 100 103 105 106 106 104 103 107 108 110 110 110 111 111 113 113 114 114 115 115 116 116 116 116 117 117 117 117 117 117 117 116 115 115 114 112 112 110 109 108 107 106 105 105 104 104 104 105 105 106 107 108 109 110 111 112 114 115 116 117 116 115 114
-32768 -32768 -32768 -32768 -32768 -32768 -32768 77 80 83 85 88 91 93 95 95 89 89 92 98 99 103 104 98 103 106 107 107 107 105 105 106 108 109 110 111 111 112 113 113 114 114 115 115 116 116 116 117 117 117 117 117 117 117 116 116 115 114 113 112 111 110 109 107 106 106 105 105 105 104 105 105 105 106 107 108 108 110 111 112 113 115 116 116 115 115 114
-32768 -32768 -32768 -32768 -32768 -32768 -32768 78 81 83 86 89 92 94 96 95 97 98 99 103 97 100 96 100 106 107 108 108 107 106 107 108 109 110 110 111 111 112 112 113 114 114 115 115 115 116 116 117 117 117 117 117 117 116 116 115 114 114 112 111 110 109 108 107 106 106 105 105 105 105 105 105 106 106 107 107 108 110 111 112 113 114 115 115 115 115 114
-32768 -32768 -32768 -32768 -32768 -32768 -32768 79 82 85 87 90 93 95 97 97 99 103 102 95 95 96 101 105 105 105 108 108 105 103 107 108 109 109 110 110 111 112 112 113 114 114 115 115 116 116 117 117 117 117 117 117 116 116 115 115 114 113 112 111 110 108 107 106 106 105 105 105 105 105 105 105 106 106 107 108 109 110 110 111 112 113 114 114 115 114 113
-32768 -32768 -32768 -32768 -32768 -32768 -32768 80 82 85 88 91 93 95 98 98 101 104 101 88 101 100 102 106 108 108 107 107 107 106 108 108 107 107 108 110 111 111 112 113 113 114 115 115 116 117 117 117 117 117 117 116 116 116 115 114 113 112 111 110 109 108 106 106 105 104 104 105 105 105 105 105 106 107 108 109 110 110 111 111 113 113 114 114 114 113 112
-32768 -32768 -32768 -32768 -32768 -32768 -32768 -32768 83 87 89 91 93 96 98 100 102 99 96 104 108 103 107 104 107 104 104 107 108 107 108 107 106 107 108 110 110 111 112 112 113 114 115 116 116 117 117 117 117 117 117 116 116 115 114 113 112 111 110 109 108 106 106 105 104 104 104 104 104 104 105 106 107 108 108 109 110 110 111 112 112 113 113 114 113 113 112
-32768 -32768 -32768 -32768 -32768 -32768 -32768 -32768 84 87 90 92 94 96 98 100 98 98 98 107 108 107 108 107 106 102 102 107 107 105 106 105 106 107 108 108 109 110 111 112 113 114 115 116 117 117 117 118 117 117 116 116 115 115 114 113 112 111 109 108 107 106 105 104 103 103 103 103 104 104 106 107 108 108 109 109 110 109 110 111 112 113 113 114 113 113 112
-32768 -32768 -32768 -32768 -32768 -32768 -32768 -32768 85 87 90 92 94 96 98 100 101 103 101 106 106 105 105 105 106 106 106 107 105 104 105 106 106 105 107 108 108 109 111 112 113 114 116 116 117 118 118 118 117 117 117 116 115 114 113 112 111 110 109 108 106 105 104 103 102 103 103 103 104 106 107 107 107 108 108 109 109 109 110 110 111 112 113 113 113 113 112
-32768 -32768 -32768 -32768 -32768 -32768 -32768 -32768 -32768 86 89 91 94 96 97 94 96 90 93 101 99 100 99 98 99 102 103 106 105 106 106 106 105 105 106 107 108 109 110 112 113 114 116 117 118 119 118 118 117 117 116 115 115 114 113 112 111 109 108 107 105 104 103 102 102 103 105 106 106 104 105 107 106 106 107 108 107 108 109 110 111 112 113 113 113 113 112
-32768 -32768 -32768 -32768 -32768 -32768 -32768 -32768 -32768 84 88 91 93 95 97 96 90 88 90 91 91 96 100 96 93 98 102 104 102 102 104 103 103 104 105 106 107 108 110 111 112 114 115 117 118 119 118 118 117 116 116 115 114 113 112 111 110 109 107 106 105 103 102 101 102 106 107 105 104 103 104 105 105 105 105 106 106 107 108 110 111 112 113 113 113 113 113
-32768 -32768 -32768 -32768 -32768 -32768 -32768 -32768 80 82 87 90 92 89 90 93 97 98 97 94 92 92 94 93 92 96 101 102 99 99 101 102 102 103 104 105 107 108 109 111 112 114 115 116 117 118 117 117 117 116 115 115 114 113 112 111 110 109 107 106 104 103 102 102 104 107 104 106 105 104 103 103 103 104 104 104 105 107 109 110 111 112 113 114 114 113 113
-32768 -32768 -32768 -32768 -32768 -32768 -32768 -32768 78 81 85 90 90 93 92 94 99 99 97 96 95 95 93 93 91 95 98 98 99 98 98 100 101 101 103 104 106 107 109 110 111 113 114 114 115 116 117 117 116 116 115 114 113 112 112 110 109 108 107 106 105 104 104 107 107 108 107 104 103 103 103 103 104 104 103 103 105 108 109 110 111 112 113 114 114 114 113
-32768 -32768 -32768 -32768 -32768 -32768 -32768 -32768 75 80 85 89 93 93 96 95 98 97 97 98 98 97 96 95 95 96 95 94 95 96 96 98 100 101 102 103 105 106 108 109 111 112 112 113 115 116 116 116 115 115 114 113 113 112 111 110 109 108 107 107 106 106 106 105 103 103 102 102 103 103 103 104 104 104 102 103 107 108 109 111 111 111 112 113 114 114 114
