DATA/PredictorVariables/1_WorldClim_R/bio4.asc
NCOLS 166 
NROWS 105 
XLLCORNER -9.41666666666667 
YLLCORNER 35.1666666666667 
CELLSIZE 0.0833333333333333 
NODATA_value -32768 
[rows 0 to 34 of 105, columns 80 to 159 of 166]
-32768 -32768 -32768 -32768 -32768 -32768 -32768 -32768 -32768 -32768 -32768 -32768 -32768 -32768 -32768 -32768 4560 4657 4732 4841 4899 4963 5063 5117 5207 5271 5343 5375 5398 5397 5387 5419 5417 5429 5451 5493 5502 5538 5579 5581 5603 5633 5625 5653 5681 5685 5693 5701 5708 5717 5722 5742 5723 5756 5748 5749 5755 5766 5774 5788 5786 5779 5756 5762 5800 5820 5834 5832 5837 5816 5786 5750 5736 5725 5761 5784 5805 5868 5874 5894
-32768 -32768 -32768 -32768 -32768 -32768 -32768 -32768 -32768 -32768 -32768 -32768 -32768 -32768 -32768 4500 4568 4657 4745 4834 4899 4970 5063 5092 5167 5250 5291 5341 5347 5357 5369 5380 5395 5422 5440 5473 5477 5514 5549 5553 5615 5630 5630 5654 5691 5682 5700 5708 5748 5734 5753 5757 5741 5755 5761 5767 5780 5751 5780 5779 5767 5753 5720 5706 5719 5776 5720 5736 5774 5778 5797 5746 5761 5744 5727 5747 5817 5831 5853 5854
-32768 -32768 -32768 -32768 -32768 -32768 -32768 -32768 -32768 -32768 -32768 -32768 -32768 -32768 -32768 4509 4567 4652 4748 4826 4888 4992 5036 5094 5161 5206 5241 5263 5303 5312 5353 5356 5377 5406 5420 5442 5487 5520 5527 5574 5585 5632 5653 5658 5672 5709 5712 5721 5750 5745 5761 5762 5773 5773 5758 5760 5778 5760 5768 5762 5741 5752 5745 5725 5666 5624 5638 5650 5710 5721 5796 5782 5790 5811 5811 5811 5796 5809 5815 5832
-32768 -32768 -32768 -32768 -32768 -32768 -32768 -32768 -32768 -32768 -32768 -32768 -32768 -32768 -32768 4480 4567 4652 4741 4829 4892 4960 5028 5074 5103 5184 5200 5226 5261 5271 5309 5331 5350 5378 5392 5421 5461 5494 5506 5549 5586 5589 5642 5668 5680 5705 5701 5725 5738 5759 5758 5765 5760 5747 5765 5768 5760 5772 5793 5784 5778 5720 5715 5674 5637 5631 5637 5578 5623 5756 5801 5774 5788 5802 5800 5816 5777 5776 5784 5781
-32768 -32768 -32768 -32768 -32768 -32768 -32768 -32768 -32768 -32768 -32768 -32768 -32768 -32768 4450 4491 4601 4671 4763 4851 4902 4977 5029 5074 5092 5136 5169 5171 5207 5208 5257 5290 5313 5358 5383 5411 5449 5498 5536 5549 5589 5622 5635 5664 5690 5701 5725 5738 5757 5775 5763 5791 5769 5755 5767 5752 5748 5767 5767 5758 5770 5756 5702 5666 5631 5623 5648 5743 5766 5746 5776 5762 5779 5761 5746 5764 5747 5748 5760 5750
3896 -32768 -32768 -32768 -32768 -32768 -32768 -32768 -32768 -32768 -32768 -32768 -32768 4396 4465 4536 4643 4721 4818 4874 4936 4985 5016 5074 5101 5103 5135 5140 5156 5175 5197 5258 5276 5332 5379 5397 5436 5459 5519 5547 5589 5614 5638 5666 5690 5703 5716 5726 5737 5763 5761 5753 5773 5766 5749 5761 5750 5759 5729 5676 5652 5680 5652 5680 5666 5708 5706 5718 5777 5758 5758 5756 5760 5718 5741 5713 5724 5718 5707 5733
3990 4001 4010 3976 -32768 -32768 -32768 -32768 -32768 4166 4184 4232 4339 4423 4531 4603 4713 4771 4856 4902 4969 5009 5038 5088 5099 5124 5103 5105 5137 5172 5183 5217 5249 5308 5347 5397 5419 5471 5507 5541 5570 5615 5628 5684 5697 5710 5723 5744 5763 5765 5765 5765 5773 5783 5774 5761 5778 5751 5707 5673 5680 5680 5685 5694 5708 5733 5735 5756 5745 5736 5726 5701 5727 5703 5701 5697 5696 5686 -32768 -32768
4097 4090 4143 4090 4092 4068 4025 4058 4062 4136 4250 4417 4474 4588 4625 4764 4822 4892 4936 4974 5034 5044 5079 5101 5111 5122 5132 5141 5147 5180 5185 5206 5220 5271 5326 5387 5416 5449 5502 5544 5577 5634 5653 5664 5686 5707 5738 5748 5767 5764 5765 5765 5769 5763 5747 5763 5763 5752 5724 5731 5736 5733 5742 5737 5725 5749 5732 5724 5728 5732 5708 5696 5690 5677 5660 5672 -32768 -32768 -32768 -32768
4210 4308 4280 4263 4269 4254 4253 4228 4185 4350 4425 4662 4619 4736 4884 4940 4968 4975 5003 5065 5063 5095 5132 5128 5136 5150 5143 5157 5167 5185 5197 5210 5212 5265 5309 5380 5398 5456 5489 5527 5570 5611 5644 5665 5692 5726 5744 5760 5761 5783 5765 5775 5763 5761 5757 5743 5743 5758 5756 5733 5743 5723 5727 5735 5727 5718 5718 5719 5694 5692 5668 5684 5674 -32768 -32768 -32768 -32768 -32768 -32768 -32768
4480 4437 4413 4411 4455 4475 4495 4447 4478 4659 4801 4861 4829 4871 4957 5050 5110 5087 5098 5130 5165 5162 5177 5175 5176 5193 5181 5182 5203 5202 5202 5230 5242 5263 5307 5375 5410 5427 5484 5560 5590 5636 5668 5687 5708 5727 5735 5739 5757 5774 5768 5764 5746 5774 5763 5749 5749 5739 5755 5747 5730 5735 5718 5698 5709 5711 5697 5685 5680 5664 5658 -32768 -32768 -32768 -32768 -32768 -32768 -32768 -32768 -32768
4675 4703 4593 4564 4669 4614 4551 4608 4773 4831 4997 5056 5091 5128 5169 5163 5205 5193 5215 5243 5225 5211 5230 5217 5226 5223 5211 5229 5226 5227 5237 5269 5272 5316 5331 5371 5426 5446 5494 5538 5577 5623 5665 5686 5707 5739 5741 5736 5755 5776 5767 5753 5765 5757 5764 5759 5747 5707 5729 5719 5701 5685 5672 5684 5687 5684 5674 5672 5647 5650 5622 -32768 -32768 -32768 -32768 -32768 -32768 -32768 -32768 -32768
4797 4803 4889 4915 4997 4920 4889 4990 5087 5094 5101 5171 5224 5272 5307 5302 5290 5290 5281 5282 5256 5277 5268 5241 5225 5250 5226 5242 5208 5226 5266 5261 5276 5238 5256 5339 5340 5417 5408 5496 5570 5537 5553 5567 5615 5684 5717 5699 5670 5637 5655 5696 5743 5710 5712 5724 5723 5708 5712 5709 5699 5646 5646 5644 5642 5668 5669 5644 5632 5626 -32768 -32768 -32768 -32768 -32768 -32768 -32768 -32768 -32768 -32768
4888 4931 4961 4994 5023 5114 5095 5132 5166 5224 5254 5285 5371 5425 5417 5397 5389 5374 5339 5342 5319 5308 5300 5259 5254 5255 5256 5233 5243 5192 5210 5255 5266 5283 5224 5227 5324 5448 5349 5408 5515 5544 5486 5459 5577 5575 5565 5706 5657 5601 5514 5618 5691 5563 5577 5646 5622 5636 5661 5696 5655 5609 5633 5646 5636 5651 5643 5625 5608 5594 -32768 -32768 -32768 -32768 -32768 -32768 -32768 -32768 -32768 -32768
5092 5120 5150 5185 5208 5250 5272 5296 5323 5353 5394 5420 5527 5585 5548 5536 5509 5477 5429 5421 5413 5372 5347 5321 5296 5269 5276 5248 5268 5195 5197 5188 5234 5287 5189 5304 5355 5389 5384 5443 5506 5507 5416 5337 5357 5358 5430 5573 5584 5485 5503 5578 5600 5593 5495 5478 5507 5555 5584 5615 5575 5627 5671 5689 5689 5664 5654 5638 5608 5588 -32768 -32768 -32768 -32768 -32768 -32768 -32768 -32768 -32768 -32768
5201 5267 5298 5317 5353 5366 5396 5404 5424 5476 5507 5576 5599 5633 5620 5593 5597 5605 5548 5493 5463 5446 5419 5366 5351 5340 5304 5251 5272 5291 5238 5268 5233 5239 5258 5298 5279 5275 5265 5302 5366 5438 5484 5407 5392 5348 5412 5373 5365 5346 5453 5430 5426 5446 5516 5510 5396 5425 5488 5440 5466 5544 5589 5620 5656 5633 5638 5620 5560 5527 -32768 -32768 -32768 -32768 -32768 -32768 -32768 -32768 -32768 -32768
5361 5397 5419 5436 5474 5490 5529 5545 5577 5584 5582 5651 5708 5710 5636 5646 5660 5639 5587 5538 5532 5523 5481 5445 5409 5398 5370 5358 5350 5358 5340 5374 5316 5298 5374 5408 5338 5353 5305 5407 5297 5316 5364 5330 5348 5394 5533 5435 5424 5351 5349 5361 5345 5354 5388 5353 5339 5341 5407 5350 5461 5604 5627 5613 5621 5614 5602 5557 5529 5487 -32768 -32768 -32768 -32768 -32768 -32768 -32768 -32768 -32768 -32768
5427 5492 5542 5591 5638 5637 5647 5659 5678 5677 5692 5720 5772 5772 5750 5773 5756 5720 5700 5646 5585 5539 5521 5513 5449 5432 5432 5405 5401 5376 5380 5403 5412 5428 5496 5496 5381 5407 5499 5408 5378 5441 5430 5408 5352 5369 5542 5614 5501 5400 5415 5472 5384 5321 5371 5340 5343 5383 5379 5455 5527 5534 5391 5457 5557 5591 5575 5537 5494 5446 5392 -32768 -32768 -32768 -32768 -32768 -32768 -32768 -32768 -32768
5546 5596 5642 5707 5753 5758 5753 5764 5758 5757 5790 5787 5822 5844 5847 5806 5810 5758 5714 5652 5635 5572 5551 5523 5502 5466 5457 5427 5435 5425 5444 5434 5486 5520 5593 5554 5528 5539 5571 5509 5556 5656 5536 5415 5457 5457 5597 5558 5477 5470 5558 5427 5348 5369 5389 5475 5509 5441 5341 5354 5329 5347 5336 5462 5532 5530 5512 5490 5427 5390 5347 -32768 -32768 -32768 -32768 -32768 -32768 -32768 -32768 -32768
5673 5696 5747 5794 5820 5867 5850 5851 5831 5851 5839 5847 5869 5887 5863 5868 5865 5842 5784 5722 5684 5638 5578 5571 5556 5501 5482 5476 5479 5447 5480 5465 5513 5571 5641 5695 5710 5670 5654 5605 5595 5667 5659 5632 5690 5630 5677 5504 5556 5680 5699 5576 5554 5567 5563 5551 5441 5355 5336 5336 5351 5380 5445 5493 5518 5492 5513 5491 5430 5361 5304 5220 5189 -32768 -32768 -32768 -32768 -32768 -32768 -32768
5739 5736 5779 5779 5777 5841 5835 5920 5926 5891 5891 5919 5919 5943 5939 5914 5913 5911 5848 5833 5763 5719 5659 5643 5598 5545 5524 5506 5484 5495 5488 5510 5539 5587 5707 5774 5720 5781 5727 5798 5700 5812 5739 5663 5804 5804 5603 5555 5631 5758 5643 5516 5470 5452 5488 5476 5435 5442 5487 5434 5435 5503 5539 5525 5505 5492 5507 5483 5386 5316 5259 5203 5187 -32768 -32768 -32768 -32768 -32768 -32768 -32768
5781 5812 5810 5841 5824 5892 5919 5972 5989 5978 5978 5954 5969 5988 5977 5971 5964 5945 5911 5885 5858 5773 5732 5712 5696 5651 5581 5519 5478 5499 5531 5565 5597 5667 5703 5833 5827 5920 5896 5859 5848 5936 5820 5917 5973 5745 5602 5677 5780 5744 5592 5505 5502 5509 5534 5596 5550 5524 5561 5580 5518 5508 5593 5583 5582 5560 5519 5458 5355 5284 5231 5134 -32768 -32768 -32768 -32768 -32768 -32768 -32768 -32768
5821 5836 5829 5817 5856 5901 5903 5955 5998 5993 6039 6028 6041 6030 6016 6025 6009 5975 5971 5955 5942 5876 5829 5791 5747 5706 5629 5604 5562 5517 5573 5650 5691 5786 5848 5958 5938 5957 5904 5925 5928 6034 5925 6049 6026 5949 5767 5724 5792 5712 5625 5582 5623 5587 5497 5636 5600 5588 5559 5573 5489 5480 5547 5517 5551 5556 5516 5440 5340 5245 5138 5035 -32768 -32768 -32768 -32768 -32768 -32768 -32768 -32768
5824 5823 5852 5878 5915 5903 5937 5978 6035 6061 6064 6068 6047 6047 6042 6039 6029 6024 6024 6002 5961 5907 5882 5878 5816 5777 5710 5692 5674 5606 5648 5733 5785 5879 5979 6054 5942 5953 5919 6069 6036 5946 5888 6055 5846 5859 5861 5885 5883 5844 5765 5728 5682 5642 5651 5650 5621 5601 5585 5582 5585 5502 5459 5515 5555 5524 5526 5436 5309 5180 5080 5022 -32768 -32768 -32768 -32768 -32768 -32768 -32768 -32768
5865 5904 5921 5954 5931 5945 5965 6016 6044 6088 6092 6089 6100 6081 6089 6085 6070 6091 6069 6046 6030 5925 5955 5942 5905 5812 5789 5777 5776 5740 5748 5815 5880 5976 6039 6116 6123 6126 6085 6113 6158 6038 6094 6105 5959 6057 6011 5938 5865 5826 5752 5738 5717 5682 5664 5660 5600 5593 5558 5568 5560 5529 5516 5480 5556 5585 5545 5426 5305 5181 5051 4928 -32768 -32768 -32768 -32768 -32768 -32768 -32768 -32768
6017 6013 6030 6016 6057 6023 6011 6034 6072 6056 6087 6111 6148 6111 6123 6126 6137 6122 6106 6080 6056 6024 6031 6027 5949 5874 5810 5831 5840 5864 5885 5905 5927 6021 6122 6186 6248 6295 6331 6343 6281 6256 6235 6216 6141 6102 6011 5956 5864 5815 5738 5696 5676 5662 5626 5600 5581 5565 5517 5528 5528 5496 5442 5453 5516 5568 5529 5426 5267 5162 5040 4912 -32768 -32768 -32768 -32768 -32768 -32768 -32768 -32768
6041 6062 6081 6096 6077 6080 6070 6057 6084 6066 5952 6019 6114 6128 6134 6163 6154 6177 6161 6176 6160 6129 6132 6109 6044 5963 5874 5853 5884 5904 5936 5961 6019 6086 6182 6223 6313 6410 6485 6489 6540 6487 6409 6338 6208 6106 6011 5922 5858 5781 5733 5674 5653 5608 5589 5546 5543 5534 5508 5493 5465 5414 5391 5457 5488 5470 5437 5351 5242 5154 -32768 -32768 -32768 -32768 -32768 -32768 -32768 -32768 -32768 -32768
6106 6117 6130 6111 6132 6130 6132 6119 6110 6080 6054 5999 6057 6108 6134 6169 6175 6175 6182 6210 6251 6249 6232 6172 6073 5999 5932 5877 5890 5925 5967 6012 6077 6125 6207 6260 6358 6438 6511 6530 6671 6580 6475 6356 6201 6075 5971 5878 5814 5756 5690 5663 5625 5582 5534 5490 5519 5504 5490 5468 5435 5416 5435 5428 5416 5380 5359 5290 5247 -32768 -32768 -32768 -32768 -32768 -32768 -32768 -32768 -32768 -32768 -32768
6173 6162 6173 6152 6175 6186 6159 6147 6143 6121 6116 6128 6110 6153 6145 6165 6188 6195 6201 6183 6238 6298 6259 6198 6136 6086 6047 5989 5924 5927 5970 5992 6026 6121 6194 6274 6344 6426 6542 6636 6710 6614 6463 6300 6165 6025 5934 5852 5777 5721 5664 5629 5562 5538 5512 5447 5480 5458 5402 5353 5348 5351 5365 5352 5362 5325 5287 -32768 -32768 -32768 -32768 -32768 -32768 -32768 -32768 -32768 -32768 -32768 -32768 -32768
6208 6198 6188 6206 6190 6177 6186 6186 6156 6157 6157 6158 6130 6187 6191 6185 6225 6231 6203 6164 6203 6198 6190 6200 6158 6120 6071 6049 6031 6021 6017 6038 6068 6118 6172 6243 6311 6380 6460 6528 6603 6500 6361 6213 6074 5974 5852 5771 5728 5656 5626 5558 5506 5462 5427 5385 5384 5365 5303 5247 5271 5281 5265 5290 -32768 -32768 -32768 -32768 -32768 -32768 -32768 -32768 -32768 -32768 -32768 -32768 -32768 -32768 -32768 -32768
6259 6234 6236 6229 6209 6204 6216 6217 6197 6196 6211 6206 6188 6146 6207 6200 6211 6214 6205 6186 6187 6131 6137 6156 6136 6100 6078 6049 6054 6030 6038 6033 6068 6118 6162 6202 6258 6296 6372 6416 6409 6312 6179 6057 5976 5861 5793 5705 5659 5620 5586 5537 5465 5378 5334 5316 5288 5277 5261 5157 5182 5173 -32768 -32768 -32768 -32768 -32768 -32768 -32768 -32768 -32768 -32768 -32768 -32768 -32768 -32768 -32768 -32768 -32768 -32768
6256 6257 6256 6263 6261 6269 6251 6248 6236 6226 6203 6220 6211 6198 6167 6137 6139 6157 6188 6170 6152 6112 6129 6136 6129 6104 6069 6061 6036 6022 6017 6037 6046 6082 6098 6128 6172 6213 6232 6240 6189 6087 6007 5920 5849 5792 5697 5622 5544 5509 5512 5442 5317 5303 5290 5347 5265 5172 5130 5085 -32768 -32768 -32768 -32768 -32768 -32768 -32768 -32768 -32768 -32768 -32768 -32768 -32768 -32768 -32768 -32768 -32768 -32768 -32768 -32768
6276 6273 6289 6273 6258 6305 6281 6284 6269 6245 6236 6231 6221 6203 6172 6121 6102 6118 6119 6101 6101 6090 6115 6108 6114 6081 6052 6057 6003 5995 5986 6006 5989 6003 6051 6070 6072 6126 6105 6098 6076 6013 5894 5837 5758 5712 5644 5430 5379 5332 5328 5256 5220 5226 5209 5254 5212 5084 5091 -32768 -32768 -32768 -32768 -32768 -32768 -32768 -32768 -32768 -32768 -32768 -32768 -32768 -32768 -32768 -32768 -32768 -32768 -32768 -32768 -32768
6316 6293 6299 6287 6298 6302 6295 6265 6271 6241 6227 6220 6202 6190 6181 6139 6081 6074 6070 6046 6073 6077 6097 6081 6077 6071 6048 6018 6008 5995 5969 5970 5958 5970 5998 5979 5991 5972 5982 5916 5930 5891 5818 5762 5680 5551 5428 5221 5180 5164 5175 5110 5129 5116 5108 5153 -32768 -32768 -32768 -32768 -32768 -32768 -32768 -32768 -32768 -32768 -32768 -32768 -32768 -32768 -32768 -32768 -32768 -32768 -32768 -32768 -32768 -32768 -32768 -32768
6372 6336 6332 6314 6315 6300 6269 6248 6265 6259 6236 6224 6189 6170 6132 6142 6114 6061 6071 6052 6048 6064 6062 6062 6022 6039 6026 6004 5976 5955 5964 5933 5900 5928 5929 5919 5910 5899 5897 5847 5763 5723 5701 5669 5482 5328 5186 5078 5056 5033 5063 -32768 -32768 -32768 -32768 -32768 -32768 -32768 -32768 -32768 -32768 -32768 -32768 -32768 -32768 -32768 -32768 -32768 -32768 -32768 -32768 -32768 -32768 -32768 -32768 -32768 -32768 -32768 -32768 -32768
6363 6360 6348 6320 6341 6305 6274 6274 6270 6238 6214 6200 6197 6164 6142 6104 6102 6069 6063 6065 6034 6019 6043 6046 6026 6007 5995 5986 5973 5942 5905 5882 5888 5879 5868 5852 5852 5824 5790 5727 5621 5643 5628 5539 5340 5222 5122 5057 -32768 -32768 -32768 -32768 -32768 -32768 -32768 -32768 -32768 -32768 -32768 -32768 -32768 -32768 -32768 -32768 -32768 -32768 -32768 -32768 -32768 -32768 -32768 -32768 -32768 -32768 -32768 -32768 -32768 -32768 -32768 -32768
