DATA/PredictorVariables/1_WorldClim_R/bio4.asc
NCOLS 166 
NROWS 105 
XLLCORNER -9.41666666666667 
YLLCORNER 35.1666666666667 
CELLSIZE 0.0833333333333333 
NODATA_value -32768 
[rows 0 to 34 of 105, columns 0 to 79 of 166]
-32768.000000000000000 -32768 -32768 -32768 -32768 -32768 -32768 -32768 -32768 -32768 -32768 -32768 -32768 -32768 -32768 -32768 -32768 -32768 -32768 -32768 -32768 -32768 -32768 -32768 -32768 -32768 -32768 -32768 -32768 -32768 -32768 -32768 -32768 -32768 -32768 -32768 -32768 -32768 -32768 -32768 -32768 -32768 -32768 -32768 -32768 -32768 -32768 -32768 -32768 -32768 -32768 -32768 -32768 -32768 -32768 -32768 -32768 -32768 -32768 -32768 -32768 -32768 -32768 -32768 -32768 -32768 -32768 -32768 -32768 -32768 -32768 -32768 -32768 -32768 -32768 -32768 -32768 -32768 -32768 -32768
-32768 -32768 -32768 -32768 -32768 -32768 -32768 -32768 -32768 -32768 -32768 -32768 -32768 -32768 -32768 -32768 -32768 -32768 3422 -32768 3484 3461 -32768 -32768 -32768 -32768 -32768 -32768 -32768 -32768 -32768 -32768 -32768 -32768 -32768 -32768 -32768 -32768 -32768 -32768 -32768 -32768 -32768 -32768 -32768 -32768 -32768 -32768 -32768 -32768 -32768 -32768 -32768 -32768 -32768 -32768 -32768 -32768 -32768 -32768 -32768 -32768 -32768 -32768 -32768 -32768 -32768 -32768 -32768 -32768 -32768 -32768 -32768 -32768 -32768 -32768 -32768 -32768 -32768 -32768
-32768 -32768 -32768 -32768 -32768 -32768 -32768 -32768 -32768 -32768 -32768 -32768 -32768 -32768 -32768 -32768 3380 3507 3420 3490 3537 3580 3617 3627 3660 -32768 -32768 -32768 -32768 -32768 -32768 -32768 -32768 -32768 -32768 -32768 -32768 -32768 -32768 -32768 -32768 -32768 -32768 -32768 -32768 -32768 -32768 -32768 -32768 -32768 -32768 -32768 -32768 -32768 -32768 -32768 -32768 -32768 -32768 -32768 -32768 -32768 -32768 -32768 -32768 -32768 -32768 -32768 -32768 -32768 -32768 -32768 -32768 -32768 -32768 -32768 -32768 -32768 -32768 -32768
-32768 -32768 -32768 -32768 -32768 -32768 -32768 -32768 -32768 -32768 -32768 -32768 -32768 -32768 3272 3335 3399 3495 3517 3609 3668 3650 3776 3791 3770 3773 -32768 -32768 -32768 -32768 -32768 -32768 -32768 -32768 -32768 -32768 -32768 -32768 3759 -32768 3682 3671 3632 3624 3633 -32768 -32768 -32768 -32768 -32768 -32768 -32768 -32768 -32768 -32768 -32768 -32768 -32768 -32768 -32768 -32768 -32768 -32768 -32768 -32768 -32768 -32768 -32768 -32768 -32768 -32768 -32768 -32768 -32768 -32768 -32768 -32768 -32768 -32768 -32768
-32768 -32768 -32768 -32768 -32768 -32768 -32768 -32768 -32768 -32768 -32768 -32768 -32768 3264 3305 3387 3459 3545 3649 3732 3778 3801 3904 3853 3846 3858 3909 3955 3905 3946 3938 3991 3925 3986 3957 3947 3959 3944 3875 3829 3772 3725 3701 3681 3663 3675 3749 3768 3756 3808 -32768 -32768 -32768 -32768 -32768 -32768 -32768 -32768 -32768 -32768 -32768 -32768 -32768 -32768 -32768 -32768 -32768 -32768 -32768 3653 3692 -32768 -32768 -32768 -32768 -32768 -32768 -32768 -32768 -32768
-32768 -32768 -32768 -32768 -32768 -32768 -32768 -32768 -32768 -32768 -32768 -32768 -32768 3270 3327 3473 3605 3685 3707 3796 3903 3990 4043 4007 3970 3958 4052 4018 4040 4129 4178 4195 4132 4244 4171 4109 4126 4220 4017 3901 3904 3877 3792 3773 3785 3897 3929 3856 3917 3947 4013 3918 3924 3932 3900 3897 3894 -32768 -32768 -32768 -32768 -32768 -32768 3749 3699 3676 3613 3616 3672 3718 3706 3742 -32768 -32768 -32768 -32768 -32768 3878 3898 3929
-32768 -32768 -32768 -32768 -32768 -32768 3190 3162 -32768 -32768 -32768 3262 3239 3328 3428 3517 3663 3736 3787 3854 3924 3978 4098 4104 4137 4144 4126 4175 4288 4400 4361 4298 4341 4403 4306 4385 4445 4260 4106 4060 3950 3906 3903 3876 3915 3972 4005 4030 4050 4072 4005 4010 4109 4130 4158 4244 4111 4028 3960 3918 3884 3896 3897 3840 3780 3756 3742 3773 3758 3834 3843 3837 3896 3919 3898 3927 3904 3892 3941 3994
-32768 -32768 -32768 -32768 -32768 3190 3200 3230 3321 3318 3343 3364 3366 3409 3487 3625 3696 3818 3879 3889 3949 4034 4099 4166 4197 4239 4255 4382 4450 4455 4387 4464 4587 4596 4488 4427 4405 4488 4386 4389 4335 4217 4084 4083 4087 4208 4372 4427 4321 4456 4357 4276 4428 4527 4450 4352 4396 4222 4253 4136 4153 4090 4037 4045 3971 3934 3932 4046 4148 4121 4063 4011 4100 4126 4140 4044 4080 3974 4025 4055
-32768 -32768 3141 3154 3196 3260 3289 3332 3356 3431 3572 3585 3578 3573 3619 3704 3802 3874 3936 3998 4041 4083 4147 4222 4299 4352 4389 4471 4538 4520 4497 4639 4694 4653 4596 4629 4760 4715 4734 4769 4541 4819 4544 4304 4538 4612 4551 4598 4647 4826 4669 4647 4802 4992 4841 4913 4853 4493 4595 4484 4361 4296 4382 4278 4155 4223 4227 4231 4454 4605 4405 4250 4235 4257 4220 4176 4207 4233 4156 4171
-32768 -32768 3108 3174 3254 3308 3418 3492 3553 3649 3694 3727 3773 3759 3791 3855 3861 3947 3985 4054 4103 4153 4246 4317 4383 4490 4494 4622 4629 4698 4664 4753 4811 4807 4787 4882 4944 4876 4970 4902 4974 4873 4856 4699 4815 4842 4865 4983 5002 4956 4980 4991 4895 4991 5026 4962 4731 4554 4624 4836 4704 4643 4626 4593 4396 4542 4437 4483 4722 4792 4704 4637 4507 4332 4356 4314 4321 4330 4348 4354
-32768 3123 3173 3229 3351 3408 3490 3558 3656 3708 3775 3799 3827 3860 3849 3865 3916 4031 4077 4120 4196 4263 4338 4439 4506 4594 4654 4663 4728 4733 4775 4885 4946 4945 4992 5020 5106 5110 5121 5170 5171 5178 5080 5030 5176 5188 5149 5170 5202 5130 5146 5093 5073 5093 5076 5116 5074 4977 4894 4946 5030 4981 4820 4779 4728 4750 4712 4748 4734 4674 4670 4660 4667 4631 4695 4655 4485 4501 4657 4825
-32768 3122 3186 3294 3402 3454 3528 3584 3672 3751 3833 3902 3963 3919 3918 3926 3966 4048 4144 4208 4312 4400 4447 4511 4570 4673 4747 4781 4795 4847 4929 4961 5027 5061 5102 5142 5156 5199 5219 5237 5232 5265 5267 5279 5285 5277 5288 5275 5257 5215 5200 5187 5143 5119 5140 5192 5181 5154 5064 5007 5118 5074 4916 4871 4855 4851 4838 4832 4816 4741 4687 4709 4761 4781 4806 4836 4793 4785 4780 4842
-32768 3123 -32768 3287 3415 3482 3518 3620 3661 3684 3894 4021 4001 3994 3969 3974 3991 4071 4181 4304 4392 4457 4543 4613 4671 4769 4848 4873 4928 4989 5048 5087 5118 5165 5193 5218 5237 5258 5289 5304 5316 5348 5383 5360 5391 5389 5374 5363 5322 5297 5279 5232 5255 5190 5231 5202 5192 5157 5076 5034 5021 5025 4963 4976 4951 4967 4904 4915 4889 4913 4864 4819 4871 4910 4942 4915 4921 4970 4965 4905
-32768 -32768 -32768 3277 3314 3397 3436 3681 3695 3759 3817 3945 3990 4018 4004 4009 4055 4196 4283 4394 4475 4565 4638 4725 4780 4864 4930 4978 5021 5083 5106 5170 5214 5257 5273 5315 5320 5341 5370 5401 5438 5477 5483 5494 5509 5485 5467 5452 5425 5369 5340 5313 5302 5239 5259 5249 5181 5176 5149 5096 5089 5052 5044 5056 5021 5010 5048 5042 5042 5094 5024 5025 4937 4949 4967 5054 4960 5046 5009 5023
-32768 -32768 -32768 3242 3347 3521 3504 3597 3618 3774 3922 3984 4075 4099 4103 4135 4198 4305 4431 4496 4606 4666 4763 4839 4894 4947 4988 5044 5098 5175 5233 5293 5357 5368 5411 5410 5423 5477 5494 5517 5528 5579 5597 5616 5623 5620 5593 5571 5484 5473 5422 5368 5341 5341 5317 5271 5250 5206 5213 5155 5157 5128 5162 5176 5159 5153 5169 5156 5185 5223 5173 5074 5145 5135 5199 5181 5060 5071 5113 5169
-32768 -32768 -32768 -32768 3315 3442 3438 3545 3678 3797 3933 4067 4116 4183 4200 4256 4328 4427 4521 4619 4738 4792 4853 4940 4990 5038 5080 5120 5148 5249 5321 5381 5414 5488 5521 5534 5536 5563 5583 5614 5652 5666 5705 5719 5763 5733 5698 5625 5570 5538 5483 5473 5403 5396 5372 5340 5305 5274 5264 5236 5208 5214 5248 5237 5267 5257 5275 5284 5319 5285 5247 5183 5188 5201 5244 5263 5252 5241 5238 5310
-32768 -32768 -32768 -32768 3296 3316 3424 3533 3625 3797 3963 4086 4174 4223 4297 4379 4438 4523 4618 4713 4855 4903 5003 5025 5081 5139 5157 5203 5258 5316 5401 5453 5492 5573 5622 5586 5594 5615 5671 5702 5720 5741 5767 5818 5850 5845 5753 5706 5637 5591 5585 5534 5480 5462 5430 5408 5374 5353 5331 5328 5280 5281 5276 5313 5319 5326 5395 5398 5398 5376 5364 5385 5388 5369 5377 5376 5355 5338 5370 5384
-32768 -32768 -32768 -32768 3285 3375 3425 3561 3718 3772 3947 4125 4243 4299 4390 4486 4598 4696 4776 4896 4954 5053 5092 5119 5144 5178 5232 5269 5350 5383 5474 5526 5549 5531 5586 5585 5604 5707 5746 5754 5785 5808 5818 5847 5878 5862 5796 5750 5711 5692 5638 5601 5537 5511 5493 5467 5422 5405 5390 5385 5377 5374 5365 5385 5381 5461 5499 5479 5517 5486 5503 5499 5485 5491 5464 5469 5466 5473 5512 5520
-32768 -32768 -32768 -32768 -32768 3376 3460 3539 3713 3798 3991 4135 4288 4367 4501 4661 4789 4908 5045 5084 4980 5002 5107 5149 5176 5221 5339 5361 5388 5426 5508 5507 5516 5594 5547 5561 5651 5750 5780 5833 5826 5844 5864 5885 5907 5882 5833 5818 5778 5723 5696 5650 5600 5570 5543 5533 5488 5477 5441 5442 5424 5424 5449 5457 5503 5538 5577 5584 5609 5614 5618 5599 5601 5583 5583 5614 5608 5613 5627 5635
-32768 -32768 -32768 -32768 -32768 -32768 3447 3560 3730 3817 4005 4180 4292 4394 4560 4732 4873 4949 5140 5156 5076 5102 5066 5117 5170 5216 5357 5426 5436 5420 5459 5484 5519 5601 5678 5702 5667 5762 5831 5876 5878 5898 5901 5944 5927 5910 5861 5868 5838 5780 5738 5694 5660 5645 5615 5578 5554 5527 5512 5525 5522 5516 5519 5550 5579 5603 5623 5665 5715 5701 5684 5694 5674 5655 5667 5659 5675 5676 5692 5736
-32768 -32768 -32768 -32768 -32768 -32768 3396 3562 3700 3837 4003 4149 4347 4476 4599 4771 4895 4992 5031 5099 5112 5200 5124 5120 5151 5195 5323 5444 5436 5455 5444 5459 5513 5582 5636 5690 5769 5823 5864 5909 5932 5949 5965 5945 5944 5922 5894 5901 5871 5843 5800 5757 5710 5700 5656 5644 5635 5604 5585 5572 5577 5575 5605 5639 5642 5653 5706 5740 5773 5772 5780 5755 5732 5728 5712 5695 5720 5712 5757 5783
-32768 -32768 -32768 -32768 -32768 -32768 3494 3550 3802 3816 3988 4144 4363 4518 4654 4736 4760 4886 4951 5030 5149 5185 5214 5203 5222 5295 5385 5469 5442 5472 5465 5518 5634 5728 5737 5790 5847 5888 5905 5937 5956 5977 5986 5972 5972 5965 5931 5937 5888 5861 5848 5815 5780 5734 5711 5705 5666 5645 5639 5665 5660 5667 5669 5689 5714 5751 5769 5796 5811 5816 5828 5828 5818 5797 5809 5812 5790 5819 5804 5802
-32768 -32768 -32768 -32768 -32768 -32768 3635 3700 3720 3838 3989 4172 4358 4510 4566 4641 4730 4843 4990 5087 5175 5257 5244 5382 5338 5370 5434 5479 5487 5502 5549 5575 5703 5748 5784 5846 5884 5908 5949 5958 5979 5978 5996 6015 5997 5995 5978 5952 5936 5912 5887 5878 5849 5830 5768 5750 5724 5726 5700 5719 5725 5738 5732 5767 5780 5803 5819 5837 5869 5866 5899 5871 5894 5896 5888 5834 5828 5818 5809 5810
-32768 -32768 -32768 -32768 -32768 -32768 3573 3592 3727 3884 4169 4245 4396 4495 4614 4728 4849 4930 4921 4998 5108 5185 5314 5440 5427 5448 5523 5534 5558 5598 5621 5649 5735 5769 5814 5870 5906 5923 5952 5993 6011 6024 6011 6015 6018 5994 6010 5979 5954 5946 5926 5919 5908 5890 5862 5826 5818 5803 5792 5766 5770 5799 5800 5830 5856 5865 5893 5905 5903 5928 5946 5923 5908 5945 5949 5936 5929 5916 5890 5907
-32768 -32768 -32768 -32768 -32768 -32768 3512 3612 3834 3942 4165 4231 4388 4531 4661 4783 4805 4840 4908 4989 5061 5251 5338 5473 5486 5461 5553 5584 5598 5636 5686 5706 5749 5786 5823 5892 5917 5955 5976 6005 6033 6040 6051 6077 6053 6017 6022 5988 5984 5985 5958 5957 5943 5946 5931 5907 5914 5863 5849 5842 5864 5868 5889 5896 5895 5934 5937 5955 5962 5974 5981 5997 5992 5991 5992 5982 5995 5991 6000 6015
-32768 -32768 -32768 -32768 -32768 -32768 3520 3668 3850 3865 4064 4198 4351 4524 4660 4722 4780 4891 4943 5017 5117 5217 5364 5499 5501 5495 5570 5615 5647 5661 5688 5726 5752 5799 5850 5883 5935 5985 5998 6032 6055 6059 6071 6069 6088 6036 6045 6040 6027 6009 6001 6011 6009 6011 5975 5977 5951 5930 5933 5919 5917 5908 5934 5963 5965 5986 5981 6001 6018 6043 6045 6053 6058 6042 6048 6039 6053 6057 6049 6051
-32768 -32768 -32768 -32768 -32768 -32768 3526 3606 3711 3881 4077 4252 4362 4525 4645 4761 4879 4940 4987 5063 5188 5327 5435 5485 5484 5560 5600 5660 5651 5685 5684 5739 5784 5827 5869 5913 5952 6002 6006 6058 6051 6082 6099 6098 6109 6099 6058 6055 6071 6068 6055 6066 6045 6051 6040 6043 6025 6001 5984 5973 5977 5991 6002 6003 6025 6035 6055 6039 6060 6072 6101 6107 6103 6096 6102 6128 6100 6120 6118 6116
-32768 -32768 -32768 -32768 -32768 -32768 -32768 3592 3729 3890 4012 4112 4293 4484 4656 4785 4870 4933 5057 5177 5269 5363 5457 5445 5537 5606 5618 5653 5699 5718 5740 5767 5832 5848 5904 5933 5982 6001 6024 6060 6087 6095 6099 6095 6113 6097 6094 6112 6082 6084 6075 6077 6071 6083 6095 6109 6090 6064 6048 6036 6037 6040 6043 6041 6077 6073 6085 6100 6120 6109 6141 6154 6150 6149 6173 6163 6157 6148 6167 6154
-32768 -32768 -32768 -32768 -32768 -32768 -32768 3575 3709 3838 3980 4146 4349 4477 4627 4815 4911 4990 5103 5217 5253 5351 5376 5459 5574 5610 5629 5684 5697 5742 5772 5808 5824 5885 5921 5955 6011 6028 6038 6082 6123 6120 6127 6143 6138 6108 6119 6119 6117 6108 6121 6113 6088 6107 6103 6127 6120 6112 6098 6102 6098 6109 6108 6123 6117 6133 6149 6146 6158 6155 6158 6180 6164 6191 6212 6220 6212 6202 6194 6224
-32768 -32768 -32768 -32768 -32768 -32768 -32768 3581 3665 3838 3967 4161 4296 4465 4639 4792 4923 5001 5125 5164 5247 5318 5449 5541 5578 5621 5658 5701 5731 5740 5795 5832 5865 5901 5936 5956 6012 6037 6092 6112 6129 6136 6152 6164 6157 6130 6116 6105 6099 6109 6123 6118 6125 6142 6134 6140 6147 6140 6152 6104 6135 6141 6156 6158 6193 6179 6158 6144 6142 6159 6209 6199 6192 6230 6210 6215 6234 6245 6236 6240
-32768 -32768 -32768 -32768 -32768 -32768 -32768 3560 3646 3777 3946 4111 4279 4474 4610 4801 4924 4998 5126 5140 5327 5388 5474 5560 5598 5644 5675 5728 5737 5776 5825 5838 5906 5926 5944 6009 6028 6057 6105 6108 6147 6142 6158 6153 6162 6120 6131 6107 6117 6122 6131 6110 6110 6150 6160 6148 6166 6160 6177 6162 6192 6195 6199 6215 6239 6230 6211 6212 6225 6235 6256 6252 6261 6234 6214 6250 6214 6235 6250 6248
-32768 -32768 -32768 -32768 -32768 -32768 -32768 -32768 3623 3797 3968 4152 4344 4472 4578 4742 4828 5011 5132 5260 5384 5424 5509 5571 5602 5649 5686 5704 5752 5804 5841 5870 5916 5947 5971 5989 6051 6080 6092 6127 6143 6157 6158 6155 6132 6122 6123 6115 6110 6094 6117 6113 6111 6146 6172 6177 6184 6198 6213 6216 6221 6243 6257 6276 6286 6273 6282 6274 6293 6284 6251 6217 6188 6188 6211 6210 6226 6249 6285 6271
-32768 -32768 -32768 -32768 -32768 -32768 -32768 -32768 3635 3764 3955 4101 4293 4432 4596 4690 4901 5026 5112 5231 5356 5452 5480 5535 5594 5660 5698 5701 5778 5815 5855 5906 5946 5968 6003 6041 6065 6106 6124 6144 6152 6160 6177 6156 6150 6138 6114 6103 6106 6089 6114 6106 6135 6155 6176 6183 6184 6212 6214 6230 6241 6292 6298 6314 6307 6319 6315 6315 6284 6291 6216 6121 6135 6174 6235 6211 6252 6313 6314 6326
-32768 -32768 -32768 -32768 -32768 -32768 -32768 -32768 3646 3759 3892 4053 4250 4419 4551 4712 4867 4992 5088 5204 5344 5399 5474 5568 5604 5639 5705 5729 5794 5838 5881 5899 5965 6003 6015 6067 6097 6118 6152 6167 6188 6184 6185 6192 6185 6145 6102 6074 6062 6087 6106 6117 6148 6154 6165 6179 6201 6219 6255 6263 6269 6312 6336 6362 6355 6327 6316 6325 6258 6181 6127 6161 6262 6217 6300 6280 6306 6333 6349 6364
-32768 -32768 -32768 -32768 -32768 -32768 -32768 -32768 -32768 3710 3885 4017 4185 4349 4562 4784 4897 5017 5111 5252 5325 5443 5479 5545 5601 5677 5747 5765 5798 5831 5881 5907 5976 6005 6020 6070 6099 6135 6134 6172 6188 6209 6204 6214 6201 6145 6099 6031 6031 6086 6096 6117 6133 6152 6160 6194 6215 6219 6262 6270 6298 6331 6359 6391 6360 6312 6145 6153 6168 6321 6327 6239 6296 6356 6350 6350 6398 6400 6398 6397
