DATA/PredictorVariables/1_WorldClim_R/bio4.asc
NCOLS 166 
NROWS 105 
XLLCORNER -9.41666666666667 
YLLCORNER 35.1666666666667 
CELLSIZE 0.0833333333333333 
NODATA_value -32768 
[rows 35 to 69 of 105, columns 0 to 79 of 166]
-32768 -32768 -32768 -32768 -32768 -32768 -32768 -32768 -32768 3642 3848 4072 4258 4389 4565 4753 4896 4996 5125 5206 5280 5383 5499 5531 5562 5654 5730 5779 5826 5859 5916 5945 5991 6004 6054 6072 6124 6137 6162 6181 6195 6222 6240 6214 6228 6178 6066 6019 6054 6074 6106 6115 6138 6158 6164 6189 6230 6212 6251 6255 6286 6364 6402 6411 6350 6100 6055 6238 6324 6394 6400 6368 6371 6436 6436 6436 6446 6438 6451 6432
-32768 -32768 -32768 -32768 -32768 -32768 -32768 -32768 3411 3542 3794 4049 4302 4533 4662 4784 4877 5018 5146 5243 5295 5386 5487 5536 5603 5688 5749 5804 5847 5866 5932 5975 6002 6039 6059 6106 6131 6155 6176 6206 6226 6238 6232 6240 6218 6154 6116 6062 6068 6075 6131 6118 6140 6160 6185 6214 6221 6208 6223 6245 6287 6351 6371 6350 6259 6013 6254 6177 6265 6393 6479 6484 6482 6479 6475 6505 6482 6459 6455 6421
-32768 -32768 -32768 -32768 -32768 -32768 -32768 -32768 3346 3505 3703 3979 4343 4440 4636 4739 4857 5007 5138 5253 5330 5400 5484 5539 5594 5682 5763 5806 5850 5902 5936 5978 6006 6076 6079 6116 6140 6175 6178 6218 6224 6228 6247 6216 6183 6180 6143 6122 6110 6106 6123 6145 6141 6163 6181 6178 6205 6197 6203 6209 6252 6278 6256 6067 6060 6015 6122 6359 6481 6503 6542 6502 6518 6503 6529 6546 6518 6471 6471 6464
-32768 -32768 -32768 -32768 -32768 -32768 -32768 -32768 3256 3447 3676 3939 4181 4452 4596 4755 4865 5017 5121 5234 5319 5421 5508 5567 5636 5703 5763 5798 5863 5909 5922 5983 6025 6076 6099 6112 6159 6195 6209 6232 6236 6240 6224 6215 6214 6226 6177 6158 6156 6159 6151 6156 6145 6143 6126 6141 6157 6152 6157 6130 6180 6160 6177 6239 6374 6403 6472 6503 6477 6550 6586 6567 6557 6549 6566 6571 6509 6496 6500 6496
-32768 -32768 -32768 -32768 -32768 -32768 -32768 3162 3241 3454 3665 3901 4187 4446 4659 4804 4886 4997 5118 5246 5346 5422 5519 5596 5658 5698 5721 5778 5861 5902 5942 5987 6035 6085 6127 6146 6183 6194 6197 6213 6207 6228 6240 6252 6256 6229 6202 6179 6176 6184 6166 6153 6159 6136 6153 6168 6168 6164 6146 6144 6140 6182 6163 6366 6484 6446 6498 6560 6558 6613 6610 6581 6583 6585 6612 6575 6544 6546 6523 6509
-32768 -32768 -32768 -32768 -32768 -32768 -32768 3236 3326 3542 3720 3923 4173 4476 4673 4730 4882 4999 5129 5253 5347 5442 5521 5516 5566 5669 5729 5794 5875 5921 5963 6013 6073 6098 6141 6164 6168 6183 6169 6203 6245 6266 6277 6272 6248 6260 6237 6227 6240 6218 6191 6173 6196 6208 6196 6167 6167 6196 6244 6235 6316 6349 6341 6472 6516 6566 6574 6600 6572 6640 6663 6607 6615 6624 6601 6572 6583 6542 6535 6521
-32768 -32768 -32768 -32768 -32768 -32768 -32768 3291 3433 3625 3810 4009 4244 4490 4626 4741 4876 5017 5124 5259 5368 5407 5379 5491 5599 5708 5754 5819 5881 5936 5970 6026 6076 6102 6146 6183 6199 6215 6215 6262 6284 6304 6295 6314 6262 6267 6279 6289 6265 6201 6198 6187 6204 6191 6197 6252 6279 6339 6362 6429 6485 6473 6514 6563 6585 6584 6594 6626 6601 6661 6741 6681 6629 6624 6604 6592 6601 6563 6568 6551
-32768 -32768 -32768 -32768 -32768 -32768 3302 3370 3506 3723 3923 4071 4338 4505 4615 4757 4899 5064 5186 5287 5322 5302 5404 5600 5728 5771 5788 5856 5898 5911 5979 6047 6078 6123 6149 6163 6198 6233 6265 6300 6309 6333 6317 6290 6239 6246 6321 6304 6235 6226 6204 6220 6226 6249 6284 6305 6298 6296 6322 6487 6535 6570 6599 6637 6615 6631 6611 6630 6672 6695 6729 6701 6661 6625 6623 6617 6616 6615 6601 6591
-32768 -32768 -32768 -32768 -32768 -32768 3327 3443 3633 3805 3982 4161 4405 4555 4663 4799 4947 5070 5194 5314 5365 5353 5440 5660 5739 5800 5851 5876 5889 5931 5953 6024 6092 6115 6162 6193 6250 6267 6299 6291 6325 6350 6352 6263 6227 6266 6299 6288 6256 6230 6249 6266 6310 6309 6318 6395 6503 6496 6488 6524 6573 6612 6653 6667 6676 6693 6679 6672 6705 6736 6737 6722 6682 6667 6655 6635 6616 6638 6608 6605
-32768 -32768 -32768 -32768 -32768 -32768 3392 3512 3654 3824 4020 4240 4453 4571 4722 4840 4985 5116 5214 5254 5421 5530 5620 5703 5761 5845 5885 5924 5957 6028 6056 6054 6132 6178 6232 6238 6271 6289 6299 6306 6334 6339 6319 6347 6309 6261 6269 6281 6352 6336 6360 6417 6452 6460 6497 6526 6542 6546 6557 6616 6667 6682 6691 6714 6723 6736 6715 6722 6736 6762 6746 6751 6713 6691 6693 6687 6646 6640 6616 6603
-32768 -32768 -32768 -32768 -32768 -32768 3415 3527 3705 3872 4082 4318 4478 4596 4754 4899 5021 5129 5234 5342 5455 5556 5630 5722 5804 5870 5904 5953 6000 6044 6074 6118 6159 6174 6212 6258 6282 6290 6321 6342 6367 6359 6384 6376 6411 6416 6422 6446 6469 6475 6506 6495 6502 6527 6531 6545 6523 6615 6637 6677 6686 6717 6749 6743 6767 6754 6777 6781 6771 6776 6770 6728 6724 6704 6706 6674 6671 6650 6619 6621
-32768 -32768 -32768 -32768 -32768 -32768 3470 3595 3747 3911 4156 4363 4504 4676 4802 4939 5051 5153 5273 5392 5462 5591 5639 5784 5842 5892 5926 5986 6019 6052 6091 6127 6146 6168 6225 6255 6288 6305 6309 6349 6393 6419 6434 6439 6440 6445 6455 6473 6483 6498 6504 6529 6577 6577 6588 6609 6632 6645 6686 6699 6735 6750 6776 6804 6825 6837 6827 6807 6794 6790 6781 6762 6735 6731 6729 6697 6696 6647 6640 6623
-32768 -32768 -32768 -32768 -32768 3373 3477 3639 3816 3966 4210 4380 4517 4680 4815 4908 5045 5161 5273 5367 5499 5622 5739 5808 5876 5905 5947 5989 6041 6069 6093 6143 6167 6221 6235 6263 6299 6330 6365 6387 6434 6394 6428 6455 6442 6450 6486 6496 6534 6539 6545 6579 6585 6610 6622 6655 6687 6676 6715 6751 6776 6802 6837 6862 6873 6877 6858 6842 6803 6782 6789 6765 6747 6740 6718 6697 6701 6671 6653 6647
-32768 -32768 -32768 -32768 -32768 3359 3477 3668 3845 3995 4201 4350 4525 4668 4784 4916 5053 5165 5253 5380 5515 5621 5751 5862 5876 5888 5950 5970 6026 6076 6100 6129 6167 6197 6264 6302 6325 6352 6405 6422 6420 6421 6451 6453 6461 6495 6524 6559 6570 6560 6579 6599 6632 6629 6652 6676 6698 6724 6740 6765 6795 6832 6846 6883 6892 6892 6889 6878 6842 6813 6785 6793 6768 6760 6729 6741 6687 6688 6660 6660
-32768 -32768 -32768 -32768 3269 3372 3493 3679 3890 4089 4211 4329 4513 4661 4774 4925 5036 5164 5265 5372 5500 5622 5738 5792 5808 5868 5919 5975 6007 6053 6103 6140 6174 6237 6263 6289 6345 6380 6401 6428 6430 6476 6476 6491 6507 6551 6543 6567 6592 6592 6614 6616 6643 6682 6683 6698 6730 6747 6776 6791 6823 6845 6859 6897 6888 6871 6891 6865 6830 6827 6800 6791 6779 6766 6739 6727 6717 6696 6679 6663
-32768 -32768 -32768 -32768 3302 3401 3569 3709 3917 4075 4190 4308 4483 4659 4752 4905 5029 5142 5244 5338 5463 5549 5639 5742 5823 5868 5900 5968 5996 6031 6091 6168 6188 6233 6269 6310 6350 6388 6422 6450 6471 6494 6507 6530 6559 6560 6581 6609 6645 6622 6648 6672 6673 6680 6715 6733 6743 6765 6793 6808 6836 6842 6860 6869 6869 6868 6862 6869 6852 6838 6806 6808 6791 6769 6745 6739 6706 6712 6689 6658
-32768 -32768 -32768 -32768 3274 3405 3598 3788 4031 4106 4202 4306 4443 4613 4750 4901 5013 5133 5203 5293 5397 5492 5616 5714 5762 5823 5878 5945 5990 6053 6096 6140 6208 6250 6309 6339 6368 6403 6431 6477 6468 6512 6538 6552 6587 6602 6623 6638 6634 6660 6691 6709 6711 6715 6741 6745 6745 6767 6789 6810 6845 6844 6853 6851 6857 6867 6867 6861 6853 6853 6829 6815 6787 6773 6753 6725 6718 6704 6677 6661
-32768 -32768 -32768 3155 3286 3455 3732 3932 4023 4157 4206 4319 4450 4604 4736 4860 4975 5091 5193 5284 5415 5482 5585 5663 5742 5800 5865 5930 5977 6026 6100 6144 6207 6247 6298 6367 6375 6420 6456 6462 6496 6533 6551 6579 6605 6609 6629 6640 6657 6658 6699 6709 6731 6754 6757 6752 6768 6748 6806 6783 6794 6833 6835 6850 6853 6857 6865 6867 6859 6848 6821 6811 6788 6776 6750 6740 6716 6701 6676 6673
-32768 -32768 3005 3111 3336 3554 3769 3876 3971 4072 4197 4323 4472 4572 4674 4802 4904 5043 5160 5274 5373 5443 5533 5614 5680 5759 5825 5901 5983 6024 6091 6122 6195 6256 6293 6346 6403 6422 6486 6488 6519 6552 6567 6594 6626 6634 6668 6674 6666 6714 6721 6745 6770 6773 6797 6790 6794 6831 6839 6848 6866 6863 6876 6848 6821 6841 6857 6866 6845 6832 6827 6817 6803 6777 6751 6744 6717 6694 6671 6683
2680 2861 3009 3195 3399 3589 3690 3821 3958 4086 4184 4320 4492 4599 4709 4809 4949 5044 5155 5239 5340 5433 5500 5549 5613 5702 5779 5872 5961 6016 6081 6122 6198 6239 6282 6366 6400 6444 6482 6493 6536 6565 6590 6603 6638 6672 6692 6690 6723 6728 6739 6770 6764 6791 6790 6804 6837 6850 6858 6856 6863 6874 6878 6865 6875 6867 6859 6852 6845 6825 6821 6811 6809 6759 6750 6722 6703 6674 6659 6653
2761 2947 3124 3303 3460 3621 3722 3872 4005 4094 4220 4370 4487 4632 4725 4836 4931 5037 5123 5210 5291 5377 5461 5536 5578 5661 5762 5865 5920 6019 6066 6122 6185 6250 6302 6341 6395 6426 6469 6503 6531 6574 6580 6622 6625 6669 6672 6680 6723 6739 6753 6764 6765 6803 6826 6828 6858 6857 6858 6868 6895 6888 6880 6877 6880 6875 6872 6857 6854 6839 6832 6806 6762 6776 6753 6748 6706 6680 6662 6661
2936 3061 3215 3396 3601 3680 3795 3916 4037 4136 4285 4401 4526 4624 4717 4804 4905 4990 5084 5175 5264 5359 5445 5530 5597 5652 5746 5858 5922 5998 6039 6120 6178 6220 6289 6341 6402 6436 6472 6518 6544 6553 6578 6598 6639 6660 6684 6692 6739 6753 6766 6776 6818 6814 6845 6858 6860 6871 6876 6894 6888 6903 6870 6901 6872 6866 6866 6842 6852 6818 6804 6801 6801 6773 6739 6724 6727 6675 6680 6657
3063 3157 3341 3557 3639 3757 3861 3985 4090 4201 4306 4413 4537 4628 4720 4804 4912 4995 5072 5165 5268 5345 5427 5497 5583 5670 5766 5844 5926 5971 6034 6097 6142 6201 6256 6318 6363 6405 6458 6513 6533 6543 6576 6602 6633 6653 6675 6706 6735 6755 6777 6809 6848 6835 6864 6868 6868 6884 6899 6893 6907 6885 6867 6891 6866 6845 6845 6826 6824 6818 6813 6803 6788 6761 6770 6713 6722 6702 6685 6667
3158 3325 3500 3650 3777 3821 3927 4028 4143 4248 4340 4458 4538 4622 4718 4804 4879 4973 5071 5145 5239 5324 5403 5506 5585 5672 5753 5832 5909 5996 6019 6080 6127 6191 6231 6275 6325 6397 6448 6485 6496 6543 6579 6569 6633 6686 6681 6730 6758 6778 6799 6806 6826 6850 6864 6876 6887 6902 6903 6914 6914 6880 6896 6887 6851 6849 6830 6838 6841 6820 6818 6805 6788 6779 6768 6733 6727 6719 6712 6680
3335 3492 3650 3803 3885 3909 3991 4084 4203 4279 4370 4455 4534 4631 4718 4802 4872 4974 5064 5151 5235 5317 5405 5505 5580 5675 5753 5849 5925 5987 6016 6039 6080 6169 6223 6271 6327 6382 6430 6452 6497 6527 6562 6621 6644 6669 6708 6759 6772 6793 6785 6822 6846 6879 6900 6900 6898 6914 6914 6921 6919 6902 6898 6895 6869 6849 6833 6826 6818 6828 6810 6815 6810 6775 6771 6760 6746 6725 6712 6688
3441 3606 3757 3878 3900 4003 4081 4157 4232 4332 4403 4492 4579 4631 4731 4793 4892 4964 5054 5134 5212 5323 5420 5501 5576 5672 5769 5845 5923 6002 6027 6018 6069 6151 6204 6275 6316 6368 6433 6451 6510 6535 6583 6620 6658 6695 6702 6736 6765 6783 6802 6844 6860 6880 6896 6910 6900 6932 6936 6939 6917 6914 6910 6889 6864 6861 6842 6852 6847 6849 6844 6812 6799 6784 6786 6767 6748 6741 6701 6679
3527 3676 3833 3983 3924 4097 4134 4224 4282 4353 4437 4533 4599 4662 4766 4807 4909 4965 5052 5134 5226 5297 5417 5495 5553 5653 5726 5813 5886 5967 6008 6043 6074 6138 6187 6281 6336 6379 6421 6486 6525 6554 6603 6634 6681 6705 6709 6762 6765 6826 6827 6857 6860 6893 6903 6895 6909 6934 6936 6925 6927 6911 6899 6902 6897 6904 6866 6864 6849 6841 6837 6817 6788 6793 6779 6765 6741 6732 6728 6686
3543 3662 3871 3985 4068 4120 4186 4244 4323 4406 4470 4540 4609 4682 4748 4834 4922 4984 5031 5144 5211 5299 5405 5477 5554 5638 5704 5800 5893 5944 5993 6032 6080 6157 6201 6258 6320 6357 6401 6466 6543 6572 6637 6633 6664 6695 6750 6760 6817 6836 6853 6854 6853 6886 6894 6894 6915 6915 6932 6930 6949 6937 6932 6933 6911 6908 6900 6859 6853 6853 6845 6824 6794 6775 6788 6771 6723 6728 6719 6681
-32768 3739 3865 3972 4056 4137 4186 4265 4324 4405 4474 4541 4620 4715 4787 4862 4938 4978 5026 5110 5198 5271 5384 5462 5527 5597 5693 5770 5880 5940 6004 6025 6095 6147 6202 6255 6330 6377 6406 6471 6509 6585 6626 6630 6686 6701 6754 6760 6800 6838 6843 6848 6864 6887 6901 6908 6932 6915 6930 6946 6936 6956 6945 6942 6937 6918 6887 6885 6864 6879 6851 6844 6815 6813 6789 6776 6736 6703 6711 6666
-32768 -32768 3909 3955 4070 4148 4209 4227 4322 4403 4475 4560 4655 4738 4797 4857 4910 4959 5039 5117 5198 5292 5367 5455 5512 5587 5694 5749 5840 5919 5990 6053 6108 6159 6193 6272 6342 6343 6442 6455 6543 6586 6608 6624 6680 6728 6742 6781 6794 6831 6857 6862 6895 6893 6901 6913 6921 6927 6954 6964 6956 6955 6962 6908 6922 6928 6919 6885 6879 6868 6862 6864 6834 6818 6788 6767 6720 6696 6679 6611
-32768 -32768 3833 3948 4083 4137 4170 4225 4299 4383 4456 4544 4596 4707 4793 4845 4924 4987 5061 5128 5207 5283 5368 5430 5493 5554 5645 5734 5824 5898 5987 6045 6119 6160 6219 6257 6331 6350 6426 6442 6515 6559 6619 6655 6698 6713 6741 6797 6794 6804 6851 6859 6882 6909 6929 6929 6934 6939 6939 6952 6970 6979 6979 6947 6925 6906 6920 6936 6935 6909 6890 6844 6813 6784 6751 6733 6717 6685 6602 6567
-32768 -32768 -32768 -32768 -32768 -32768 -32768 4232 4297 4348 4436 4535 4612 4684 4793 4864 4942 5002 5080 5148 5229 5294 5358 5422 5495 5542 5634 5721 5797 5871 5964 6024 6058 6123 6188 6257 6331 6370 6426 6480 6494 6574 6587 6644 6681 6714 6764 6779 6788 6804 6842 6862 6882 6904 6915 6921 6934 6947 6937 6947 6953 6930 6932 6945 6942 6875 6916 6915 6892 6893 6881 6849 6797 6741 6709 6702 6661 6621 6540 6522
-32768 -32768 -32768 -32768 -32768 -32768 -32768 4227 4274 4390 4451 4513 4586 4683 4758 4864 4941 5039 5101 5168 5252 5294 5351 5395 5460 5547 5599 5686 5754 5828 5923 5959 6028 6085 6145 6244 6281 6336 6393 6467 6498 6574 6592 6625 6665 6710 6738 6747 6776 6808 6823 6859 6869 6874 6889 6919 6928 6938 6924 6938 6952 6958 6911 6939 6938 6901 6883 6881 6841 6843 6808 6744 6697 6696 6712 6662 6621 6520 6590 6635
-32768 -32768 -32768 -32768 -32768 -32768 -32768 4198 4278 4386 4453 4523 4583 4655 4762 4830 4930 5013 5108 5186 5239 5291 5346 5377 5453 5530 5582 5639 5706 5780 5879 5959 6033 6100 6163 6180 6275 6348 6381 6433 6479 6560 6564 6624 6628 6660 6706 6739 6781 6807 6823 6836 6857 6870 6886 6891 6914 6911 6905 6923 6913 6953 6892 6901 6890 6851 6901 6807 6753 6744 6734 6669 6674 6699 6681 6631 6561 6596 6598 6595
-32768 -32768 -32768 -32768 -32768 -32768 -32768 4145 4274 4395 4433 4516 4563 4639 4737 4822 4937 5037 5108 5173 5204 5242 5302 5377 5420 5473 5521 5616 5688 5773 5848 5947 6011 6075 6135 6209 6257 6321 6371 6404 6473 6523 6559 6604 6626 6632 6676 6686 6736 6761 6798 6815 6824 6828 6848 6831 6861 6858 6863 6804 6814 6823 6817 6828 6817 6820 6768 6740 6714 6747 6644 6629 6653 6600 6584 6608 6590 6597 6715 6553
