DATA/PredictorVariables/1_WorldClim_R/bio5.asc
NCOLS 166 
NROWS 105 
XLLCORNER -9.41666666666667 
YLLCORNER 35.1666666666667 
CELLSIZE 0.0833333333333333 
NODATA_value -32768 
[rows 0 to 37 of 105, columns 0 to 84 of 166]
-32768.000000000000000 -32768 -32768 -32768 -32768 -32768 -32768 -32768 -32768 -32768 -32768 -32768 -32768 -32768 -32768 -32768 -32768 -32768 -32768 -32768 -32768 -32768 -32768 -32768 -32768 -32768 -32768 -32768 -32768 -32768 -32768 -32768 -32768 -32768 -32768 -32768 -32768 -32768 -32768 -32768 -32768 -32768 -32768 -32768 -32768 -32768 -32768 -32768 -32768 -32768 -32768 -32768 -32768 -32768 -32768 -32768 -32768 -32768 -32768 -32768 -32768 -32768 -32768 -32768 -32768 -32768 -32768 -32768 -32768 -32768 -32768 -32768 -32768 -32768 -32768 -32768 -32768 -32768 -32768 -32768 -32768 -32768 -32768 -32768 -32768
-32768 -32768 -32768 -32768 -32768 -32768 -32768 -32768 -32768 -32768 -32768 -32768 -32768 -32768 -32768 -32768 -32768 -32768 227 -32768 232 234 -32768 -32768 -32768 -32768 -32768 -32768 -32768 -32768 -32768 -32768 -32768 -32768 -32768 -32768 -32768 -32768 -32768 -32768 -32768 -32768 -32768 -32768 -32768 -32768 -32768 -32768 -32768 -32768 -32768 -32768 -32768 -32768 -32768 -32768 -32768 -32768 -32768 -32768 -32768 -32768 -32768 -32768 -32768 -32768 -32768 -32768 -32768 -32768 -32768 -32768 -32768 -32768 -32768 -32768 -32768 -32768 -32768 -32768 -32768 -32768 -32768 -32768 -32768
-32768 -32768 -32768 -32768 -32768 -32768 -32768 -32768 -32768 -32768 -32768 -32768 -32768 -32768 -32768 -32768 226 221 230 230 230 233 234 237 239 -32768 -32768 -32768 -32768 -32768 -32768 -32768 -32768 -32768 -32768 -32768 -32768 -32768 -32768 -32768 -32768 -32768 -32768 -32768 -32768 -32768 -32768 -32768 -32768 -32768 -32768 -32768 -32768 -32768 -32768 -32768 -32768 -32768 -32768 -32768 -32768 -32768 -32768 -32768 -32768 -32768 -32768 -32768 -32768 -32768 -32768 -32768 -32768 -32768 -32768 -32768 -32768 -32768 -32768 -32768 -32768 -32768 -32768 -32768 -32768
-32768 -32768 -32768 -32768 -32768 -32768 -32768 -32768 -32768 -32768 -32768 -32768 -32768 -32768 229 227 227 226 230 226 226 232 228 230 235 241 -32768 -32768 -32768 -32768 -32768 -32768 -32768 -32768 -32768 -32768 -32768 -32768 241 -32768 238 236 233 231 231 -32768 -32768 -32768 -32768 -32768 -32768 -32768 -32768 -32768 -32768 -32768 -32768 -32768 -32768 -32768 -32768 -32768 -32768 -32768 -32768 -32768 -32768 -32768 -32768 -32768 -32768 -32768 -32768 -32768 -32768 -32768 -32768 -32768 -32768 -32768 -32768 -32768 -32768 -32768 -32768
-32768 -32768 -32768 -32768 -32768 -32768 -32768 -32768 -32768 -32768 -32768 -32768 -32768 226 228 228 228 228 225 223 225 228 224 235 240 241 241 242 245 245 244 243 246 242 244 243 240 238 239 239 238 237 235 232 231 230 230 230 232 232 -32768 -32768 -32768 -32768 -32768 -32768 -32768 -32768 -32768 -32768 -32768 -32768 -32768 -32768 -32768 -32768 -32768 -32768 -32768 224 223 -32768 -32768 -32768 -32768 -32768 -32768 -32768 -32768 -32768 -32768 -32768 -32768 -32768 -32768
-32768 -32768 -32768 -32768 -32768 -32768 -32768 -32768 -32768 -32768 -32768 -32768 -32768 227 230 228 225 225 228 225 222 220 221 228 237 241 238 244 244 239 237 237 242 234 239 241 238 234 240 242 239 237 237 236 234 232 231 233 232 232 231 234 235 235 236 238 238 -32768 -32768 -32768 -32768 -32768 -32768 230 229 227 226 225 225 223 225 225 -32768 -32768 -32768 -32768 -32768 226 227 229 234 -32768 -32768 -32768 -32768
-32768 -32768 -32768 -32768 -32768 -32768 225 228 -32768 -32768 -32768 227 228 230 232 230 228 228 226 229 228 229 226 230 232 236 241 241 235 229 234 239 237 234 241 236 233 239 243 243 244 243 240 239 238 236 236 235 235 235 237 237 233 233 231 227 231 233 236 235 235 233 230 230 231 228 227 225 226 224 224 227 224 224 227 228 228 228 229 229 233 234 237 241 -32768
-32768 -32768 -32768 -32768 -32768 225 227 227 227 228 229 229 231 233 234 233 230 226 228 231 233 234 236 235 237 237 242 234 232 234 242 239 230 232 240 243 243 239 242 241 241 242 244 243 241 240 236 235 236 232 235 236 231 225 226 230 226 231 230 233 230 230 231 228 229 228 227 223 220 221 222 226 223 223 223 226 227 230 231 234 236 236 236 240 241
-32768 -32768 225 225 226 225 227 228 230 230 228 231 233 235 236 233 232 230 232 233 236 237 240 241 240 237 240 237 236 241 245 235 229 239 243 242 233 236 234 234 242 227 240 246 241 239 239 237 236 226 231 232 222 198 210 203 207 228 223 226 229 229 226 228 230 227 226 225 218 211 219 224 225 224 227 229 229 229 234 236 237 235 237 239 240
-32768 -32768 226 226 224 226 225 226 229 230 233 235 236 237 235 232 232 232 234 235 237 241 242 242 240 237 241 233 238 236 243 237 233 240 242 233 223 235 227 232 228 239 239 244 237 239 238 230 224 228 224 218 226 213 206 212 230 235 230 214 221 224 223 224 229 223 227 224 214 211 215 218 223 230 230 232 232 234 235 237 234 238 241 242 241
-32768 224 225 224 222 224 226 228 230 234 237 241 241 241 239 237 234 230 233 238 239 242 243 242 241 238 237 243 242 248 247 236 229 239 228 229 211 210 215 205 216 210 234 242 220 217 223 216 212 224 216 223 226 216 216 204 206 215 222 217 204 212 222 223 224 223 224 222 222 225 225 226 225 227 225 227 235 236 231 224 234 235 243 246 242
-32768 226 226 222 223 224 227 230 233 237 241 245 246 244 241 240 235 234 234 238 238 241 246 248 247 241 242 242 250 249 241 240 232 230 224 217 225 225 225 221 227 226 221 227 230 225 230 222 228 237 229 228 230 231 222 209 206 211 220 225 208 214 227 228 228 228 227 226 227 229 232 231 230 230 230 229 231 234 236 235 240 241 239 238 231
-32768 227 -32768 226 222 225 229 231 236 240 243 247 248 247 245 245 242 241 239 239 243 247 250 252 250 247 242 248 250 241 229 220 221 231 229 231 226 215 221 217 217 229 239 226 238 240 242 235 243 243 235 239 232 236 225 224 223 223 231 234 232 231 232 232 232 230 233 231 233 230 232 235 234 232 231 234 234 234 236 242 246 247 248 248 248
-32768 -32768 -32768 227 227 230 233 229 235 240 243 246 248 249 243 242 240 238 242 240 243 250 247 249 254 244 242 245 243 239 220 232 240 249 247 234 221 221 223 233 242 248 250 252 248 256 257 252 254 252 249 248 244 246 239 235 240 239 237 238 239 240 239 236 238 237 233 235 233 230 234 235 240 241 240 236 244 241 246 247 245 245 243 245 241
-32768 -32768 -32768 230 228 224 230 232 236 238 241 245 242 244 243 239 240 237 236 244 251 246 246 250 250 242 232 231 236 243 237 249 257 256 257 249 247 249 247 243 245 252 259 261 260 266 266 262 264 258 259 255 254 251 247 246 246 246 244 246 245 244 241 239 239 239 238 239 236 233 236 243 238 240 237 240 250 252 252 250 251 251 246 250 252
-32768 -32768 -32768 -32768 229 227 232 234 234 237 238 239 236 231 242 241 238 237 236 248 253 251 254 261 254 242 243 239 233 245 253 261 267 269 267 266 264 259 252 257 262 263 267 269 270 275 274 271 269 266 265 260 261 256 253 253 252 253 251 251 252 250 246 245 243 242 241 240 238 239 243 248 248 247 247 246 249 252 256 252 247 246 252 253 254
-32768 -32768 -32768 -32768 230 230 233 233 234 235 237 238 237 233 236 240 237 236 242 248 256 257 265 265 262 254 251 241 240 248 262 269 274 273 270 256 248 247 251 262 267 269 274 276 277 279 278 277 274 272 268 266 267 262 259 260 258 257 257 256 256 256 254 253 252 249 245 245 244 246 247 245 246 248 249 250 256 259 260 263 264 264 266 267 267
-32768 -32768 -32768 -32768 230 230 231 231 231 235 237 236 229 236 243 248 251 253 254 255 258 262 264 260 260 262 263 249 256 261 267 270 260 247 250 240 238 252 262 269 273 274 278 279 280 281 282 280 278 275 272 271 271 268 265 265 265 264 263 263 262 260 259 258 257 253 251 251 250 249 247 247 249 249 252 255 257 261 262 265 269 269 273 276 278
-32768 -32768 -32768 -32768 -32768 231 231 232 232 235 238 241 231 235 249 259 259 263 266 266 252 248 255 258 249 249 268 271 255 252 263 247 244 249 229 227 238 255 263 269 275 279 281 282 282 283 284 282 280 278 276 276 275 273 270 270 270 269 268 267 267 266 265 263 260 257 257 257 256 253 250 249 245 247 251 248 249 256 259 268 268 261 269 273 277
-32768 -32768 -32768 -32768 -32768 -32768 231 232 232 237 239 240 238 232 247 264 264 261 268 267 256 254 243 240 240 233 258 263 253 238 235 231 232 240 251 246 236 248 264 273 277 281 283 284 284 285 286 283 281 281 280 280 279 277 276 274 274 274 273 272 271 270 268 265 261 262 262 261 258 255 253 251 246 241 240 239 248 239 250 264 256 251 260 260 257
-32768 -32768 -32768 -32768 -32768 -32768 232 234 235 238 244 251 244 243 256 264 263 264 261 261 258 261 243 230 226 220 240 259 247 239 224 212 217 229 230 236 249 256 267 274 278 280 283 285 286 286 287 284 284 284 284 283 281 281 280 279 278 278 278 277 274 273 270 267 268 267 265 264 262 259 256 250 240 237 229 230 233 230 246 252 249 260 254 261 252
-32768 -32768 -32768 -32768 -32768 -32768 230 234 232 244 249 255 250 266 258 250 243 249 250 252 259 258 253 242 233 238 250 257 243 233 221 225 247 255 255 256 262 269 275 277 280 283 284 287 287 288 288 287 287 286 286 285 283 284 283 283 283 282 282 278 274 274 272 273 270 270 268 266 263 260 256 258 256 251 250 249 245 252 250 240 247 253 247 242 250
-32768 -32768 -32768 -32768 -32768 -32768 225 228 238 245 251 254 261 242 227 219 229 241 251 256 259 261 255 268 253 252 257 252 246 240 234 234 258 263 265 267 270 274 278 281 283 285 286 287 288 289 289 289 288 289 288 287 287 287 286 287 287 286 285 281 280 280 277 274 272 272 271 269 268 266 263 259 262 262 255 241 237 236 229 234 233 234 236 246 256
-32768 -32768 -32768 -32768 -32768 -32768 228 236 240 244 236 246 243 219 234 242 251 249 238 237 247 253 262 278 267 262 267 263 259 259 256 246 267 269 268 267 273 276 278 281 284 286 288 289 290 290 290 290 290 290 289 288 289 289 289 288 286 283 286 286 283 280 277 274 272 272 271 269 267 266 262 260 257 264 262 260 258 253 242 249 240 251 252 260 252
-32768 -32768 -32768 -32768 -32768 -32768 233 235 234 241 235 252 255 250 253 255 239 226 228 231 235 258 265 280 272 262 271 272 265 266 269 269 278 275 277 274 273 272 273 276 280 285 287 289 290 291 292 292 292 291 291 290 290 288 287 286 286 286 289 286 283 280 277 275 273 272 272 270 269 269 267 265 263 262 263 262 260 261 261 265 267 269 269 272 271
-32768 -32768 -32768 -32768 -32768 -32768 233 232 232 247 249 256 257 253 236 229 221 240 234 240 242 253 268 284 275 265 276 277 278 272 266 276 284 277 281 279 276 279 281 280 281 286 289 291 291 293 292 292 291 292 292 290 288 287 287 287 289 291 289 285 284 281 279 277 276 276 275 274 274 273 272 271 271 269 267 266 267 265 266 267 268 269 276 277 274
-32768 -32768 -32768 -32768 -32768 -32768 232 236 242 244 248 249 257 256 252 251 258 248 239 241 254 269 280 278 268 276 284 287 281 272 261 276 278 282 284 278 277 279 282 285 285 287 289 291 292 293 294 293 293 292 290 289 289 289 288 290 293 290 288 286 285 282 280 278 277 280 280 279 277 277 276 274 274 273 272 272 272 271 273 272 271 274 276 278 278
-32768 -32768 -32768 -32768 -32768 -32768 -32768 238 240 245 251 259 263 266 261 261 242 241 249 263 267 278 283 263 278 287 293 294 286 276 272 274 282 285 285 282 282 281 283 284 286 289 290 291 293 294 292 292 292 292 293 292 291 290 290 294 294 291 290 288 285 284 284 283 280 281 278 278 278 278 276 276 276 276 276 274 276 276 276 277 279 278 277 278 279
-32768 -32768 -32768 -32768 -32768 -32768 -32768 238 240 247 252 257 257 264 267 258 261 266 268 278 261 267 258 267 286 295 298 294 287 283 284 284 290 289 288 284 282 285 286 288 286 289 291 292 295 295 294 294 294 295 295 295 293 294 295 296 295 294 288 286 284 281 281 281 280 277 275 276 275 272 273 271 275 277 278 279 279 278 279 281 280 279 278 280 276
-32768 -32768 -32768 -32768 -32768 -32768 -32768 239 241 245 251 254 260 264 265 263 266 283 273 255 255 258 269 280 282 285 298 294 282 272 288 292 293 291 290 286 285 288 286 287 289 290 292 294 295 295 294 295 296 297 296 296 296 295 294 295 294 292 287 285 283 281 280 280 279 278 272 267 266 268 274 274 273 275 274 275 277 278 279 279 280 281 281 279 275
-32768 -32768 -32768 -32768 -32768 -32768 -32768 239 241 246 251 256 260 262 268 264 271 283 270 239 268 267 272 284 295 296 295 291 293 287 293 292 284 280 282 287 290 288 286 286 287 289 290 292 292 292 293 293 293 294 294 294 294 293 292 294 294 291 290 289 287 285 283 281 280 280 274 269 271 274 274 274 273 270 269 268 268 269 275 277 275 275 277 278 276
-32768 -32768 -32768 -32768 -32768 -32768 -32768 -32768 241 244 249 252 254 261 269 273 280 266 256 278 287 275 289 279 293 283 284 298 298 294 298 290 282 284 289 293 289 288 287 287 287 287 288 288 288 289 290 292 294 292 293 294 294 295 295 294 292 291 290 289 288 285 283 281 280 278 277 273 276 274 270 264 260 261 260 262 264 268 272 273 275 274 274 273 276
-32768 -32768 -32768 -32768 -32768 -32768 -32768 -32768 241 245 250 254 257 263 267 275 264 262 263 291 290 288 297 295 290 278 280 301 297 290 293 287 287 287 289 285 285 288 289 290 288 287 286 287 289 289 288 290 292 293 293 294 294 294 294 292 291 289 289 288 286 284 283 281 279 278 276 273 273 272 263 247 247 254 259 257 264 274 274 277 279 273 273 273 276
-32768 -32768 -32768 -32768 -32768 -32768 -32768 -32768 242 245 251 255 259 262 269 271 273 278 276 289 288 288 291 290 293 295 296 304 292 290 294 294 290 284 285 286 286 286 287 290 291 291 291 292 292 291 290 290 291 293 293 293 293 293 293 290 290 287 288 287 284 282 282 280 276 272 272 270 266 256 248 251 261 257 266 265 269 274 276 280 280 275 273 273 270
-32768 -32768 -32768 -32768 -32768 -32768 -32768 -32768 -32768 244 248 255 260 264 264 254 261 246 254 274 269 275 273 272 277 287 289 302 300 300 299 299 290 286 286 286 287 286 287 289 290 292 293 294 294 293 291 289 289 291 292 292 291 292 291 289 289 286 285 284 282 282 279 276 272 268 254 253 254 270 270 258 267 275 273 271 280 281 281 282 279 277 274 272 271
-32768 -32768 -32768 -32768 -32768 -32768 -32768 -32768 -32768 242 246 251 255 260 264 262 249 243 250 253 254 267 279 270 265 277 292 298 291 291 296 289 287 287 288 288 286 287 289 288 289 292 294 294 295 295 293 292 290 290 290 290 289 289 288 288 288 285 283 281 281 281 280 274 269 251 242 259 271 276 279 274 275 281 281 282 284 287 285 283 280 276 275 275 273
-32768 -32768 -32768 -32768 -32768 -32768 -32768 -32768 235 239 245 250 252 244 248 255 268 270 269 262 261 262 270 267 265 277 291 293 287 283 287 291 286 285 286 288 289 291 291 291 291 293 292 293 293 292 291 292 291 290 289 287 287 287 288 288 287 285 281 278 279 279 277 271 264 241 263 256 263 277 285 289 288 285 286 289 288 285 281 280 281 280 278 275 273
-32768 -32768 -32768 -32768 -32768 -32768 -32768 -32768 231 238 245 251 248 257 256 262 276 277 273 271 271 272 271 272 267 279 288 287 290 285 282 286 288 286 285 287 290 291 291 292 291 291 290 289 287 288 293 292 291 290 288 285 283 283 286 283 285 282 278 275 274 274 267 250 248 240 250 272 284 289 295 293 288 288 290 292 289 284 283 283 286 285 279 278 279
