DATA/PredictorVariables/1_WorldClim_R/bio6.asc
NCOLS 166 
NROWS 105 
XLLCORNER -9.41666666666667 
YLLCORNER 35.1666666666667 
CELLSIZE 0.0833333333333333 
NODATA_value -32768 
[rows 0 to 41 of 105, columns 0 to 93 of 166]
-32768.000000000000000 -32768 -32768 -32768 -32768 -32768 -32768 -32768 -32768 -32768 -32768 -32768 -32768 -32768 -32768 -32768 -32768 -32768 -32768 -32768 -32768 -32768 -32768 -32768 -32768 -32768 -32768 -32768 -32768 -32768 -32768 -32768 -32768 -32768 -32768 -32768 -32768 -32768 -32768 -32768 -32768 -32768 -32768 -32768 -32768 -32768 -32768 -32768 -32768 -32768 -32768 -32768 -32768 -32768 -32768 -32768 -32768 -32768 -32768 -32768 -32768 -32768 -32768 -32768 -32768 -32768 -32768 -32768 -32768 -32768 -32768 -32768 -32768 -32768 -32768 -32768 -32768 -32768 -32768 -32768 -32768 -32768 -32768 -32768 -32768 -32768 -32768 -32768 -32768 -32768 -32768 -32768 -32768 -32768
-32768 -32768 -32768 -32768 -32768 -32768 -32768 -32768 -32768 -32768 -32768 -32768 -32768 -32768 -32768 -32768 -32768 -32768 59 -32768 60 64 -32768 -32768 -32768 -32768 -32768 -32768 -32768 -32768 -32768 -32768 -32768 -32768 -32768 -32768 -32768 -32768 -32768 -32768 -32768 -32768 -32768 -32768 -32768 -32768 -32768 -32768 -32768 -32768 -32768 -32768 -32768 -32768 -32768 -32768 -32768 -32768 -32768 -32768 -32768 -32768 -32768 -32768 -32768 -32768 -32768 -32768 -32768 -32768 -32768 -32768 -32768 -32768 -32768 -32768 -32768 -32768 -32768 -32768 -32768 -32768 -32768 -32768 -32768 -32768 -32768 -32768 -32768 -32768 -32768 -32768 -32768 -32768
-32768 -32768 -32768 -32768 -32768 -32768 -32768 -32768 -32768 -32768 -32768 -32768 -32768 -32768 -32768 -32768 60 48 61 58 55 57 55 58 59 -32768 -32768 -32768 -32768 -32768 -32768 -32768 -32768 -32768 -32768 -32768 -32768 -32768 -32768 -32768 -32768 -32768 -32768 -32768 -32768 -32768 -32768 -32768 -32768 -32768 -32768 -32768 -32768 -32768 -32768 -32768 -32768 -32768 -32768 -32768 -32768 -32768 -32768 -32768 -32768 -32768 -32768 -32768 -32768 -32768 -32768 -32768 -32768 -32768 -32768 -32768 -32768 -32768 -32768 -32768 -32768 -32768 -32768 -32768 -32768 -32768 -32768 -32768 -32768 -32768 -32768 -32768 -32768 -32768
-32768 -32768 -32768 -32768 -32768 -32768 -32768 -32768 -32768 -32768 -32768 -32768 -32768 -32768 69 63 59 53 57 47 44 52 42 42 49 56 -32768 -32768 -32768 -32768 -32768 -32768 -32768 -32768 -32768 -32768 -32768 -32768 53 -32768 56 56 55 56 59 -32768 -32768 -32768 -32768 -32768 -32768 -32768 -32768 -32768 -32768 -32768 -32768 -32768 -32768 -32768 -32768 -32768 -32768 -32768 -32768 -32768 -32768 -32768 -32768 -32768 -32768 -32768 -32768 -32768 -32768 -32768 -32768 -32768 -32768 -32768 -32768 -32768 -32768 -32768 -32768 -32768 -32768 -32768 -32768 -32768 -32768 -32768 -32768 -32768
-32768 -32768 -32768 -32768 -32768 -32768 -32768 -32768 -32768 -32768 -32768 -32768 -32768 65 66 62 58 52 43 36 37 39 31 46 51 51 49 48 52 50 50 46 50 43 47 45 41 38 42 45 48 51 52 51 56 56 51 50 55 52 -32768 -32768 -32768 -32768 -32768 -32768 -32768 -32768 -32768 -32768 -32768 -32768 -32768 -32768 -32768 -32768 -32768 -32768 -32768 66 64 -32768 -32768 -32768 -32768 -32768 -32768 -32768 -32768 -32768 -32768 -32768 -32768 -32768 -32768 -32768 -32768 -32768 -32768 -32768 -32768 -32768 -32768 -32768
-32768 -32768 -32768 -32768 -32768 -32768 -32768 -32768 -32768 -32768 -32768 -32768 -32768 66 67 56 46 41 43 36 28 22 21 30 41 46 38 46 45 35 30 28 38 22 30 35 29 20 35 43 37 36 43 46 46 39 37 47 44 42 39 48 51 50 54 57 58 -32768 -32768 -32768 -32768 -32768 -32768 63 63 64 66 67 66 62 64 63 -32768 -32768 -32768 -32768 -32768 60 60 58 66 -32768 -32768 -32768 -32768 -32768 -32768 -32768 -32768 -32768 -32768 -32768 -32768 45
-32768 -32768 -32768 -32768 -32768 -32768 68 75 -32768 -32768 -32768 67 69 67 64 55 45 41 36 37 34 31 25 27 28 31 38 36 23 12 18 26 21 15 26 17 10 23 33 35 41 43 37 40 40 36 36 36 37 38 46 46 36 35 33 26 37 45 52 55 57 56 54 57 62 61 62 59 62 56 57 60 54 54 59 60 61 61 60 55 59 58 59 63 -32768 -32768 -32768 -32768 -32768 59 48 52 47 45
-32768 -32768 -32768 -32768 -32768 70 71 69 65 65 64 63 66 65 63 53 44 34 35 36 36 35 35 30 30 28 34 19 13 14 25 19 4 5 17 22 21 13 19 17 18 24 32 31 31 26 16 14 22 12 21 29 15 6 11 21 15 31 29 40 38 42 45 43 50 51 51 42 34 38 41 50 43 42 42 51 50 61 58 58 57 55 51 55 54 59 60 61 59 57 50 37 39 30
-32768 -32768 75 73 72 68 68 66 66 61 51 52 55 59 56 46 41 35 35 34 36 35 35 34 29 23 25 18 13 18 23 7 -2 9 15 12 -2 2 -2 -4 10 -12 9 24 11 7 12 8 5 -12 1 4 -13 -43 -25 -33 -27 13 4 14 23 28 21 30 40 34 35 34 14 0 21 36 38 35 42 47 46 43 54 55 51 43 43 45 44 45 44 44 52 39 38 20 32 24
-32768 -32768 77 73 67 65 59 55 55 50 49 50 47 47 43 38 37 34 35 33 33 35 34 31 25 18 21 8 11 8 15 5 -3 4 7 -7 -19 -6 -17 -11 -17 -4 -4 7 -3 -3 -3 -16 -22 -16 -21 -27 -15 -31 -38 -28 0 15 8 -19 -4 4 6 9 26 13 24 19 -4 -9 0 7 20 38 37 43 42 43 43 44 32 38 41 40 36 34 34 37 38 22 14 11 23 23
-32768 74 73 69 60 59 56 54 51 51 49 51 49 46 45 41 36 29 30 33 31 32 30 25 22 14 11 15 12 18 15 -1 -11 -1 -14 -15 -34 -36 -34 -44 -35 -41 -16 -7 -33 -36 -30 -37 -41 -29 -36 -27 -23 -33 -32 -44 -39 -27 -15 -21 -37 -25 -8 -2 2 2 5 3 4 12 14 15 14 18 14 17 36 37 20 3 21 20 34 37 26 35 40 34 18 19 3 3 2 -3
-32768 77 74 64 60 58 57 57 55 54 52 50 47 44 43 42 35 32 28 30 26 26 30 29 25 15 13 10 17 14 2 -1 -11 -15 -23 -31 -25 -26 -28 -33 -28 -31 -36 -31 -29 -33 -29 -36 -31 -20 -27 -27 -24 -21 -30 -43 -45 -39 -26 -18 -38 -29 -8 -3 0 2 2 3 6 13 21 18 14 13 12 11 15 18 21 14 22 22 15 11 0 12 19 11 -1 1 6 7 5 3
-32768 80 -32768 70 59 60 62 59 62 63 53 46 49 47 45 46 42 37 32 27 28 29 29 29 24 18 9 14 13 1 -13 -24 -25 -18 -21 -21 -27 -38 -34 -39 -40 -31 -24 -36 -27 -25 -23 -29 -21 -19 -27 -21 -27 -21 -31 -32 -31 -29 -17 -12 -11 -10 -6 -5 -2 -4 4 3 9 6 11 17 13 9 6 12 10 8 10 20 24 23 21 18 16 5 6 5 3 -9 3 12 7 2
-32768 -32768 -32768 74 71 71 72 55 62 63 62 55 54 51 42 42 37 30 30 25 25 29 22 20 24 10 5 6 2 -5 -24 -16 -10 -4 -8 -21 -34 -36 -35 -29 -24 -20 -19 -19 -23 -16 -15 -18 -15 -16 -17 -15 -19 -15 -21 -24 -17 -16 -17 -12 -9 -5 -4 -7 -1 1 -4 1 0 -4 5 6 16 18 15 5 21 13 19 18 12 10 5 5 -2 -6 -2 -1 -11 -6 -2 9 10 7
-32768 -32768 -32768 79 73 59 67 64 70 63 56 55 42 42 39 33 32 25 20 25 28 20 17 18 15 5 -6 -10 -8 -5 -12 -3 2 -1 -1 -10 -14 -15 -19 -24 -24 -20 -16 -15 -18 -13 -12 -14 -9 -15 -12 -13 -12 -15 -18 -17 -16 -13 -14 -8 -8 -6 -9 -9 -7 -5 -5 -1 -4 -8 -2 13 4 6 0 4 22 23 21 15 13 10 1 4 5 3 1 3 9 12 7 7 0 -1
-32768 -32768 -32768 -32768 77 68 76 74 66 65 52 43 34 27 35 32 26 21 17 25 26 21 21 26 15 3 1 -5 -13 -5 0 5 9 8 4 2 -2 -9 -18 -15 -13 -14 -13 -13 -15 -9 -9 -9 -8 -10 -8 -13 -9 -14 -16 -14 -14 -10 -11 -9 -5 -5 -9 -8 -9 -8 -8 -7 -8 -6 2 12 12 11 9 6 11 15 18 9 0 -3 1 2 1 2 10 9 7 11 14 12 2 -1
-32768 -32768 -32768 -32768 79 79 80 76 73 64 53 43 36 27 27 27 22 18 20 21 25 23 28 26 20 10 6 -6 -9 -5 6 11 13 9 3 -11 -19 -23 -21 -14 -11 -12 -9 -10 -11 -9 -6 -6 -7 -7 -10 -11 -8 -12 -14 -11 -12 -11 -9 -9 -6 -4 -4 -3 -3 -5 -9 -8 -7 -1 1 -2 0 3 3 5 13 17 18 19 16 14 13 11 9 11 13 12 13 13 15 14 7 2
-32768 -32768 -32768 -32768 81 79 79 74 64 69 56 39 26 28 31 32 30 28 25 24 23 24 23 17 16 16 14 -1 2 5 7 9 -3 -16 -16 -26 -29 -21 -15 -11 -8 -10 -7 -8 -9 -8 -5 -5 -6 -8 -10 -9 -7 -10 -12 -11 -9 -9 -8 -7 -5 -5 -4 -3 -3 -7 -8 -6 -4 -5 -6 -5 -2 -3 2 5 7 10 10 12 15 13 14 15 14 15 16 13 14 14 11 13 9 9
-32768 -32768 -32768 -32768 -32768 81 78 77 66 66 57 46 26 26 35 39 33 32 30 27 16 11 14 13 4 2 15 16 0 -5 2 -13 -19 -16 -34 -37 -31 -20 -16 -13 -9 -6 -6 -7 -7 -7 -4 -6 -7 -7 -9 -7 -6 -9 -10 -10 -8 -8 -8 -7 -5 -4 -3 -3 -6 -7 -6 -5 -4 -6 -8 -8 -14 -11 -7 -12 -12 -4 -1 9 6 -5 3 6 8 7 10 12 15 14 11 14 13 12
-32768 -32768 -32768 -32768 -32768 -32768 77 73 63 66 54 43 34 22 30 40 34 28 28 25 17 13 4 -1 -3 -11 5 6 -4 -17 -22 -27 -29 -25 -18 -24 -33 -26 -17 -10 -8 -6 -5 -5 -6 -6 -4 -7 -9 -7 -7 -6 -6 -7 -9 -10 -9 -8 -8 -7 -6 -5 -5 -6 -9 -7 -4 -5 -7 -9 -10 -13 -18 -24 -24 -27 -18 -28 -17 -3 -14 -20 -12 -14 -17 -9 -12 2 11 14 14 14 14 10
-32768 -32768 -32768 -32768 -32768 -32768 80 72 67 62 58 55 38 30 35 35 30 27 23 20 17 16 3 -8 -14 -21 -10 1 -10 -18 -31 -42 -40 -33 -35 -32 -25 -22 -15 -11 -9 -8 -5 -4 -5 -4 -4 -7 -7 -5 -5 -5 -6 -7 -7 -8 -9 -9 -8 -7 -8 -7 -7 -9 -5 -4 -5 -6 -7 -9 -11 -18 -28 -32 -40 -39 -37 -40 -26 -21 -25 -16 -23 -17 -26 -15 -12 -4 3 4 13 16 15 12
-32768 -32768 -32768 -32768 -32768 -32768 70 71 55 67 61 58 41 46 35 26 18 18 17 15 17 13 8 -1 -9 -9 -4 -2 -13 -23 -33 -33 -20 -16 -18 -19 -16 -12 -9 -9 -7 -6 -6 -3 -4 -3 -4 -4 -4 -4 -4 -5 -7 -6 -6 -6 -7 -9 -8 -11 -12 -10 -9 -5 -6 -5 -5 -6 -9 -11 -15 -13 -15 -20 -23 -25 -29 -22 -26 -36 -31 -27 -33 -37 -31 -24 -23 -16 -11 -8 6 12 12 14
-32768 -32768 -32768 -32768 -32768 -32768 57 56 63 65 61 53 49 27 13 5 9 14 17 17 16 15 9 14 3 -1 0 -6 -12 -19 -25 -28 -13 -11 -11 -11 -10 -8 -7 -5 -4 -4 -4 -4 -3 -2 -3 -3 -4 -3 -4 -5 -5 -5 -5 -5 -6 -8 -9 -12 -9 -6 -7 -8 -8 -6 -6 -6 -7 -8 -11 -14 -12 -13 -20 -35 -39 -40 -47 -44 -45 -44 -43 -36 -29 -32 -27 -21 -10 -1 2 6 12 14
-32768 -32768 -32768 -32768 -32768 -32768 61 67 64 58 38 41 32 10 17 19 21 18 11 8 10 10 12 20 10 5 6 0 -4 -6 -11 -19 -7 -7 -10 -12 -9 -7 -7 -6 -5 -3 -3 -2 -1 -2 -3 -3 -2 -2 -3 -5 -3 -4 -4 -5 -8 -12 -10 -7 -8 -9 -9 -11 -11 -9 -9 -9 -10 -11 -15 -17 -20 -13 -16 -19 -22 -28 -38 -34 -41 -34 -34 -29 -34 -36 -30 -23 -13 -8 -6 -4 7 9
-32768 -32768 -32768 -32768 -32768 -32768 67 63 52 52 37 46 41 31 29 26 14 4 4 4 3 12 13 21 13 4 8 6 -1 -2 -2 -5 1 -3 -2 -6 -8 -11 -12 -11 -9 -5 -4 -2 -2 -1 -1 0 0 -1 -2 -3 -3 -6 -7 -9 -10 -9 -6 -8 -9 -10 -11 -11 -11 -11 -9 -10 -10 -10 -12 -14 -16 -18 -18 -19 -22 -24 -24 -22 -22 -22 -24 -22 -23 -28 -30 -25 -21 -21 -15 -7 -2 -3
-32768 -32768 -32768 -32768 -32768 -32768 64 57 48 60 51 50 43 33 17 10 3 12 8 9 8 10 14 22 14 5 11 9 8 1 -5 0 5 -2 1 -2 -6 -5 -4 -7 -8 -4 -1 -1 -1 0 0 -1 -2 -1 -1 -4 -6 -7 -7 -7 -5 -3 -5 -8 -8 -9 -9 -9 -9 -7 -7 -8 -7 -7 -7 -9 -10 -12 -16 -18 -18 -22 -23 -23 -24 -24 -21 -20 -22 -25 -27 -25 -26 -26 -42 -34 -11 -4
-32768 -32768 -32768 -32768 -32768 -32768 62 62 60 54 48 41 42 35 28 24 24 16 9 8 12 17 21 18 9 12 16 17 10 1 -8 0 0 2 3 -3 -6 -5 -4 -3 -4 -3 -2 0 0 0 0 0 -1 -2 -4 -6 -5 -6 -6 -4 0 -4 -5 -6 -7 -8 -9 -8 -9 -4 -3 -3 -4 -4 -5 -7 -8 -10 -11 -13 -14 -17 -16 -19 -23 -22 -22 -21 -19 -21 -23 -23 -26 -32 -35 -39 -30 -16
-32768 -32768 -32768 -32768 -32768 -32768 -32768 63 57 53 52 54 49 44 33 28 15 12 14 18 18 21 22 8 15 20 23 23 14 4 0 -1 3 4 4 0 -1 -4 -3 -4 -3 -1 -1 0 1 1 -1 -1 -2 -2 -1 -2 -3 -4 -4 1 1 -2 -3 -4 -5 -5 -4 -3 -6 -3 -5 -5 -5 -4 -6 -7 -7 -8 -8 -12 -11 -13 -14 -16 -16 -18 -21 -20 -18 -19 -22 -22 -25 -27 -28 -24 -19 -10
-32768 -32768 -32768 -32768 -32768 -32768 -32768 61 57 57 53 50 41 41 37 26 24 25 23 25 14 14 8 10 20 26 27 23 15 9 9 7 11 9 7 2 -1 0 0 -1 -3 -1 -1 0 2 2 1 0 0 0 0 0 -1 0 2 3 2 1 -4 -5 -7 -8 -7 -6 -6 -7 -9 -8 -8 -11 -10 -12 -9 -8 -7 -7 -8 -12 -12 -12 -15 -17 -19 -18 -21 -23 -22 -21 -25 -23 -23 -21 -20 -7
-32768 -32768 -32768 -32768 -32768 -32768 -32768 62 58 54 51 45 45 41 36 29 26 35 25 13 10 10 13 17 17 18 27 22 11 2 12 15 15 12 9 4 1 3 0 -1 0 -1 0 1 1 2 0 1 2 2 2 2 2 2 1 2 2 0 -4 -5 -7 -7 -7 -7 -6 -7 -11 -17 -17 -16 -9 -10 -12 -11 -13 -12 -12 -12 -12 -14 -15 -14 -15 -18 -22 -23 -17 -18 -19 -19 -16 -12 -14 -16
-32768 -32768 -32768 -32768 -32768 -32768 -32768 61 58 55 52 49 45 40 38 29 30 35 22 4 15 13 14 19 26 26 25 20 21 14 17 15 6 2 3 4 6 2 0 -1 -2 -1 -1 0 -1 -2 -1 -1 -1 0 1 0 0 0 -1 1 1 -1 -1 -1 -2 -3 -3 -4 -5 -4 -10 -15 -12 -10 -10 -11 -13 -16 -19 -20 -22 -22 -18 -17 -20 -20 -20 -19 -20 -17 -12 -14 -16 -15 -16 -6 -8 -2
-32768 -32768 -32768 -32768 -32768 -32768 -32768 -32768 57 52 49 43 38 38 39 37 39 24 14 23 24 17 23 16 25 17 16 26 25 20 22 14 6 6 9 11 5 2 0 -1 -2 -3 -4 -4 -5 -4 -3 -1 0 -1 0 0 0 1 1 1 0 0 0 0 -1 -2 -3 -4 -4 -6 -7 -10 -8 -10 -15 -21 -26 -26 -28 -27 -27 -24 -21 -21 -20 -22 -23 -23 -20 -14 -11 -10 -9 -8 -10 -8 -6 -5
-32768 -32768 -32768 -32768 -32768 -32768 -32768 -32768 57 52 48 45 41 41 39 41 27 20 19 34 27 25 31 28 24 15 14 30 24 18 18 12 11 9 9 4 2 2 2 1 -1 -3 -6 -5 -4 -4 -5 -4 -1 -1 0 0 0 0 1 0 0 -2 0 -1 -2 -2 -3 -4 -5 -6 -7 -10 -11 -12 -22 -38 -38 -33 -30 -32 -27 -18 -19 -17 -16 -23 -24 -24 -20 -16 -14 -16 -19 -18 -15 -12 -18 -17
-32768 -32768 -32768 -32768 -32768 -32768 -32768 -32768 56 52 50 47 43 40 41 37 33 33 29 34 29 28 28 25 27 27 27 32 21 18 20 18 13 8 6 5 3 1 1 1 1 0 -1 -1 -2 -2 -4 -3 -2 0 -1 0 -1 0 0 -1 -1 -4 -2 -2 -3 -4 -3 -4 -7 -10 -11 -13 -18 -28 -36 -34 -25 -30 -23 -25 -21 -18 -17 -14 -14 -21 -24 -24 -26 -28 -30 -30 -27 -25 -24 -23 -25 -26
-32768 -32768 -32768 -32768 -32768 -32768 -32768 -32768 -32768 53 48 49 46 43 37 24 25 13 15 23 19 20 18 16 17 22 22 31 28 27 24 23 14 9 8 5 4 2 1 0 0 0 0 0 -1 -2 -2 -3 -3 -2 -1 -2 -2 -1 -2 -4 -2 -4 -4 -4 -5 -3 -5 -7 -10 -15 -27 -29 -29 -15 -15 -28 -20 -13 -15 -19 -10 -10 -11 -12 -16 -20 -23 -25 -26 -31 -34 -33 -30 -34 -32 -29 -27 -27
-32768 -32768 -32768 -32768 -32768 -32768 -32768 -32768 -32768 55 48 43 40 39 36 30 19 12 14 14 12 17 22 16 12 18 26 28 22 21 23 16 13 11 10 7 4 3 2 1 0 0 0 0 -1 -1 0 0 -2 -2 -3 -4 -4 -4 -5 -4 -4 -5 -6 -7 -6 -4 -4 -8 -13 -31 -39 -24 -13 -9 -7 -13 -13 -6 -7 -6 -5 -3 -7 -10 -16 -20 -22 -23 -25 -26 -30 -33 -34 -33 -31 -29 -29 -29
-32768 -32768 -32768 -32768 -32768 -32768 -32768 -32768 60 58 51 44 37 25 24 25 31 28 25 19 17 16 19 16 14 19 26 26 20 16 18 18 13 10 9 8 7 6 5 3 1 1 0 -1 -2 -3 -2 -1 -1 -3 -4 -7 -7 -6 -6 -4 -5 -6 -9 -10 -8 -7 -8 -13 -19 -39 -21 -27 -22 -9 -2 2 1 -3 -1 1 -1 -6 -12 -15 -15 -17 -20 -23 -26 -22 -27 -28 -33 -28 -30 -32 -31 -31
-32768 -32768 -32768 -32768 -32768 -32768 -32768 -32768 61 60 55 48 33 36 31 31 37 34 29 25 23 23 21 20 16 21 25 23 24 19 15 16 15 11 9 8 8 6 5 3 1 0 -2 -4 -6 -6 -1 -2 -3 -3 -6 -9 -11 -10 -8 -10 -8 -10 -12 -14 -13 -12 -18 -33 -33 -41 -33 -14 -2 1 6 4 0 0 2 5 0 -9 -12 -13 -11 -13 -20 -22 -20 -22 -26 -26 -28 -30 -31 -30 -33 -34
-32768 -32768 -32768 -32768 -32768 -32768 -32768 -32768 63 61 57 52 47 37 37 34 36 32 30 31 31 29 26 25 26 26 24 20 20 19 15 15 15 14 9 8 9 7 4 2 1 -2 -5 -7 -3 -1 -2 -3 -5 -7 -11 -16 -16 -18 -19 -19 -15 -17 -18 -23 -22 -24 -25 -20 -11 -9 -3 -1 -3 5 10 6 4 2 6 4 -7 -8 -9 -14 -8 -5 -8 -13 -20 -30 -33 -36 -33 -34 -37 -36 -38 -36
-32768 -32768 -32768 -32768 -32768 -32768 -32768 65 64 61 59 56 49 40 31 27 37 38 37 35 32 29 31 32 29 26 17 17 18 16 16 15 16 17 16 12 7 5 2 -1 -4 -3 -1 -2 -2 -2 -4 -6 -11 -16 -19 -25 -25 -23 -20 -16 -15 -19 -22 -25 -27 -25 -27 -11 0 -4 -2 7 9 12 12 8 8 6 9 0 -3 -4 -11 -14 -6 -10 -16 -22 -23 -27 -32 -36 -37 -37 -38 -41 -45 -39
-32768 -32768 -32768 -32768 -32768 -32768 -32768 66 63 61 60 58 53 40 29 43 43 42 39 38 37 36 32 18 14 18 17 17 17 18 14 16 18 17 16 14 4 -2 -10 -3 -2 2 2 -2 -4 -2 -6 -11 -13 -14 -22 -32 -23 -19 -21 -24 -25 -21 -14 -17 -10 -10 -12 -2 2 8 10 13 11 12 12 10 11 11 3 -2 1 -5 -10 -8 -3 -11 -13 -15 -14 -17 -23 -30 -35 -44 -43 -46 -49 -44
-32768 -32768 -32768 -32768 -32768 -32768 -32768 66 63 61 59 58 51 45 45 46 46 44 43 39 36 22 6 12 17 22 18 19 20 18 15 18 17 13 12 11 6 4 3 3 14 13 5 3 -5 -6 -5 -7 -12 -25 -35 -37 -34 -36 -30 -19 -12 -5 -5 0 4 1 1 7 11 14 11 14 13 12 14 14 12 4 0 1 -1 -6 -6 -2 -1 -4 -2 -5 -8 -17 -22 -30 -36 -41 -46 -45 -49 -46
