DATA/PredictorVariables/1_WorldClim_R/bio6.asc
NCOLS 166 
NROWS 105 
XLLCORNER -9.41666666666667 
YLLCORNER 35.1666666666667 
CELLSIZE 0.0833333333333333 
NODATA_value -32768 
[rows 42 to 83 of 105, columns 0 to 93 of 166]
-32768 -32768 -32768 -32768 -32768 -32768 68 66 64 61 58 58 50 49 52 50 48 45 40 37 23 -6 6 25 32 31 24 20 19 15 14 14 13 13 11 3 6 8 18 22 19 9 5 -6 -26 -22 -8 -13 -28 -33 -34 -34 -26 -26 -19 -14 -18 -21 -15 4 7 9 12 16 14 14 13 13 16 14 14 14 8 2 1 3 0 0 4 0 1 -8 -11 -6 -12 -14 -18 -22 -34 -38 -43 -46 -47 -41
-32768 -32768 -32768 -32768 -32768 -32768 68 66 63 60 59 58 51 50 53 50 48 45 39 34 26 5 9 34 37 33 30 24 17 13 8 11 12 8 13 16 20 22 24 27 20 15 7 -22 -36 -20 -16 -25 -35 -45 -40 -32 -16 -22 -20 -2 9 5 1 2 6 13 18 15 13 15 14 13 15 16 16 12 6 4 5 2 2 6 1 -4 -1 -4 -9 -11 -15 -17 -21 -24 -33 -39 -41 -38 -47 -43
-32768 -32768 -32768 -32768 -32768 -32768 66 66 66 64 63 60 54 53 50 50 45 36 26 22 33 36 38 38 36 37 35 31 27 31 31 17 25 29 30 31 26 30 31 31 30 12 -11 0 -15 -37 -36 -33 -8 -20 -14 4 14 8 19 16 11 6 4 12 18 19 15 12 13 16 13 14 14 15 15 13 9 7 5 5 8 6 -4 -6 -4 -11 -10 -11 -13 -18 -25 -20 -31 -33 -34 -40 -40 -39
-32768 -32768 -32768 -32768 -32768 -32768 71 69 67 65 63 57 55 55 45 39 35 34 29 32 39 36 35 36 38 42 40 37 38 39 37 34 36 39 37 33 31 33 33 32 25 11 10 -3 8 10 12 17 27 26 25 23 19 18 15 6 2 14 18 20 18 15 13 13 15 14 14 15 13 16 15 11 5 6 9 11 8 3 -5 -7 -7 -11 -13 -14 -19 -19 -19 -20 -29 -33 -35 -32 -32 -28
-32768 -32768 -32768 -32768 -32768 -32768 71 68 67 66 58 54 54 41 33 37 41 40 41 43 35 39 35 42 45 44 43 40 37 37 41 42 43 42 39 38 38 39 38 34 28 25 22 21 29 30 32 32 31 29 27 25 23 21 17 18 21 21 20 19 17 15 14 15 17 15 17 15 16 17 15 14 12 12 10 5 3 0 -4 -7 -8 -11 -15 -15 -20 -18 -14 -18 -23 -28 -24 -24 -27 -22
-32768 -32768 -32768 -32768 -32768 73 71 68 67 65 55 55 53 44 45 48 45 40 39 38 41 49 46 46 47 47 47 44 43 44 44 41 43 42 42 41 41 40 35 31 31 35 36 36 36 34 33 33 31 29 28 26 24 22 23 22 22 21 18 15 14 15 17 17 16 17 19 18 16 12 8 6 5 5 3 1 0 0 -3 -6 -5 -7 -11 -13 -15 -14 -16 -18 -20 -22 -17 -17 -16 -19
-32768 -32768 -32768 -32768 -32768 75 74 68 65 65 59 58 54 53 53 49 43 40 35 44 50 52 50 48 49 52 51 49 46 45 45 45 43 43 41 40 39 35 30 32 34 37 38 37 35 34 30 31 30 28 24 26 24 25 22 17 18 20 21 20 18 18 18 16 15 16 17 16 14 11 8 6 6 5 3 2 2 0 -2 -3 -4 -6 -7 -11 -11 -10 -16 -19 -20 -20 -15 -17 -11 -17
-32768 -32768 -32768 -32768 76 74 74 70 65 61 60 62 57 57 56 55 51 45 44 51 54 53 51 53 55 54 52 49 49 47 46 45 45 44 41 39 36 37 38 37 37 35 34 33 34 31 28 30 28 26 25 27 23 22 20 15 15 16 14 14 18 14 10 9 8 7 9 11 11 11 11 8 7 5 5 5 3 1 -2 -4 -5 -3 -5 -9 -9 -7 -10 -13 -17 -17 -13 -13 -11 -8
-32768 -32768 -32768 -32768 75 73 71 70 65 63 65 65 62 57 59 55 54 52 55 58 56 57 57 56 53 53 53 50 49 50 48 44 43 42 43 45 42 39 36 35 35 32 30 26 23 22 23 21 18 19 21 19 18 11 12 10 9 8 9 8 10 7 4 7 4 5 5 6 7 8 8 8 7 7 6 5 4 2 0 -1 -4 -2 -5 -8 -7 -4 -5 -11 -13 -13 -12 -10 -6 -1
-32768 -32768 -32768 -32768 76 76 71 66 58 63 65 67 67 62 62 58 55 55 59 60 60 61 58 56 55 55 52 52 51 48 46 44 41 40 41 42 42 40 39 37 37 34 31 29 25 21 17 15 8 12 10 15 16 4 3 1 2 0 1 1 5 5 1 0 2 1 2 4 5 7 7 7 6 8 7 6 5 1 -1 1 0 -3 -2 -6 -5 -3 -3 -4 -7 -7 -8 -8 -7 -2
-32768 -32768 -32768 81 77 75 63 58 59 60 70 70 70 66 63 63 61 61 61 62 60 59 57 57 55 54 50 49 50 50 48 45 44 42 41 40 42 40 39 39 36 34 30 28 24 22 20 7 5 2 10 9 13 11 4 2 1 -8 1 -7 -5 -4 -3 -3 -3 -1 4 5 5 6 7 7 8 8 8 7 7 5 3 3 2 -1 -1 -1 -1 -1 -4 -4 -1 -2 -2 -2 -1 1
-32768 -32768 82 82 77 70 64 66 71 72 74 73 71 70 70 69 68 64 62 60 60 59 57 55 54 53 51 47 47 48 47 46 45 44 42 40 38 38 37 37 36 33 29 25 15 18 17 8 1 13 17 17 15 18 16 15 11 5 6 2 3 4 5 -4 -9 -6 -1 2 2 5 6 7 9 9 8 6 7 7 6 5 5 4 3 1 2 -1 -3 0 1 1 1 2 3 6
87 84 83 80 77 73 76 75 74 76 76 74 69 68 68 68 65 64 63 63 61 59 58 53 49 48 48 47 46 44 43 44 41 41 42 41 39 38 36 35 33 30 29 27 19 15 16 18 17 19 23 20 22 21 21 18 14 9 4 1 -1 5 2 -1 -1 -4 -1 1 0 -2 4 8 9 10 10 8 9 9 8 7 7 6 5 5 4 3 3 4 3 3 3 5 6 7
86 82 80 79 78 77 78 77 77 78 77 72 70 69 68 67 67 66 65 65 63 62 60 56 48 46 49 50 47 45 46 45 42 42 40 38 40 37 34 33 32 30 31 33 29 31 29 28 22 22 26 25 24 16 18 17 13 12 10 9 11 11 6 0 0 2 1 -2 -1 -4 4 8 10 10 10 10 10 10 9 8 7 6 6 6 5 5 5 5 6 6 7 8 8 10
84 82 80 79 71 78 78 78 79 79 75 73 72 70 69 69 69 67 66 66 64 61 60 58 55 52 50 50 48 45 46 44 42 41 39 38 37 35 34 28 31 36 35 35 34 33 31 32 29 25 25 25 24 19 13 14 14 15 11 5 8 12 11 3 3 5 7 7 4 7 10 10 10 10 10 10 10 10 9 8 7 5 5 4 6 6 7 6 7 8 9 10 11 12
82 82 79 74 77 80 79 81 80 78 76 74 72 71 70 71 69 68 67 66 65 63 60 58 56 54 51 50 49 46 46 44 43 41 40 40 39 36 36 36 39 38 38 38 36 35 34 33 31 28 27 23 20 19 15 10 14 15 8 5 7 8 10 6 4 8 9 10 11 11 11 11 11 11 11 10 9 8 6 5 4 3 2 1 3 5 7 8 9 9 10 12 12 13
80 79 76 73 76 82 82 82 80 78 76 74 74 73 72 71 70 68 67 66 65 63 61 59 56 54 52 49 47 47 46 45 44 43 42 42 41 40 37 38 40 40 39 38 37 35 31 29 31 28 26 26 22 20 17 13 11 13 14 13 6 8 12 7 10 9 9 10 11 11 11 11 11 10 10 9 7 5 1 0 -1 -1 -1 -2 -1 2 7 9 10 11 11 12 11 7
76 72 71 70 76 83 83 82 80 79 78 78 76 74 73 72 71 69 66 64 62 61 59 57 54 51 49 49 48 47 45 45 44 44 43 43 42 40 39 41 41 40 38 37 36 34 33 31 28 27 28 24 16 18 16 16 16 16 11 14 13 11 12 9 11 9 9 11 11 11 11 11 11 10 7 5 2 1 2 0 -2 -4 -5 -6 -4 1 6 9 10 12 11 10 5 1
73 70 72 78 82 84 83 82 80 78 77 76 74 74 73 71 69 68 66 64 62 57 55 54 53 49 48 49 49 46 44 44 44 44 43 42 41 41 41 40 38 38 35 34 33 31 32 30 29 27 27 27 21 23 20 17 15 11 10 13 14 9 10 12 11 11 11 10 10 10 7 9 11 10 8 6 4 1 0 0 -1 -3 -4 -5 -4 0 3 7 9 11 10 8 6 4
70 70 75 82 85 84 83 81 80 79 77 75 73 72 70 68 66 66 64 62 60 58 54 51 53 53 52 51 48 45 43 43 42 42 41 39 38 40 37 36 34 33 33 28 31 29 31 28 26 23 23 23 27 22 21 20 21 15 14 11 12 12 11 10 9 6 9 11 12 12 11 11 11 8 8 8 6 2 0 0 -1 -3 -3 -3 -2 -2 0 1 3 6 5 6 5 4
77 78 80 83 85 84 83 82 80 77 76 75 73 71 68 65 63 63 62 61 60 56 55 55 53 55 53 49 47 44 43 42 42 41 40 39 37 38 39 35 32 29 30 30 29 29 26 25 21 21 22 25 26 25 26 25 22 20 18 13 9 10 11 11 9 5 7 14 13 11 12 12 12 10 8 8 6 4 1 -1 -1 0 0 -4 -8 -11 -11 -10 -4 2 5 4 6 7
-32768 84 82 84 84 83 82 82 80 79 77 75 71 67 66 63 62 61 63 62 61 59 57 56 56 55 53 48 45 42 40 40 40 39 39 37 36 35 36 33 31 28 26 29 25 25 21 23 25 26 26 26 25 20 24 22 17 17 16 14 11 10 11 10 10 13 15 10 15 11 12 12 12 9 6 6 6 5 1 3 3 8 -1 -11 -16 -10 -11 -7 -2 4 8 11 13 14
-32768 -32768 82 82 82 79 82 83 81 78 77 75 70 68 66 63 63 64 63 62 61 59 57 55 56 56 52 49 44 41 38 34 34 32 36 35 33 33 33 34 27 27 27 28 22 20 22 22 26 25 23 22 23 23 23 24 23 18 10 6 10 12 13 18 16 14 16 16 13 13 12 10 10 9 8 9 10 5 7 12 11 3 -13 -17 -17 -9 -1 2 7 13 15 15 19 22
-32768 -32768 80 79 77 77 83 83 82 80 78 76 74 71 68 67 66 64 62 62 62 59 57 56 57 56 53 49 46 41 37 31 29 28 31 34 30 30 30 32 31 28 25 25 22 22 24 22 21 23 21 21 22 20 19 19 20 20 20 15 6 7 8 9 18 23 15 8 4 3 12 12 13 14 14 12 10 11 16 15 8 3 -2 -10 -11 -1 5 9 15 14 19 24 26 26
-32768 -32768 -32768 -32768 -32768 -32768 -32768 82 81 79 79 77 74 73 68 66 65 63 59 59 59 59 58 59 58 55 53 50 45 43 37 33 39 36 34 31 30 28 27 28 29 26 26 24 24 24 22 21 21 21 18 19 19 19 18 17 18 17 17 19 18 20 16 15 15 27 18 18 16 11 14 15 19 22 21 18 17 18 23 19 12 9 -4 -11 -2 13 17 15 15 21 26 25 28 29
-32768 -32768 -32768 -32768 -32768 -32768 -32768 81 79 77 76 76 75 74 70 67 64 62 61 58 55 57 59 59 58 56 54 51 48 44 41 42 41 38 37 34 31 28 26 25 25 24 24 24 23 24 22 21 23 22 22 18 14 19 20 17 18 17 17 16 16 17 25 20 23 29 28 27 29 28 27 31 32 29 23 21 23 29 16 4 12 -7 -15 -4 -2 5 3 0 0 9 17 29 33 32
-32768 -32768 -32768 -32768 -32768 -32768 -32768 80 78 74 76 74 74 74 71 69 66 63 60 58 57 57 58 59 57 56 54 52 50 48 43 39 32 31 33 34 30 27 29 27 24 22 23 25 27 29 26 21 19 18 21 22 21 18 21 23 21 19 21 21 23 19 29 27 29 34 29 38 39 38 36 39 34 26 24 26 27 18 12 6 5 -14 -13 -5 -17 -2 -8 -8 -7 3 22 29 33 33
-32768 -32768 -32768 -32768 -32768 -32768 -32768 81 75 69 73 74 75 73 71 69 66 62 61 61 61 62 60 58 57 57 56 53 50 47 44 38 34 32 28 27 28 24 25 30 31 27 22 23 24 28 29 29 26 24 20 18 21 26 24 27 29 26 28 37 36 35 37 37 39 38 43 44 44 40 45 42 36 36 34 28 23 16 -9 11 -10 -21 -19 -18 -16 -15 -12 -15 -1 -1 14 26 29 29
-32768 -32768 -32768 -32768 -32768 -32768 82 81 74 71 71 73 74 72 70 67 62 60 58 60 60 62 59 57 54 55 54 49 44 40 41 43 35 29 28 27 20 21 25 27 32 33 30 24 20 23 27 32 35 30 29 23 21 23 26 26 36 36 39 44 44 45 47 48 49 49 49 48 47 47 41 31 25 25 30 35 29 3 0 -5 -29 -24 -29 -26 -23 -18 -12 -3 4 12 15 16 20 25
-32768 -32768 -32768 -32768 -32768 -32768 82 80 74 74 74 74 74 72 70 66 64 61 58 59 62 61 59 57 56 55 55 52 50 46 38 37 35 33 37 38 32 29 33 29 26 34 28 24 27 21 22 27 30 34 34 28 30 32 30 32 40 46 46 49 45 47 47 45 48 49 48 51 50 49 44 41 42 40 40 36 29 12 -4 -24 -32 -19 -20 -11 -4 -1 -2 4 7 10 12 11 7 25
-32768 -32768 -32768 -32768 -32768 -32768 -32768 80 75 74 75 75 73 70 67 64 64 63 62 62 61 63 60 57 57 58 55 48 45 43 38 36 33 32 32 35 39 37 34 34 34 39 33 31 30 26 28 32 38 36 40 39 40 40 42 46 46 45 45 46 43 44 47 45 47 49 47 49 47 43 41 42 37 39 41 33 15 -14 -16 -24 -15 0 -3 -1 6 1 -2 1 10 14 19 17 11 13
-32768 -32768 -32768 -32768 -32768 -32768 -32768 80 74 74 74 74 72 68 65 63 63 63 63 63 62 63 60 59 60 59 55 52 52 51 49 49 46 44 39 36 39 42 38 37 35 43 42 38 38 36 38 41 40 45 49 48 48 46 44 45 45 44 45 46 42 47 46 46 44 42 37 44 45 29 15 11 16 31 33 34 8 -18 0 6 7 11 11 8 6 2 3 6 11 17 29 27 28 25
-32768 -32768 -32768 -32768 -32768 -32768 -32768 81 76 75 71 69 70 69 65 62 63 63 62 63 63 64 61 63 62 62 60 58 59 58 56 57 50 46 43 41 40 43 44 43 41 40 48 47 46 42 45 50 51 51 50 48 46 46 44 42 45 49 47 47 45 46 45 42 41 30 17 31 28 22 2 -17 12 13 17 23 28 16 13 17 17 18 12 7 9 4 -7 0 11 21 29 34 37 37
-32768 -32768 -32768 -32768 -32768 -32768 -32768 81 80 77 71 68 64 67 64 62 62 61 63 64 66 66 65 66 65 63 61 59 62 63 58 58 51 49 51 45 45 46 47 46 48 46 50 53 53 52 53 52 51 50 50 50 47 46 45 46 43 47 44 40 42 40 43 41 28 30 14 -2 6 16 9 5 7 8 15 22 28 22 21 25 26 19 10 -4 -6 -6 0 9 15 17 24 32 44 44
-32768 -32768 -32768 -32768 -32768 -32768 -32768 80 77 78 76 72 68 67 64 61 61 61 62 62 63 65 68 65 63 61 61 64 65 66 64 58 56 54 53 48 50 53 53 53 55 55 55 54 53 53 52 51 50 50 49 50 51 50 51 49 47 45 37 35 26 24 36 40 31 27 8 -5 -3 7 1 6 6 7 8 18 26 27 22 18 25 16 7 4 -1 4 5 7 12 18 26 40 45 35
-32768 -32768 -32768 -32768 -32768 -32768 -32768 81 75 71 74 73 68 64 60 58 59 58 60 61 62 63 64 69 66 65 66 67 69 69 65 64 62 61 61 57 59 58 57 55 56 56 55 54 51 53 55 53 52 52 50 51 53 52 53 50 46 45 43 39 21 26 33 29 27 15 16 8 10 10 12 11 5 9 14 18 10 7 1 8 18 12 2 -3 6 14 26 28 33 39 44 47 48 51
-32768 -32768 -32768 -32768 -32768 -32768 84 81 74 69 64 69 71 67 62 56 56 58 58 59 63 66 68 71 69 69 69 69 72 74 72 71 69 66 62 59 59 60 57 54 55 57 56 53 55 57 56 56 55 55 54 54 53 52 51 51 51 49 44 36 33 20 21 17 14 11 13 15 14 12 15 4 -5 4 15 13 1 -8 -30 -16 6 11 16 24 29 35 43 47 50 53 45 56 59 65
-32768 -32768 -32768 -32768 -32768 -32768 82 80 71 63 64 72 70 71 66 60 57 52 53 58 60 64 69 73 73 73 75 75 75 77 76 72 68 66 65 62 62 62 60 59 59 58 57 58 58 58 58 56 56 56 55 55 52 49 39 47 48 47 46 45 40 35 32 22 20 13 18 24 25 21 -5 -13 -6 5 11 11 2 -12 -24 -28 -18 -12 -9 -6 3 20 34 40 46 57 63 65 63 -32768
-32768 -32768 -32768 -32768 -32768 -32768 84 79 79 79 79 77 76 75 72 67 66 60 56 60 64 68 72 76 76 76 76 77 77 78 76 73 71 69 68 67 66 65 64 63 62 61 60 60 60 60 59 57 55 55 53 51 48 48 41 44 44 44 44 41 28 34 37 29 38 34 33 32 29 24 9 0 -16 -25 -10 3 4 4 4 -7 -18 -25 -22 -11 0 14 27 31 42 58 69 71 -32768 -32768
-32768 -32768 -32768 -32768 -32768 85 84 83 82 83 81 79 78 77 75 73 71 66 66 69 73 76 76 -32768 -32768 -32768 -32768 -32768 -32768 -32768 76 73 72 71 71 70 69 67 66 65 64 64 64 63 61 60 60 56 50 50 48 42 46 46 42 46 46 45 44 36 29 27 20 16 27 25 23 23 23 22 8 -16 -32 -63 -53 -37 -33 -29 -17 4 20 25 22 26 35 36 42 48 55 58 62 73 -32768 -32768
-32768 -32768 -32768 -32768 -32768 89 88 87 87 -32768 -32768 -32768 -32768 78 -32768 78 77 77 76 76 77 -32768 -32768 -32768 -32768 -32768 -32768 -32768 -32768 -32768 -32768 -32768 73 72 71 71 70 69 68 67 67 66 66 64 63 62 57 55 50 48 42 45 41 41 45 48 49 46 45 35 30 18 0 -1 15 17 13 10 14 15 -5 -52 -76 -70 -53 -37 -20 -18 -20 -9 17 40 44 52 45 34 38 49 57 55 63 -32768 -32768 -32768
-32768 -32768 -32768 -32768 -32768 -32768 -32768 -32768 -32768 -32768 -32768 -32768 -32768 -32768 -32768 -32768 -32768 78 78 -32768 -32768 -32768 -32768 -32768 -32768 -32768 -32768 -32768 -32768 -32768 -32768 -32768 -32768 -32768 73 72 72 71 70 69 68 68 65 63 63 62 57 53 51 49 39 38 34 46 49 49 42 32 28 30 23 26 24 20 7 9 15 6 -1 19 16 -25 -21 -18 -6 18 34 20 -2 4 11 31 55 63 37 35 54 66 66 72 75 -32768 -32768 -32768
