DATA/PredictorVariables/1_WorldClim_R/bio7.asc
NCOLS 166 
NROWS 105 
XLLCORNER -9.41666666666667 
YLLCORNER 35.1666666666667 
CELLSIZE 0.0833333333333333 
NODATA_value -32768 
[rows 0 to 37 of 105, columns 0 to 84 of 166]
-32768.000000000000000 -32768 -32768 -32768 -32768 -32768 -32768 -32768 -32768 -32768 -32768 -32768 -32768 -32768 -32768 -32768 -32768 -32768 -32768 -32768 -32768 -32768 -32768 -32768 -32768 -32768 -32768 -32768 -32768 -32768 -32768 -32768 -32768 -32768 -32768 -32768 -32768 -32768 -32768 -32768 -32768 -32768 -32768 -32768 -32768 -32768 -32768 -32768 -32768 -32768 -32768 -32768 -32768 -32768 -32768 -32768 -32768 -32768 -32768 -32768 -32768 -32768 -32768 -32768 -32768 -32768 -32768 -32768 -32768 -32768 -32768 -32768 -32768 -32768 -32768 -32768 -32768 -32768 -32768 -32768 -32768 -32768 -32768 -32768 -32768
-32768 -32768 -32768 -32768 -32768 -32768 -32768 -32768 -32768 -32768 -32768 -32768 -32768 -32768 -32768 -32768 -32768 -32768 168 -32768 172 170 -32768 -32768 -32768 -32768 -32768 -32768 -32768 -32768 -32768 -32768 -32768 -32768 -32768 -32768 -32768 -32768 -32768 -32768 -32768 -32768 -32768 -32768 -32768 -32768 -32768 -32768 -32768 -32768 -32768 -32768 -32768 -32768 -32768 -32768 -32768 -32768 -32768 -32768 -32768 -32768 -32768 -32768 -32768 -32768 -32768 -32768 -32768 -32768 -32768 -32768 -32768 -32768 -32768 -32768 -32768 -32768 -32768 -32768 -32768 -32768 -32768 -32768 -32768
-32768 -32768 -32768 -32768 -32768 -32768 -32768 -32768 -32768 -32768 -32768 -32768 -32768 -32768 -32768 -32768 166 173 169 172 175 176 179 179 180 -32768 -32768 -32768 -32768 -32768 -32768 -32768 -32768 -32768 -32768 -32768 -32768 -32768 -32768 -32768 -32768 -32768 -32768 -32768 -32768 -32768 -32768 -32768 -32768 -32768 -32768 -32768 -32768 -32768 -32768 -32768 -32768 -32768 -32768 -32768 -32768 -32768 -32768 -32768 -32768 -32768 -32768 -32768 -32768 -32768 -32768 -32768 -32768 -32768 -32768 -32768 -32768 -32768 -32768 -32768 -32768 -32768 -32768 -32768 -32768
-32768 -32768 -32768 -32768 -32768 -32768 -32768 -32768 -32768 -32768 -32768 -32768 -32768 -32768 160 164 168 173 173 179 182 180 186 188 186 185 -32768 -32768 -32768 -32768 -32768 -32768 -32768 -32768 -32768 -32768 -32768 -32768 188 -32768 182 180 178 175 172 -32768 -32768 -32768 -32768 -32768 -32768 -32768 -32768 -32768 -32768 -32768 -32768 -32768 -32768 -32768 -32768 -32768 -32768 -32768 -32768 -32768 -32768 -32768 -32768 -32768 -32768 -32768 -32768 -32768 -32768 -32768 -32768 -32768 -32768 -32768 -32768 -32768 -32768 -32768 -32768
-32768 -32768 -32768 -32768 -32768 -32768 -32768 -32768 -32768 -32768 -32768 -32768 -32768 161 162 166 170 176 182 187 188 189 193 189 189 190 192 194 193 195 194 197 196 199 197 198 199 200 197 194 190 186 183 181 175 174 179 180 177 180 -32768 -32768 -32768 -32768 -32768 -32768 -32768 -32768 -32768 -32768 -32768 -32768 -32768 -32768 -32768 -32768 -32768 -32768 -32768 158 159 -32768 -32768 -32768 -32768 -32768 -32768 -32768 -32768 -32768 -32768 -32768 -32768 -32768 -32768
-32768 -32768 -32768 -32768 -32768 -32768 -32768 -32768 -32768 -32768 -32768 -32768 -32768 161 163 172 179 184 185 189 194 198 200 198 196 195 200 198 199 204 207 209 204 212 209 206 209 214 205 199 202 201 194 190 188 193 194 186 188 190 192 186 184 185 182 181 180 -32768 -32768 -32768 -32768 -32768 -32768 167 166 163 160 158 159 161 161 162 -32768 -32768 -32768 -32768 -32768 166 167 171 168 -32768 -32768 -32768 -32768
-32768 -32768 -32768 -32768 -32768 -32768 157 153 -32768 -32768 -32768 160 159 163 168 175 183 187 190 192 194 198 201 203 204 205 203 205 212 217 216 213 216 219 215 219 223 216 210 208 203 200 203 199 198 200 200 199 198 197 191 191 197 198 198 201 194 188 184 180 178 177 176 173 169 167 165 166 164 168 167 167 170 170 168 168 167 167 169 174 174 176 178 178 -32768
-32768 -32768 -32768 -32768 -32768 155 156 158 162 163 165 166 165 168 171 180 186 192 193 195 197 199 201 205 207 209 208 215 219 220 217 220 226 227 223 221 222 226 223 224 223 218 212 212 210 214 220 221 214 220 214 207 216 219 215 209 211 200 201 193 192 188 186 185 179 177 176 181 186 183 181 176 180 181 181 175 177 169 173 176 179 181 185 185 187
-32768 -32768 150 152 154 157 159 162 164 169 177 179 178 176 180 187 191 195 197 199 200 202 205 207 211 214 215 219 223 223 222 228 231 230 228 230 235 234 236 238 232 239 231 222 230 232 227 229 231 238 230 228 235 241 235 236 234 215 219 212 206 201 205 198 190 193 191 191 204 211 198 188 187 189 185 182 183 186 180 181 186 192 194 194 196
-32768 -32768 149 153 157 161 166 171 174 180 184 185 189 190 192 194 195 198 199 202 204 206 208 211 215 219 220 225 227 228 228 232 236 236 235 240 242 241 244 243 245 243 243 237 240 242 241 246 246 244 245 245 241 244 244 240 230 220 222 233 225 220 217 215 203 210 203 205 218 220 215 211 203 192 193 189 190 191 192 193 202 200 200 202 205
-32768 150 152 155 162 165 170 174 179 183 188 190 192 195 194 196 198 201 203 205 208 210 213 217 219 224 226 228 230 230 232 237 240 240 242 244 245 246 249 249 251 251 250 249 253 253 253 253 253 253 252 250 249 249 248 248 245 242 237 238 241 237 230 225 222 221 219 219 218 213 211 211 211 209 211 210 199 199 211 221 213 215 209 209 216
-32768 149 152 158 163 166 170 173 178 183 189 195 199 200 198 198 200 202 206 208 212 215 216 219 222 226 229 232 233 235 239 241 243 245 247 248 250 251 253 254 255 257 257 258 259 258 259 258 259 257 256 255 254 252 252 252 251 250 246 243 246 243 235 231 228 226 225 223 221 216 211 213 216 217 218 218 216 216 215 221 218 219 224 227 231
-32768 147 -32768 156 163 165 167 172 174 177 190 201 199 200 200 199 200 204 207 212 215 218 221 223 226 229 233 234 237 240 242 244 246 249 250 252 253 253 255 256 257 260 263 262 265 265 265 264 264 262 262 260 259 257 256 256 254 252 248 246 243 241 238 237 234 234 229 228 224 224 221 218 221 223 225 222 224 226 226 222 222 224 227 230 232
-32768 -32768 -32768 153 156 159 161 174 173 177 181 191 194 198 201 200 203 208 212 215 218 221 225 229 230 234 237 239 241 244 244 248 250 253 255 255 255 257 258 262 266 268 269 271 271 272 272 270 269 268 266 263 263 261 260 259 257 255 254 250 248 245 243 243 239 236 237 234 233 234 229 229 224 223 225 231 223 228 227 229 233 235 238 240 243
-32768 -32768 -32768 151 155 165 163 168 166 175 185 190 200 202 204 206 208 212 216 219 223 226 229 232 235 237 238 241 244 248 249 252 255 257 258 259 261 264 266 267 269 272 275 276 278 279 278 276 273 273 271 268 266 266 265 263 262 259 258 254 253 250 250 248 246 244 243 240 240 241 238 230 234 234 237 236 228 229 231 235 238 241 245 246 247
-32768 -32768 -32768 -32768 152 159 156 160 168 172 186 196 202 204 207 209 212 216 219 223 227 230 233 235 239 239 242 244 246 250 253 256 258 261 263 264 266 268 270 272 275 277 280 282 285 284 283 280 277 276 273 273 270 270 269 267 266 263 262 260 257 255 255 253 252 250 249 247 246 245 241 236 236 236 238 240 238 237 238 243 247 249 251 251 253
-32768 -32768 -32768 -32768 151 151 153 157 161 171 184 195 201 206 209 213 215 218 222 227 231 234 237 239 242 244 245 247 249 253 256 258 261 264 267 267 267 270 272 276 278 281 283 286 288 288 284 283 281 279 278 277 275 274 273 271 270 268 266 265 262 260 258 256 255 254 254 253 251 247 246 247 246 245 246 245 243 242 242 244 248 250 253 256 258
-32768 -32768 -32768 -32768 149 151 152 157 167 166 181 197 203 208 212 216 221 225 229 231 235 238 241 243 244 246 249 250 254 256 260 261 263 263 266 266 267 273 277 280 281 284 285 287 289 289 287 285 284 283 282 280 278 278 277 276 274 273 271 270 267 265 263 261 260 260 259 257 254 254 253 252 251 252 250 250 250 251 252 253 254 256 259 261 264
-32768 -32768 -32768 -32768 -32768 150 153 155 166 169 181 195 205 209 214 220 226 231 236 239 236 237 241 245 245 247 253 255 255 257 261 260 263 265 263 264 269 275 279 282 284 285 287 289 289 290 288 288 287 285 285 283 281 282 280 280 278 277 276 274 272 270 268 266 266 264 263 262 260 259 258 257 259 258 258 260 261 260 260 259 262 266 266 267 269
-32768 -32768 -32768 -32768 -32768 -32768 154 159 169 171 185 197 204 210 217 224 230 233 240 242 239 241 239 241 243 244 253 257 257 255 257 258 261 265 269 270 269 274 281 283 285 287 288 289 290 291 290 290 290 288 287 286 285 284 285 284 283 282 281 279 277 275 273 271 270 269 266 266 265 264 263 264 264 265 264 266 266 267 267 267 270 271 272 274 274
-32768 -32768 -32768 -32768 -32768 -32768 152 162 168 176 186 196 206 213 221 229 233 237 238 241 241 245 240 238 240 241 250 258 257 257 255 254 257 262 265 268 274 278 282 285 287 288 288 289 291 290 291 291 291 289 289 288 287 288 287 287 287 287 286 284 282 280 277 276 273 271 270 270 269 268 267 268 268 269 269 269 270 270 272 273 274 276 277 278 278
-32768 -32768 -32768 -32768 -32768 -32768 160 163 177 177 188 197 209 220 223 224 225 231 233 237 242 245 245 243 242 247 254 259 256 256 254 258 267 271 273 275 278 281 284 286 287 289 290 290 291 291 292 291 291 290 290 290 290 290 289 289 290 291 290 289 286 284 281 278 276 275 273 272 272 271 271 271 271 271 273 274 274 274 276 276 278 280 280 279 281
-32768 -32768 -32768 -32768 -32768 -32768 168 172 175 180 190 201 212 215 214 214 220 227 234 239 243 246 246 254 250 253 257 258 258 259 259 262 271 274 276 278 280 282 285 286 287 289 290 291 291 291 292 292 292 292 292 292 292 292 291 292 293 294 294 293 289 286 284 282 280 278 277 275 275 274 274 273 274 275 275 276 276 276 276 278 278 278 279 282 285
-32768 -32768 -32768 -32768 -32768 -32768 167 169 176 186 198 205 211 209 217 223 230 231 227 229 237 243 250 258 257 257 261 263 263 265 267 265 274 276 278 279 282 283 285 287 289 289 291 291 291 292 293 293 292 292 292 293 292 293 293 293 294 295 296 293 291 289 286 285 283 281 280 278 277 277 277 277 277 277 278 279 280 281 280 283 281 285 286 289 286
-32768 -32768 -32768 -32768 -32768 -32768 166 172 182 189 198 206 214 219 224 229 225 222 224 227 232 246 252 259 259 258 263 266 266 268 271 274 277 278 279 280 281 283 285 287 289 290 291 291 292 292 293 292 292 292 293 293 293 294 294 295 296 295 295 294 292 290 288 286 284 283 281 280 279 279 279 279 279 280 281 281 282 285 285 287 289 291 293 294 294
-32768 -32768 -32768 -32768 -32768 -32768 169 175 184 187 198 206 214 220 219 219 218 228 226 231 234 243 254 262 261 260 265 268 270 271 271 276 279 279 280 281 282 284 285 287 289 290 290 292 292 293 292 293 293 293 293 294 294 294 294 294 294 294 294 293 292 290 288 286 285 283 282 282 281 280 279 280 281 281 283 284 285 287 289 290 292 293 297 297 296
-32768 -32768 -32768 -32768 -32768 -32768 170 174 182 190 200 208 215 221 224 227 234 232 230 233 242 252 259 260 259 264 268 270 271 271 269 276 278 280 281 281 283 284 286 288 289 290 291 291 292 293 294 293 294 294 294 295 294 295 294 294 293 294 293 292 292 290 289 286 286 284 283 282 281 281 281 281 282 283 283 285 286 288 289 291 294 296 298 299 297
-32768 -32768 -32768 -32768 -32768 -32768 -32768 175 183 192 199 205 214 222 228 233 227 229 235 245 249 257 261 255 263 267 270 271 272 272 272 275 279 281 281 282 283 285 286 288 289 290 291 291 292 293 293 293 294 294 294 294 294 294 294 293 293 293 293 292 290 289 288 286 286 284 283 283 283 282 282 283 283 284 284 286 287 289 290 293 295 296 298 298 297
-32768 -32768 -32768 -32768 -32768 -32768 -32768 177 183 190 199 207 216 223 230 232 237 241 245 253 247 253 250 257 266 269 271 271 272 274 275 277 279 280 281 282 283 285 286 289 289 290 292 292 293 293 293 294 294 295 295 295 294 294 293 293 293 293 292 291 291 289 288 287 286 284 284 284 283 283 283 283 284 285 285 286 287 290 291 293 295 296 297 298 297
-32768 -32768 -32768 -32768 -32768 -32768 -32768 177 183 191 200 209 215 223 229 234 240 248 248 242 245 248 256 263 265 267 271 272 271 270 276 277 278 279 281 282 284 285 286 288 289 291 292 293 294 293 294 294 294 295 294 294 294 293 293 293 292 292 291 290 290 288 287 287 285 285 283 284 283 284 283 284 285 286 287 287 289 290 291 293 295 295 296 297 297
-32768 -32768 -32768 -32768 -32768 -32768 -32768 178 183 191 199 207 215 222 230 235 241 248 248 235 253 254 258 265 269 270 270 271 272 273 276 277 278 278 279 283 284 286 286 287 289 290 291 292 293 294 294 294 294 294 293 294 294 293 293 293 293 292 291 290 289 288 286 285 285 284 284 284 283 284 284 285 286 286 288 288 290 291 293 294 295 295 297 297 296
-32768 -32768 -32768 -32768 -32768 -32768 -32768 -32768 184 192 200 209 216 223 230 236 241 242 242 255 263 258 266 263 268 266 268 272 273 274 276 276 276 278 280 282 284 286 287 288 289 290 292 292 293 293 293 293 294 293 293 294 294 294 294 293 292 291 290 289 289 287 286 285 284 284 284 283 284 284 285 285 286 287 288 289 291 292 293 294 295 296 297 296 296
-32768 -32768 -32768 -32768 -32768 -32768 -32768 -32768 184 193 202 209 216 222 228 234 237 242 244 257 263 263 266 267 266 263 266 271 273 272 275 275 276 278 280 281 283 286 287 289 289 290 292 292 293 293 293 294 293 294 293 294 294 294 293 292 291 291 289 289 288 286 286 285 284 284 283 283 284 284 285 285 285 287 289 289 291 292 293 294 295 296 297 297 296
-32768 -32768 -32768 -32768 -32768 -32768 -32768 -32768 186 193 201 208 216 222 228 234 240 245 247 255 259 260 263 265 266 268 269 272 271 272 274 276 277 276 279 281 283 285 286 289 290 291 292 293 294 293 294 293 293 293 294 293 294 293 293 291 291 291 290 289 287 286 285 284 283 282 283 283 284 284 284 285 286 287 289 290 290 292 293 294 294 296 297 297 296
-32768 -32768 -32768 -32768 -32768 -32768 -32768 -32768 -32768 191 200 206 214 221 227 230 236 233 239 251 250 255 255 256 260 265 267 271 272 273 275 276 276 277 278 281 283 284 286 289 290 292 293 294 295 295 293 292 292 293 293 294 293 293 293 293 291 290 289 288 287 285 284 283 282 283 281 282 283 285 285 286 287 288 288 290 290 291 292 294 295 297 297 297 297
-32768 -32768 -32768 -32768 -32768 -32768 -32768 -32768 -32768 187 198 208 215 221 228 232 230 231 236 239 242 250 257 254 253 259 266 270 269 270 273 273 274 276 278 281 282 284 287 287 289 292 294 294 296 296 293 292 292 292 293 294 293 293 293 292 292 290 289 288 287 285 284 282 282 282 281 283 284 285 286 287 288 287 288 288 289 290 292 293 296 296 297 298 298
-32768 -32768 -32768 -32768 -32768 -32768 -32768 -32768 175 181 194 206 215 219 224 230 237 242 244 243 244 246 251 251 251 258 265 267 267 267 269 273 273 275 277 280 282 285 286 288 290 292 292 294 295 295 293 293 292 293 293 294 294 293 294 292 292 291 290 288 287 286 285 284 283 280 284 283 285 286 287 287 287 288 287 288 289 291 293 295 296 297 298 298 299
-32768 -32768 -32768 -32768 -32768 -32768 -32768 -32768 170 178 190 203 215 221 225 231 239 243 244 246 248 249 250 252 251 258 263 264 266 266 267 270 273 275 276 279 282 285 286 289 290 291 292 293 293 294 294 294 294 293 294 294 294 293 294 293 293 292 290 289 287 286 285 283 281 281 283 286 286 288 289 289 288 288 288 287 289 293 295 296 297 298 299 300 299
