DATA/PredictorVariables/1_WorldClim_R/bio7.asc
NCOLS 166 
NROWS 105 
XLLCORNER -9.41666666666667 
YLLCORNER 35.1666666666667 
CELLSIZE 0.0833333333333333 
NODATA_value -32768 
[rows 38 to 75 of 105, columns 0 to 84 of 166]
-32768 -32768 -32768 -32768 -32768 -32768 -32768 -32768 163 175 189 202 213 222 229 232 239 242 245 249 251 253 253 254 256 259 260 260 262 265 265 269 271 275 276 279 281 283 286 288 290 290 291 292 293 295 295 294 294 295 295 294 294 293 293 293 293 292 291 288 288 286 286 286 286 286 287 288 288 291 292 291 290 290 288 288 293 294 295 297 297 297 299 300 300
-32768 -32768 -32768 -32768 -32768 -32768 -32768 160 163 176 189 201 214 224 226 229 239 243 247 250 251 252 254 258 258 258 250 255 259 262 264 267 272 275 277 279 281 282 284 286 287 290 291 293 294 294 295 294 295 295 295 294 294 293 294 294 293 293 291 290 289 289 287 288 289 288 289 291 292 293 295 294 292 291 289 291 293 295 298 299 299 300 301 303 302
-32768 -32768 -32768 -32768 -32768 -32768 -32768 164 170 181 193 204 216 225 226 237 241 246 248 251 253 255 253 242 240 245 248 253 257 261 262 266 271 274 277 279 279 280 280 284 287 291 293 293 294 295 295 295 296 295 294 294 295 295 296 294 294 293 294 293 293 292 291 292 292 292 292 293 293 296 299 298 297 295 294 295 295 297 299 300 300 302 303 304 303
-32768 -32768 -32768 -32768 -32768 -32768 -32768 169 177 188 199 210 221 228 235 239 244 247 249 251 252 241 227 233 242 250 247 253 258 260 261 267 271 272 275 278 280 281 284 287 292 293 294 295 294 294 296 297 296 295 293 293 294 293 294 297 297 297 297 297 298 296 296 296 295 294 293 294 294 298 303 303 300 298 297 297 298 299 301 301 301 303 303 303 305
-32768 -32768 -32768 -32768 -32768 -32768 171 174 183 195 207 216 226 233 238 242 245 247 249 250 238 220 227 247 256 259 253 253 257 258 261 264 268 271 274 274 280 282 288 291 292 294 294 293 290 292 296 297 294 294 294 294 296 298 298 298 298 297 298 300 300 300 299 299 298 298 296 296 298 300 303 304 302 301 300 301 300 301 301 303 303 306 306 306 308
-32768 -32768 -32768 -32768 -32768 -32768 173 179 189 201 212 223 231 237 241 244 246 248 247 246 241 228 231 256 260 259 259 256 254 256 257 263 268 270 276 279 285 287 290 292 293 294 295 289 288 293 295 294 294 293 295 296 299 299 299 302 304 303 303 303 303 303 303 302 301 300 299 299 301 303 305 305 304 304 303 303 303 303 305 305 306 307 308 309 310
-32768 -32768 -32768 -32768 -32768 -32768 176 183 192 203 214 226 235 239 243 244 245 241 236 235 247 253 256 259 260 262 262 261 261 267 271 266 274 278 282 284 286 289 291 293 294 294 290 295 294 290 292 294 300 299 301 304 305 305 306 305 306 306 305 306 306 305 305 305 304 303 303 303 304 305 306 306 306 306 306 306 306 306 307 308 309 310 311 311 313
-32768 -32768 -32768 -32768 -32768 -32768 177 184 194 205 217 229 236 240 238 237 237 239 238 243 252 253 253 256 261 265 266 267 269 273 274 275 279 282 284 286 287 290 292 293 295 294 296 295 299 301 301 304 304 305 306 306 307 307 308 308 307 308 308 308 308 308 308 308 308 307 307 307 307 308 309 308 309 308 308 308 308 308 310 310 311 312 313 314 315
-32768 -32768 -32768 -32768 -32768 -32768 177 187 196 206 218 227 233 229 228 235 241 243 248 252 247 254 252 262 265 266 268 268 268 271 276 278 282 283 285 287 289 291 293 294 296 297 298 300 301 303 304 304 305 307 307 308 309 309 309 310 310 310 310 310 311 311 311 311 311 311 311 310 310 310 310 310 310 310 310 311 310 311 312 313 313 314 316 316 316
-32768 -32768 -32768 -32768 -32768 172 178 188 197 207 217 225 230 231 236 241 243 242 244 246 252 260 263 264 267 268 269 271 272 274 277 278 282 284 286 288 291 292 294 296 298 298 300 301 302 304 305 305 307 308 308 310 310 310 311 312 312 312 313 313 314 314 314 315 314 314 313 313 313 312 313 313 313 313 313 313 313 312 313 314 314 315 316 317 317
-32768 -32768 -32768 -32768 -32768 170 177 188 198 206 215 223 228 233 238 240 240 240 239 250 257 261 264 266 268 271 272 273 273 276 278 280 282 285 287 289 291 292 295 297 299 300 301 302 304 305 307 308 309 309 311 311 312 312 313 314 314 314 314 314 316 316 317 317 317 317 316 315 316 315 315 315 315 314 315 315 315 315 315 315 315 316 316 318 317
-32768 -32768 -32768 -32768 164 170 178 188 198 206 214 220 226 232 237 240 243 243 244 253 257 260 263 266 269 270 272 272 274 277 279 282 284 286 288 290 292 294 296 298 300 301 303 304 306 306 308 309 310 311 312 312 313 314 315 316 316 316 317 318 318 319 319 320 319 319 319 318 318 318 317 317 317 317 316 316 316 317 316 316 316 316 317 318 317
-32768 -32768 -32768 -32768 164 170 180 188 197 205 212 219 225 230 235 239 243 245 249 253 256 260 263 265 268 269 271 272 275 278 280 282 284 287 289 291 293 295 297 299 301 303 304 305 307 309 310 311 312 313 314 315 315 316 317 318 319 318 319 320 320 321 321 321 321 320 321 321 320 320 319 319 318 318 318 318 317 318 317 317 317 317 318 318 317
-32768 -32768 -32768 -32768 163 170 180 189 198 205 211 217 223 229 233 238 241 244 248 253 256 258 261 264 267 269 270 273 276 278 281 282 285 287 290 292 294 296 298 300 301 303 306 306 309 310 311 312 313 315 316 316 317 317 319 319 319 320 321 321 322 322 323 323 323 323 323 323 322 321 321 320 320 319 319 319 319 319 318 318 318 318 317 318 316
-32768 -32768 -32768 154 162 171 183 192 198 205 210 216 221 227 233 236 241 245 247 251 253 257 259 263 265 267 269 271 276 280 281 284 286 289 290 293 295 297 300 301 303 304 307 308 309 311 312 313 314 315 317 318 319 320 320 321 321 321 323 322 323 323 324 323 324 324 324 324 324 323 322 322 321 321 320 320 319 319 319 319 318 318 317 317 316
-32768 -32768 146 152 163 174 184 190 196 203 208 215 221 227 231 235 239 243 247 250 252 254 257 257 262 265 268 271 275 280 283 286 289 290 293 295 296 298 300 303 304 306 307 310 311 312 314 314 315 317 318 320 321 321 322 322 323 325 325 326 326 326 326 325 325 326 326 326 326 325 325 324 322 322 321 321 320 320 319 319 318 317 317 317 315
127 136 145 155 165 175 181 189 196 202 209 215 221 226 230 234 238 241 246 248 251 254 254 253 253 259 265 271 275 280 283 287 289 292 294 296 298 299 301 304 306 308 309 310 312 313 315 316 319 319 320 321 322 323 323 323 325 327 326 327 327 328 328 328 328 327 327 328 327 327 326 324 324 323 322 322 320 319 319 319 318 317 317 315 315
131 140 150 159 167 176 183 190 197 203 209 216 221 225 229 234 238 242 245 248 251 254 256 256 252 257 268 275 279 283 286 289 291 293 295 297 299 301 303 305 307 308 310 312 314 314 316 317 319 320 321 322 323 324 325 325 326 328 328 328 329 329 330 330 330 330 330 329 329 328 327 326 324 324 323 322 321 320 319 319 318 318 317 315 315
140 145 154 163 174 179 186 193 199 204 211 216 221 226 230 233 238 241 244 248 251 253 256 260 262 265 272 278 282 285 289 292 294 295 297 298 300 303 304 306 308 310 311 313 314 316 318 318 320 322 322 323 324 325 326 327 328 328 329 330 331 331 330 332 331 331 331 330 329 328 327 327 325 325 323 322 321 320 320 319 318 318 317 316 314
146 151 160 171 176 182 189 194 201 206 212 217 222 226 230 233 237 240 245 248 251 254 257 261 266 272 277 282 286 289 291 293 294 297 298 301 302 304 306 308 309 311 312 313 315 317 318 319 321 322 323 324 326 327 328 329 329 329 331 331 331 332 332 333 333 332 332 331 329 329 327 326 326 324 323 323 323 322 321 320 319 319 318 317 315
152 159 167 176 182 186 192 197 203 208 214 218 222 226 230 234 237 241 244 248 251 255 259 263 267 273 279 285 288 292 293 295 296 298 300 301 304 304 307 308 310 311 313 315 316 318 319 321 322 324 324 325 327 327 328 330 331 331 331 332 333 332 332 334 333 334 333 332 330 329 328 327 326 326 324 323 323 322 322 321 321 319 318 317 316
159 168 176 182 187 191 196 201 206 210 215 218 223 227 230 234 237 241 244 248 251 255 259 264 268 272 278 286 290 293 295 295 297 298 300 302 304 306 308 309 310 312 315 316 317 319 320 322 324 324 325 326 328 329 329 330 330 331 332 332 332 333 333 334 333 335 334 332 331 330 329 328 326 325 325 325 325 323 322 321 321 320 318 317 316
165 173 181 187 190 195 199 204 208 213 217 220 224 228 230 234 238 241 244 248 251 255 259 264 268 272 278 286 290 294 295 295 297 298 301 303 305 306 308 310 312 313 315 317 318 320 322 323 324 325 326 327 329 329 330 331 331 332 333 333 333 334 334 334 334 334 333 332 331 330 330 328 327 326 325 324 324 324 322 322 320 320 318 317 315
171 178 186 192 191 200 203 207 210 214 218 222 226 229 232 234 238 240 243 248 251 256 259 263 269 274 280 285 289 292 294 295 297 299 301 304 306 307 309 311 313 315 316 318 320 322 323 324 325 327 327 328 329 330 330 331 331 332 333 333 334 334 334 334 334 334 333 332 330 330 329 327 326 326 325 323 323 323 322 320 319 319 318 316 315
172 179 189 195 199 202 206 208 212 217 220 223 227 229 232 235 238 240 243 247 252 255 259 264 269 275 279 284 288 291 293 295 296 299 302 303 305 307 309 312 313 316 318 319 320 322 324 325 326 328 328 329 330 330 330 330 331 331 332 333 334 334 334 334 333 334 333 330 330 330 328 327 325 325 325 323 323 322 322 320 319 319 317 316 316
-32768 183 190 195 200 204 207 210 214 217 221 224 228 232 234 237 238 241 244 248 253 257 261 265 270 274 278 283 286 289 292 295 296 299 301 303 305 308 310 312 314 316 319 320 322 323 325 325 327 328 329 329 330 331 331 331 332 333 332 333 333 334 333 333 333 332 330 331 329 329 328 327 326 326 325 325 323 322 321 320 318 316 317 317 316
-32768 -32768 192 196 200 206 208 210 215 219 222 226 230 233 236 238 240 242 245 250 254 258 261 266 269 273 278 281 285 287 290 292 296 298 301 303 305 307 310 312 315 316 318 320 322 323 325 327 327 328 330 330 331 331 331 331 331 332 333 334 333 332 332 331 331 331 329 329 329 328 327 327 325 325 324 322 321 321 320 316 315 317 319 318 317
-32768 -32768 192 196 201 204 208 211 214 218 222 226 230 234 238 241 243 246 249 252 255 259 263 267 269 273 276 280 283 287 289 291 294 297 300 302 305 307 310 313 314 317 319 320 323 324 325 327 328 328 330 330 331 332 332 332 332 332 331 332 333 332 332 332 329 327 329 331 330 330 326 326 324 323 322 321 320 319 315 314 316 315 316 316 315
-32768 -32768 -32768 -32768 -32768 -32768 -32768 212 215 219 222 226 231 234 239 243 246 249 252 256 258 261 264 265 269 272 275 278 282 284 288 291 293 296 299 301 304 307 310 313 314 316 319 321 322 323 326 327 328 328 330 330 331 331 331 332 332 331 331 331 331 330 329 329 329 324 327 327 326 327 325 324 322 319 318 318 317 315 311 312 314 313 315 316 312
-32768 -32768 -32768 -32768 -32768 -32768 -32768 213 216 220 224 227 231 235 240 245 248 252 255 258 260 262 263 265 268 271 273 276 280 283 286 288 291 295 297 300 303 306 309 311 314 317 319 321 322 324 325 326 328 329 329 330 331 330 331 331 331 331 331 330 330 330 327 328 326 323 323 322 320 320 319 316 314 315 316 316 313 309 313 317 312 317 317 313 311
-32768 -32768 -32768 -32768 -32768 -32768 -32768 212 215 221 224 229 232 235 241 245 250 255 258 261 262 263 264 265 268 269 271 274 277 280 284 287 290 294 297 299 303 306 309 311 313 316 318 320 321 323 325 326 327 328 329 329 330 330 330 330 330 330 329 328 327 328 324 324 323 320 321 316 314 314 314 311 312 316 315 312 310 313 314 315 314 318 317 313 315
-32768 -32768 -32768 -32768 -32768 -32768 -32768 211 216 222 225 229 232 236 241 246 251 257 261 262 262 262 263 265 266 267 269 272 274 278 281 285 288 292 294 298 301 304 307 310 313 315 317 319 321 322 324 325 326 327 328 328 328 328 329 327 327 327 326 322 321 320 319 318 316 316 312 311 310 312 307 308 310 309 309 311 312 313 320 312 317 319 317 315 313
-32768 -32768 -32768 -32768 -32768 -32768 206 209 216 220 225 229 232 237 242 247 254 259 264 263 263 261 263 264 265 265 267 270 274 277 279 281 286 290 293 296 300 303 306 309 312 315 317 319 320 321 323 323 323 325 326 326 327 328 326 327 323 323 320 316 316 314 312 310 309 308 307 307 307 306 309 314 316 314 310 305 307 317 316 317 320 319 318 317 314
-32768 -32768 -32768 -32768 -32768 -32768 204 208 214 219 223 227 231 236 241 247 252 258 263 262 260 260 261 262 262 262 264 266 269 272 277 280 284 287 290 294 298 302 304 308 310 314 316 318 319 320 321 322 322 323 324 325 325 324 325 323 320 316 315 311 313 311 310 310 308 306 307 303 303 303 306 306 304 304 302 303 306 313 317 321 320 317 316 312 308
-32768 -32768 -32768 -32768 -32768 -32768 -32768 208 213 218 221 226 231 236 241 247 250 254 257 258 258 257 258 259 259 259 260 265 267 270 274 278 281 285 288 291 295 300 303 307 310 312 315 317 318 318 319 320 320 320 320 320 320 320 320 317 316 314 313 311 312 310 307 308 306 305 306 304 305 307 307 305 306 303 300 304 312 320 319 320 316 311 310 308 303
-32768 -32768 -32768 -32768 -32768 -32768 -32768 206 212 217 221 225 230 236 240 245 248 250 252 253 254 254 255 255 254 255 257 259 261 263 266 270 274 279 284 289 293 297 301 305 309 311 313 315 316 317 317 316 317 315 313 314 314 316 316 315 313 311 310 308 310 305 306 305 306 308 311 306 305 314 320 319 317 308 305 302 314 321 314 310 308 304 303 302 302
-32768 -32768 -32768 -32768 -32768 -32768 -32768 204 210 215 221 225 229 233 238 242 245 247 249 249 250 250 251 250 250 250 251 253 253 256 259 261 269 274 280 286 290 294 299 303 307 310 311 312 313 313 312 310 309 309 309 310 311 311 311 311 309 305 305 304 304 303 303 306 306 313 319 312 313 317 323 325 318 317 314 308 303 308 308 303 302 299 301 301 299
-32768 -32768 -32768 -32768 -32768 -32768 -32768 202 207 213 219 224 229 231 236 239 242 244 245 245 244 245 245 244 245 246 247 249 248 249 254 257 264 269 273 281 286 291 296 302 306 308 309 309 308 308 307 306 306 306 305 305 306 306 306 305 305 302 302 304 303 304 302 303 311 311 319 324 322 319 321 322 320 319 314 308 301 303 301 297 294 297 300 305 304
