DATA/PredictorVariables/1_WorldClim_R/bio9.asc
NCOLS 166 
NROWS 105 
XLLCORNER -9.41666666666667 
YLLCORNER 35.1666666666667 
CELLSIZE 0.0833333333333333 
NODATA_value -32768 
[rows 0 to 37 of 105, columns 0 to 84 of 166]
-32768.000000000000000 -32768 -32768 -32768 -32768 -32768 -32768 -32768 -32768 -32768 -32768 -32768 -32768 -32768 -32768 -32768 -32768 -32768 -32768 -32768 -32768 -32768 -32768 -32768 -32768 -32768 -32768 -32768 -32768 -32768 -32768 -32768 -32768 -32768 -32768 -32768 -32768 -32768 -32768 -32768 -32768 -32768 -32768 -32768 -32768 -32768 -32768 -32768 -32768 -32768 -32768 -32768 -32768 -32768 -32768 -32768 -32768 -32768 -32768 -32768 -32768 -32768 -32768 -32768 -32768 -32768 -32768 -32768 -32768 -32768 -32768 -32768 -32768 -32768 -32768 -32768 -32768 -32768 -32768 -32768 -32768 -32768 -32768 -32768 -32768
-32768 -32768 -32768 -32768 -32768 -32768 -32768 -32768 -32768 -32768 -32768 -32768 -32768 -32768 -32768 -32768 -32768 -32768 177 -32768 181 185 -32768 -32768 -32768 -32768 -32768 -32768 -32768 -32768 -32768 -32768 -32768 -32768 -32768 -32768 -32768 -32768 -32768 -32768 -32768 -32768 -32768 -32768 -32768 -32768 -32768 -32768 -32768 -32768 -32768 -32768 -32768 -32768 -32768 -32768 -32768 -32768 -32768 -32768 -32768 -32768 -32768 -32768 -32768 -32768 -32768 -32768 -32768 -32768 -32768 -32768 -32768 -32768 -32768 -32768 -32768 -32768 -32768 -32768 -32768 -32768 -32768 -32768 -32768
-32768 -32768 -32768 -32768 -32768 -32768 -32768 -32768 -32768 -32768 -32768 -32768 -32768 -32768 -32768 -32768 176 168 180 179 178 181 182 185 187 -32768 -32768 -32768 -32768 -32768 -32768 -32768 -32768 -32768 -32768 -32768 -32768 -32768 -32768 -32768 -32768 -32768 -32768 -32768 -32768 -32768 -32768 -32768 -32768 -32768 -32768 -32768 -32768 -32768 -32768 -32768 -32768 -32768 -32768 -32768 -32768 -32768 -32768 -32768 -32768 -32768 -32768 -32768 -32768 -32768 -32768 -32768 -32768 -32768 -32768 -32768 -32768 -32768 -32768 -32768 -32768 -32768 -32768 -32768 -32768
-32768 -32768 -32768 -32768 -32768 -32768 -32768 -32768 -32768 -32768 -32768 -32768 -32768 -32768 181 178 177 174 178 172 171 179 173 174 181 188 -32768 -32768 -32768 -32768 -32768 -32768 -32768 -32768 -32768 -32768 -32768 -32768 187 -32768 186 186 183 184 186 -32768 -32768 -32768 -32768 -32768 -32768 -32768 -32768 -32768 -32768 -32768 -32768 -32768 -32768 -32768 -32768 -32768 -32768 -32768 -32768 -32768 -32768 -32768 -32768 -32768 -32768 -32768 -32768 -32768 -32768 -32768 -32768 -32768 -32768 -32768 -32768 -32768 -32768 -32768 -32768
-32768 -32768 -32768 -32768 -32768 -32768 -32768 -32768 -32768 -32768 -32768 -32768 -32768 178 180 179 177 175 169 166 168 171 166 179 185 186 185 186 190 189 188 186 189 183 186 185 181 178 180 181 182 183 183 181 185 185 182 181 186 185 -32768 -32768 -32768 -32768 -32768 -32768 -32768 -32768 -32768 -32768 -32768 -32768 -32768 -32768 -32768 -32768 -32768 -32768 -32768 168 184 -32768 -32768 -32768 -32768 -32768 -32768 -32768 -32768 -32768 -32768 -32768 -32768 -32768 -32768
-32768 -32768 -32768 -32768 -32768 -32768 -32768 -32768 -32768 -32768 -32768 -32768 -32768 179 182 176 171 169 171 168 162 160 159 169 179 185 179 187 186 179 175 174 182 169 176 179 175 168 177 182 176 175 178 180 180 176 175 182 181 180 178 184 187 186 189 191 192 -32768 -32768 -32768 -32768 -32768 -32768 171 170 169 169 169 169 183 185 185 -32768 -32768 -32768 -32768 -32768 183 183 183 188 -32768 -32768 -32768 -32768
-32768 -32768 -32768 -32768 -32768 -32768 178 183 -32768 -32768 -32768 180 181 181 182 177 172 171 168 171 169 169 165 168 171 175 181 181 171 163 169 175 171 167 176 169 164 172 179 179 182 182 177 179 179 177 177 178 179 180 185 186 179 178 176 171 178 183 188 189 190 188 185 186 188 168 185 184 185 181 182 185 181 181 185 187 188 186 185 182 184 184 186 190 -32768
-32768 -32768 -32768 -32768 -32768 179 181 180 178 179 179 179 182 183 184 178 173 167 169 172 174 174 177 174 175 175 181 169 166 167 178 173 161 162 172 176 175 169 173 171 171 174 178 177 177 175 169 169 173 167 173 177 168 161 164 171 166 176 175 181 179 180 182 179 183 182 181 175 170 172 174 180 175 175 175 181 181 189 186 186 186 184 182 186 185
-32768 -32768 181 180 181 179 179 180 180 178 173 175 178 182 181 175 173 170 172 173 177 177 180 180 178 173 177 172 169 174 179 166 158 169 174 172 160 164 160 160 169 152 167 177 170 168 170 168 166 153 161 164 150 124 138 131 136 167 159 166 172 174 169 173 179 175 174 173 160 149 164 174 175 173 178 182 181 178 186 187 185 180 180 182 181
-32768 -32768 183 181 177 178 175 174 175 173 175 177 177 178 175 172 172 171 174 174 176 180 181 180 176 172 176 166 170 168 175 167 161 168 170 159 148 160 151 156 152 164 164 171 163 164 164 154 148 153 148 142 152 137 131 140 162 171 165 144 155 160 161 162 174 164 171 167 150 146 152 157 166 178 178 182 181 182 182 184 176 180 182 182 180
-32768 180 180 178 174 174 174 174 175 177 179 182 182 181 179 177 173 168 172 176 177 180 180 178 177 171 170 175 174 180 178 164 155 166 154 154 135 133 137 127 138 131 156 165 140 138 144 136 133 144 137 145 149 139 140 128 132 142 151 146 131 142 154 158 160 159 161 158 159 164 165 165 165 168 165 167 181 182 171 159 172 172 182 184 178
-32768 183 182 175 174 174 175 177 178 181 183 185 184 182 180 180 174 173 171 176 175 178 183 184 183 174 175 173 181 179 169 167 158 155 148 140 148 148 147 142 147 146 140 146 149 144 149 141 147 157 149 149 151 153 144 131 128 134 146 152 133 141 157 160 162 163 162 162 164 168 174 171 168 168 167 166 169 172 175 171 177 178 173 171 164
-32768 185 -32768 181 174 176 179 179 184 187 185 185 188 186 184 185 183 180 177 176 180 183 186 188 185 180 173 180 180 169 155 145 145 155 152 154 148 136 142 137 137 148 157 144 155 157 159 152 160 161 153 158 152 156 146 144 144 146 156 160 160 160 162 161 163 160 166 165 169 166 169 174 170 168 165 170 169 168 171 179 183 183 182 181 180
-32768 -32768 -32768 184 182 185 187 177 185 189 190 189 191 190 182 182 179 176 179 177 179 187 182 182 188 175 171 174 171 166 145 157 164 173 170 156 142 142 143 152 159 164 166 167 163 170 171 167 170 168 166 166 162 165 159 155 161 162 160 163 165 168 167 164 167 168 163 166 165 161 168 169 177 178 176 168 181 176 181 181 178 177 175 176 170
-32768 -32768 -32768 188 184 175 183 183 189 188 187 190 182 183 181 177 178 174 172 181 187 180 179 183 182 172 161 158 162 169 162 174 182 180 181 171 167 168 165 160 161 168 172 174 172 178 179 175 178 173 175 172 171 169 165 165 166 167 166 169 169 170 166 165 166 167 167 168 165 161 166 177 170 172 167 171 186 188 187 183 183 183 175 180 181
-32768 -32768 -32768 -32768 187 182 190 191 187 189 184 181 175 169 180 179 174 173 171 183 189 185 187 195 185 171 172 166 158 170 178 186 192 193 189 188 185 177 169 173 177 176 180 180 180 185 185 183 182 179 180 174 177 172 170 171 170 173 171 173 175 174 170 170 168 168 167 167 165 166 173 180 180 179 178 176 181 185 189 182 176 174 180 181 182
-32768 -32768 -32768 -32768 188 189 192 191 191 188 185 181 177 171 173 177 173 171 177 182 190 191 199 198 193 184 179 167 165 173 187 195 199 196 191 176 167 164 167 177 181 181 185 186 186 189 189 189 186 184 180 179 181 177 174 176 174 175 176 176 178 178 177 177 176 173 169 170 170 172 174 171 174 176 177 179 187 191 192 194 195 195 196 195 195
-32768 -32768 -32768 -32768 190 190 191 189 185 191 186 178 168 174 181 185 188 189 189 190 192 196 197 191 190 191 191 175 181 186 191 194 183 168 170 159 156 169 177 182 186 186 189 189 189 190 192 191 189 186 183 183 184 181 178 180 181 180 180 181 181 181 181 180 179 175 173 174 175 173 172 173 175 175 178 182 185 189 191 194 198 197 200 203 204
-32768 -32768 -32768 -32768 -32768 192 190 191 187 190 188 184 170 173 188 198 196 200 202 201 184 179 186 187 176 176 195 197 180 176 186 169 164 169 148 145 156 171 177 182 187 190 192 192 192 192 194 192 190 189 186 187 187 185 182 183 184 184 184 184 184 184 184 183 180 178 178 178 178 176 174 173 168 170 175 171 171 179 184 194 193 183 193 197 200
-32768 -32768 -32768 -32768 -32768 -32768 190 189 186 191 187 183 178 169 184 202 200 196 204 201 188 185 172 168 167 159 183 187 176 161 156 152 152 160 170 163 153 164 177 186 189 192 193 194 194 194 195 192 190 189 189 190 190 188 187 186 186 187 187 188 187 187 186 184 179 181 182 181 179 176 175 172 167 161 160 158 168 158 170 185 175 169 179 178 175
-32768 -32768 -32768 -32768 -32768 -32768 192 190 190 190 192 195 184 181 192 198 196 197 194 193 189 191 172 159 153 147 165 182 169 161 146 134 138 149 149 154 165 171 180 186 189 190 194 195 195 195 196 193 193 192 192 192 190 190 190 190 189 189 190 190 189 188 186 183 185 185 184 183 181 179 176 169 158 155 147 147 150 148 164 169 166 177 170 177 168
-32768 -32768 -32768 -32768 -32768 -32768 187 190 182 195 195 198 189 200 192 185 177 182 182 183 189 187 181 170 160 164 174 179 165 155 143 145 165 173 172 172 177 183 188 189 192 194 194 197 196 197 196 196 194 194 194 193 191 192 192 193 194 192 193 190 187 188 187 190 187 188 186 184 181 178 174 177 175 169 167 166 161 169 165 155 161 167 161 157 165
-32768 -32768 -32768 -32768 -32768 -32768 178 179 189 194 196 194 197 179 163 155 164 174 183 187 189 190 182 194 179 176 180 174 168 161 155 154 176 179 180 183 184 188 191 193 195 196 196 197 198 199 198 197 194 196 195 194 194 195 195 195 196 195 195 191 192 193 191 189 187 188 188 187 186 183 181 177 180 179 172 156 152 151 144 148 148 149 151 160 169
-32768 -32768 -32768 -32768 -32768 -32768 181 189 190 190 178 185 180 157 170 176 184 181 171 170 177 181 189 203 191 185 189 183 178 178 175 165 183 185 183 182 187 189 191 192 195 196 198 199 200 199 199 196 197 197 196 195 197 197 197 196 194 192 195 196 194 192 190 188 186 187 187 185 184 183 179 176 173 181 178 175 173 167 156 161 153 163 164 171 165
-32768 -32768 -32768 -32768 -32768 -32768 187 187 182 186 177 191 191 185 186 187 172 160 162 165 166 186 190 205 195 185 192 192 184 184 186 185 193 189 191 189 187 186 185 188 191 195 197 199 200 200 199 199 199 198 197 197 196 195 194 193 193 194 199 196 194 192 190 188 187 187 188 187 186 186 184 181 179 178 178 177 174 173 174 177 178 179 178 181 181
-32768 -32768 -32768 -32768 -32768 -32768 185 182 179 193 191 195 193 187 171 164 156 173 167 171 173 181 192 207 198 187 196 196 196 189 182 191 198 191 195 193 190 192 194 192 192 196 200 200 200 199 199 198 197 199 199 196 194 194 193 194 196 200 199 195 195 193 192 191 191 192 191 190 191 190 189 188 187 185 182 180 180 178 178 178 178 179 184 185 183
-32768 -32768 -32768 -32768 -32768 -32768 184 186 189 188 188 187 192 189 185 184 188 178 171 172 182 194 203 201 190 197 204 207 198 189 178 191 192 196 198 192 191 192 194 196 196 197 199 201 202 201 200 199 199 198 196 195 195 195 195 197 201 198 197 197 196 194 193 193 192 196 197 196 194 194 193 192 191 189 188 187 186 184 185 183 180 183 184 186 187
-32768 -32768 -32768 -32768 -32768 -32768 -32768 188 187 189 192 198 199 199 192 190 174 173 179 190 193 200 204 187 199 207 212 213 204 193 189 189 197 199 200 197 195 194 195 195 197 200 201 199 201 201 199 199 198 198 199 198 197 196 197 201 203 200 200 199 197 197 198 199 196 197 195 195 195 195 194 193 192 192 193 189 191 189 189 188 189 188 186 186 190
-32768 -32768 -32768 -32768 -32768 -32768 -32768 187 187 191 193 196 192 196 197 188 190 193 194 200 187 191 183 190 206 214 217 213 205 200 200 200 205 205 203 198 196 198 199 199 198 199 201 200 203 203 201 201 201 201 201 201 200 201 203 204 204 204 198 198 196 195 195 197 196 194 192 193 193 189 190 188 191 193 194 195 194 192 192 193 191 190 188 190 187
-32768 -32768 -32768 -32768 -32768 -32768 -32768 189 189 189 192 192 196 196 196 192 193 207 197 182 181 183 191 200 202 204 216 212 200 190 204 208 209 207 205 200 198 201 199 199 201 200 201 202 202 202 201 201 202 203 203 203 203 203 202 203 204 202 199 197 196 196 196 196 196 195 189 183 182 184 192 191 189 191 189 190 191 192 193 192 192 193 193 190 186
-32768 -32768 -32768 -32768 -32768 -32768 -32768 188 189 190 193 195 196 195 198 193 197 206 193 169 191 190 193 203 213 215 214 209 212 204 210 208 200 196 198 201 204 201 199 198 199 200 200 199 199 198 199 199 200 200 201 201 201 201 201 202 204 202 202 203 201 200 200 199 198 198 192 186 189 191 192 191 190 186 183 183 181 182 187 189 187 187 188 190 189
-32768 -32768 -32768 -32768 -32768 -32768 -32768 -32768 188 189 191 190 189 194 199 201 206 192 183 198 204 196 206 199 211 203 203 216 216 212 215 207 199 201 205 208 203 201 200 199 198 198 196 197 197 196 196 199 201 198 200 201 201 203 203 203 203 203 203 203 203 202 200 199 199 197 196 192 195 193 187 179 175 175 174 175 177 181 184 186 187 186 186 185 189
-32768 -32768 -32768 -32768 -32768 -32768 -32768 -32768 189 190 191 193 193 197 199 205 192 188 189 211 208 206 215 213 209 199 200 219 215 209 211 205 205 204 205 201 200 201 202 201 199 198 196 194 198 195 194 196 198 199 200 201 201 202 203 202 202 201 203 203 202 202 201 200 199 198 196 193 191 191 179 160 160 167 172 170 177 188 187 191 192 185 185 184 189
-32768 -32768 -32768 -32768 -32768 -32768 -32768 -32768 190 190 193 194 195 196 201 200 200 203 201 210 208 208 211 209 212 214 215 222 211 209 212 211 207 202 202 202 201 200 201 202 203 201 201 201 201 200 196 196 197 199 199 200 200 202 202 201 202 200 202 202 201 200 202 200 197 193 191 189 183 171 161 164 176 171 180 178 183 188 190 194 194 188 186 185 184
-32768 -32768 -32768 -32768 -32768 -32768 -32768 -32768 -32768 190 190 195 196 198 195 185 190 177 182 197 193 198 196 196 199 207 210 221 219 218 217 216 208 204 203 202 202 201 200 201 202 202 203 203 203 201 197 195 195 198 198 199 199 200 200 199 201 199 200 200 199 201 200 197 193 187 171 169 169 188 187 173 182 191 189 186 196 198 197 197 192 190 187 184 184
-32768 -32768 -32768 -32768 -32768 -32768 -32768 -32768 -32768 190 188 190 191 193 195 192 180 175 181 183 183 192 202 194 190 200 213 218 211 211 215 208 207 205 205 204 202 202 202 201 201 203 204 203 203 203 199 197 196 196 197 197 197 198 197 199 200 198 198 197 199 201 201 197 190 166 156 176 189 195 197 191 191 199 199 200 201 204 202 199 193 189 188 188 186
-32768 -32768 -32768 -32768 -32768 -32768 -32768 -32768 188 189 190 190 188 178 181 186 196 196 195 190 189 190 196 193 192 201 212 214 209 204 209 211 206 204 204 205 205 205 205 204 203 204 203 202 202 200 197 198 197 196 196 194 195 196 197 199 199 198 195 194 197 198 197 191 182 154 180 171 179 195 203 208 207 203 205 209 206 202 197 194 195 193 191 188 186
-32768 -32768 -32768 -32768 -32768 -32768 -32768 -32768 186 190 191 192 183 190 188 192 203 203 199 197 197 198 197 198 194 203 211 210 212 207 204 207 208 204 204 204 206 206 205 205 203 202 200 199 197 195 199 198 197 197 195 193 191 192 195 194 196 194 192 190 191 192 184 163 162 153 164 189 203 207 215 212 206 206 211 214 208 200 198 198 200 199 192 190 192
