DATA/PredictorVariables/1_WorldClim_R/bio9.asc
NCOLS 166 
NROWS 105 
XLLCORNER -9.41666666666667 
YLLCORNER 35.1666666666667 
CELLSIZE 0.0833333333333333 
NODATA_value -32768 
[rows 38 to 75 of 105, columns 0 to 84 of 166]
-32768 -32768 -32768 -32768 -32768 -32768 -32768 -32768 185 190 192 195 196 191 196 196 202 200 200 204 206 207 205 204 207 209 208 204 205 206 202 205 206 209 202 203 207 204 204 203 203 200 195 194 198 203 200 198 196 194 191 186 186 184 183 184 189 187 186 178 180 177 176 181 193 195 203 205 203 215 221 216 213 211 215 213 202 201 201 197 203 207 205 200 193
-32768 -32768 -32768 -32768 -32768 -32768 -32768 184 185 189 194 198 198 195 188 187 202 206 208 209 208 206 210 214 211 208 196 198 203 202 203 204 209 212 210 207 204 202 199 197 195 197 199 199 200 202 198 195 190 186 183 177 176 178 182 188 189 185 181 177 174 177 173 194 207 202 204 217 219 223 224 218 218 216 219 210 206 206 200 198 207 202 197 192 190
-32768 -32768 -32768 -32768 -32768 -32768 -32768 186 188 191 196 201 202 196 186 206 209 212 211 213 213 215 210 192 187 194 195 198 201 203 201 205 209 210 211 209 200 194 185 194 197 203 206 202 198 200 196 191 190 188 180 169 180 185 183 179 178 183 192 189 196 196 193 206 211 216 221 224 221 225 226 222 222 222 214 209 213 206 202 204 210 203 201 199 201
-32768 -32768 -32768 -32768 -32768 -32768 -32768 189 190 194 198 203 203 201 205 210 213 214 215 213 211 194 172 181 191 201 195 200 204 203 201 207 208 205 206 207 202 200 201 202 218 217 210 209 197 196 198 197 191 177 165 164 167 165 172 186 195 202 205 209 215 210 211 217 224 226 222 226 225 226 230 228 225 217 211 213 212 206 207 212 213 211 213 210 208
-32768 -32768 -32768 -32768 -32768 -32768 191 191 193 197 200 205 204 207 213 214 215 215 212 210 193 156 172 201 214 215 205 201 203 199 200 202 203 204 204 196 202 205 220 226 223 214 209 196 173 179 196 191 174 168 167 167 177 178 187 192 189 185 192 218 222 224 227 231 228 228 225 225 230 229 230 229 222 216 214 217 213 214 219 215 216 208 205 210 204
-32768 -32768 -32768 -32768 -32768 -32768 191 192 196 199 204 208 206 209 215 215 216 215 211 207 197 171 177 215 220 217 214 207 199 197 193 199 202 199 207 212 220 223 227 232 225 220 212 177 162 181 186 177 167 155 162 171 189 184 186 210 224 219 215 217 222 230 235 232 230 231 228 228 231 232 233 229 221 219 220 217 217 222 217 211 215 213 207 206 202
-32768 -32768 -32768 -32768 -32768 -32768 190 194 199 203 208 212 211 213 213 215 212 204 194 189 207 214 218 220 220 222 221 217 213 221 223 206 219 225 229 231 227 232 235 236 236 217 190 204 188 162 164 168 198 186 193 216 228 222 235 232 228 222 220 230 237 238 234 231 231 233 229 231 231 233 233 231 226 224 222 223 225 223 212 210 213 206 207 207 205
-32768 -32768 -32768 -32768 -32768 -32768 195 198 201 205 209 210 211 215 206 203 201 201 198 204 215 214 214 217 223 229 228 226 229 232 230 228 233 238 237 234 233 236 237 237 231 216 216 201 217 219 222 229 240 240 240 238 235 234 232 222 218 233 237 240 238 235 233 233 236 233 234 235 232 236 235 229 224 224 227 229 226 221 212 210 210 207 205 204 200
-32768 -32768 -32768 -32768 -32768 -32768 196 197 202 206 205 206 210 199 192 201 208 209 214 219 209 218 213 226 231 231 232 229 227 229 236 238 241 241 239 239 241 243 243 239 235 233 231 231 239 242 245 245 245 244 242 241 241 239 234 236 240 241 241 240 239 237 236 238 240 237 240 236 237 238 235 234 232 232 229 225 222 219 214 211 210 208 204 204 199
-32768 -32768 -32768 -32768 -32768 195 196 198 202 206 201 206 207 201 205 211 213 208 210 211 218 229 229 231 234 235 236 235 235 237 239 237 241 242 242 243 245 245 241 238 240 243 246 247 247 246 247 246 246 245 244 244 242 240 242 242 243 242 239 237 237 239 241 242 241 241 242 241 238 233 229 227 226 226 223 221 220 219 215 212 214 213 209 207 205
-32768 -32768 -32768 -32768 -32768 195 198 199 201 205 204 208 207 210 214 214 210 208 203 218 228 233 233 234 236 241 242 241 238 239 241 241 240 242 243 242 242 239 236 240 243 247 248 248 247 247 244 247 247 244 242 244 243 244 242 238 240 242 243 243 242 243 244 242 241 242 242 240 238 234 230 228 228 226 224 224 223 221 217 216 215 214 213 210 209
-32768 -32768 -32768 -32768 193 194 198 200 201 201 205 211 209 214 216 217 218 213 214 224 231 233 234 238 242 242 243 240 241 241 241 242 244 245 243 242 240 242 245 245 246 245 245 245 248 245 242 246 244 243 243 245 243 243 241 237 237 238 238 239 243 240 236 236 234 233 235 236 235 236 234 231 230 228 227 227 225 223 218 216 215 217 215 212 212
-32768 -32768 -32768 -32768 192 193 197 200 200 202 209 213 213 213 218 217 219 219 225 231 232 236 238 239 239 240 242 240 241 244 244 241 241 242 245 248 246 245 243 243 245 243 241 238 236 237 239 237 236 237 240 239 238 231 233 232 232 231 233 233 235 233 230 233 230 230 231 232 232 233 232 232 230 230 229 228 226 225 221 219 216 218 216 212 213
-32768 -32768 -32768 -32768 192 196 196 197 194 203 209 214 217 216 220 219 218 221 228 232 235 238 238 238 239 241 239 242 243 242 241 240 240 239 243 245 247 247 246 246 246 245 244 242 240 237 233 232 225 231 230 235 236 224 225 223 224 223 225 225 231 231 227 226 228 228 229 231 231 233 232 232 230 232 231 230 228 224 220 222 221 218 219 215 215
-32768 -32768 -32768 192 193 196 190 191 195 200 213 217 220 219 220 223 224 227 229 233 233 235 235 238 238 238 236 237 241 244 243 242 243 242 243 244 247 247 247 248 247 245 243 242 239 238 236 223 222 219 230 229 235 233 227 224 224 214 225 216 219 221 222 222 223 225 231 232 232 232 232 232 233 233 232 231 230 228 224 225 224 220 220 220 219
-32768 -32768 188 192 193 193 192 198 206 211 216 219 221 223 226 228 230 229 229 230 231 232 232 231 234 235 236 235 237 242 243 244 246 245 245 244 243 245 246 247 247 246 242 240 230 234 235 225 218 233 238 239 238 242 240 239 236 231 233 228 230 231 233 221 215 219 225 229 229 232 233 233 234 234 232 230 231 231 229 228 227 225 224 222 222
183 185 189 192 195 196 202 206 209 214 218 220 218 221 223 226 226 227 229 231 232 232 231 226 222 226 230 233 236 237 238 242 241 242 245 246 245 245 245 246 245 243 243 242 235 232 234 237 238 240 245 243 245 246 245 243 240 236 230 227 226 233 229 226 226 222 225 229 227 224 231 234 235 235 235 233 233 233 231 231 229 227 226 226 225
184 185 189 193 197 201 205 209 212 217 219 219 219 221 223 225 227 229 230 233 233 234 233 230 220 222 232 239 238 240 243 244 242 244 244 243 246 245 243 244 244 243 246 249 246 249 248 247 243 244 249 248 248 241 244 243 239 239 237 236 240 240 235 228 228 230 229 225 226 223 231 235 236 236 236 235 234 234 232 230 230 228 227 227 226
187 189 192 195 193 203 207 211 215 218 218 220 221 223 224 226 229 229 230 233 234 233 233 234 233 232 235 240 242 240 244 244 244 244 243 243 244 244 244 239 243 250 250 251 251 252 251 252 251 248 248 249 249 244 239 241 241 242 239 233 237 242 240 232 231 234 236 236 232 235 238 238 237 236 235 235 235 233 232 230 229 227 226 225 226
189 191 194 195 201 207 210 214 218 219 220 220 222 223 225 228 229 230 232 233 234 234 233 234 236 238 239 242 244 243 245 244 245 245 245 247 247 245 247 249 253 253 254 255 254 254 254 254 253 250 250 247 246 245 242 237 242 242 237 234 236 237 239 235 234 237 239 239 239 239 238 238 237 237 236 235 234 233 231 229 226 225 224 222 223
190 193 195 197 203 211 215 217 219 219 220 221 223 225 226 228 229 230 231 233 234 234 236 236 237 239 242 242 243 247 246 247 247 247 248 249 250 249 248 250 254 255 255 255 255 255 251 250 254 252 250 251 248 246 244 240 239 242 243 243 235 237 242 237 239 239 239 240 240 239 239 238 238 236 235 234 232 229 224 223 222 220 221 219 219
190 191 195 197 206 214 217 219 220 221 223 225 225 226 227 229 230 231 229 230 231 232 234 235 235 235 238 243 246 247 246 246 247 248 249 250 251 250 251 254 255 255 255 255 254 254 254 253 251 251 252 249 241 245 243 243 244 244 240 243 242 240 242 239 240 239 239 240 239 239 239 238 238 236 233 230 227 225 226 223 220 218 216 214 216
190 192 198 208 213 218 219 220 221 222 223 224 224 226 227 227 228 229 229 230 230 228 229 232 234 233 237 244 247 247 245 245 247 248 249 250 250 251 253 253 253 254 252 252 252 251 254 252 252 250 251 253 248 250 248 245 243 240 239 243 243 239 240 242 241 241 240 239 239 238 235 236 238 236 233 231 229 226 223 223 221 219 217 215 215
190 195 203 214 216 221 221 221 222 223 223 224 224 224 225 224 225 226 226 228 233 229 228 228 235 239 242 245 245 244 243 244 244 246 247 247 248 250 249 249 249 249 250 246 251 250 253 251 249 248 248 249 254 249 249 248 249 244 243 240 242 242 240 239 239 236 238 240 240 240 239 238 237 234 233 232 230 226 224 222 220 219 217 217 218
197 202 209 216 221 221 222 222 223 222 223 224 224 223 222 221 226 228 228 226 228 227 229 233 234 241 243 242 243 242 242 243 244 245 246 246 246 248 250 249 247 246 248 248 248 250 248 248 245 246 248 252 253 252 254 253 250 248 247 242 239 240 241 241 238 234 236 242 241 239 240 239 237 235 234 233 231 228 225 221 220 222 221 216 212
-32768 210 212 216 219 220 222 223 224 224 224 224 222 221 221 225 225 226 229 231 230 231 232 235 238 240 242 240 239 238 239 241 242 242 244 244 244 246 248 247 246 244 244 248 245 246 243 246 249 251 252 252 252 248 252 250 246 246 244 243 240 240 240 239 240 242 243 238 242 239 239 239 238 235 231 232 231 229 224 226 225 229 220 209 203
-32768 -32768 213 215 217 217 221 224 225 224 225 225 223 223 222 220 227 229 230 232 231 232 232 234 237 241 240 239 237 236 235 233 236 235 241 242 241 242 245 248 242 243 244 247 242 241 244 246 250 250 249 249 251 250 251 252 251 247 239 235 239 241 242 246 245 242 244 244 241 240 239 236 235 235 233 233 234 228 230 233 231 224 208 204 203
-32768 -32768 210 211 213 214 223 224 225 225 225 226 226 225 225 230 226 231 231 233 232 232 233 235 238 240 240 239 238 236 234 229 229 230 236 241 238 239 242 246 246 244 243 244 243 243 246 246 245 247 247 247 249 248 248 248 248 249 248 244 234 235 236 237 246 250 242 236 232 230 238 237 238 238 238 235 233 234 236 235 229 223 219 210 208
-32768 -32768 -32768 -32768 -32768 -32768 -32768 224 224 224 226 227 226 227 225 225 227 231 229 228 230 233 234 237 240 239 239 239 237 237 233 231 239 238 238 237 238 238 238 242 243 242 244 244 244 245 245 244 245 245 244 245 246 246 245 245 246 245 245 247 246 248 243 242 242 252 245 245 242 237 240 240 243 245 243 240 239 239 242 238 232 228 215 208 216
-32768 -32768 -32768 -32768 -32768 -32768 -32768 223 222 223 224 226 227 229 228 227 231 227 228 227 231 231 235 237 239 239 240 239 239 237 236 239 241 240 240 239 238 237 237 237 239 241 242 243 243 245 244 244 247 247 247 244 240 246 247 244 245 245 244 243 244 245 251 247 250 254 253 252 252 251 250 253 253 250 244 242 243 246 235 225 230 213 205 214 216
-32768 -32768 -32768 -32768 -32768 -32768 -32768 220 220 220 224 225 226 229 229 230 229 229 232 229 229 232 235 237 238 239 238 239 239 240 237 235 230 232 236 239 237 236 240 239 237 238 240 244 246 250 248 244 243 242 246 248 247 244 248 250 249 246 248 248 249 246 254 252 254 257 253 260 260 259 257 258 253 247 245 245 245 237 231 225 224 206 207 214 202
-32768 -32768 -32768 -32768 -32768 -32768 -32768 221 218 215 221 225 227 228 229 229 230 229 231 233 234 236 236 236 237 238 239 239 238 238 237 234 231 232 229 231 234 232 235 242 245 242 238 241 243 248 251 251 249 248 244 243 246 251 250 252 255 252 254 261 259 258 260 260 261 260 263 263 263 260 262 259 255 254 252 247 241 235 212 230 209 199 200 200 201
-32768 -32768 -32768 -32768 -32768 -32768 218 220 216 216 219 224 226 228 229 228 227 228 229 232 232 235 235 234 234 236 236 234 231 230 233 237 232 228 229 230 225 228 235 239 245 248 246 241 239 242 248 253 257 253 252 247 246 248 251 252 260 260 262 265 265 266 267 267 267 267 267 266 264 263 259 251 246 246 248 251 246 224 219 215 191 196 190 193 195
-32768 -32768 -32768 -32768 -32768 -32768 217 218 215 218 221 224 226 227 228 227 228 229 228 230 234 234 233 233 233 234 236 235 236 234 229 229 230 231 237 240 236 236 241 240 238 248 244 241 245 239 241 247 250 256 256 251 253 256 254 256 263 267 266 267 265 266 265 264 266 266 265 266 265 264 261 257 257 256 254 251 245 230 215 196 188 200 198 206 211
-32768 -32768 -32768 -32768 -32768 -32768 -32768 218 215 218 221 224 225 226 225 226 227 229 230 232 232 234 233 232 233 235 234 231 230 230 227 228 227 229 231 236 243 243 242 244 246 253 248 247 247 243 246 250 257 256 260 259 261 261 263 267 267 265 264 264 262 262 264 263 264 265 264 265 263 260 258 258 254 254 254 248 233 206 204 196 203 217 212 214 219
-32768 -32768 -32768 -32768 -32768 -32768 -32768 217 214 217 220 222 224 223 222 224 226 228 230 231 232 233 232 232 234 234 233 232 234 235 235 238 238 238 236 236 242 247 244 246 246 255 256 253 254 253 255 258 257 262 265 265 265 265 264 264 264 262 262 262 260 262 262 262 261 260 256 261 262 249 237 233 236 248 248 248 227 203 219 223 223 224 224 220 218
-32768 -32768 -32768 -32768 -32768 -32768 -32768 217 216 217 217 218 222 223 222 222 225 226 228 229 230 233 231 234 234 235 235 235 237 239 239 242 240 238 239 240 241 246 250 251 252 252 260 260 260 256 259 263 263 264 263 262 262 262 260 259 261 263 261 261 259 261 260 258 257 249 239 250 248 243 225 206 233 233 236 240 242 232 228 230 229 229 224 219 219
-32768 -32768 -32768 -32768 -32768 -32768 -32768 215 217 218 217 216 216 220 220 221 222 224 227 229 231 232 232 234 235 234 234 234 238 240 239 241 238 239 244 241 244 248 252 254 258 257 262 265 264 263 264 263 262 261 261 261 260 259 259 259 257 259 257 254 256 254 257 255 246 248 236 221 229 238 231 228 229 229 234 238 241 235 233 235 234 229 221 209 207
