DATA/PredictorVariables/2_test_multicolinealidad_seleccion_variables/2_3_Variables_definitivas/hfp.asc
NCOLS 166 
NROWS 105 
XLLCORNER -9.416666667 
YLLCORNER 35.166666667 
CELLSIZE 0.0833333333313253 
NODATA_value -9999 
[rows 0 to 21 of 105, columns 0 to 50 of 166]
-9999.000000000000000 -9999 -9999 -9999 -9999 -9999 -9999 -9999 -9999 -9999 -9999 -9999 -9999 -9999 -9999 -9999 -9999 -9999 -9999 -9999 -9999 -9999 -9999 -9999 -9999 -9999 -9999 -9999 -9999 -9999 -9999 -9999 -9999 -9999 -9999 -9999 -9999 -9999 -9999 -9999 -9999 -9999 -9999 -9999 -9999 -9999 -9999 -9999 -9999 -9999 -9999
-9999 -9999 -9999 -9999 -9999 -9999 -9999 -9999 -9999 -9999 -9999 -9999 -9999 -9999 -9999 -9999 -9999 -9999 -9999 -9999 29.6216641026976 32 -9999 -9999 -9999 -9999 -9999 -9999 -9999 -9999 -9999 -9999 -9999 -9999 -9999 -9999 -9999 -9999 -9999 -9999 -9999 -9999 -9999 -9999 -9999 -9999 -9999 -9999 -9999 -9999 -9999
-9999 -9999 -9999 -9999 -9999 -9999 -9999 -9999 -9999 -9999 -9999 -9999 -9999 -9999 -9999 -9999 34.4376822561136 31.1740613637053 44.6542090855465 47.1713527082661 40.0062856183454 52.7870539622024 57.4127802639212 66.5976698054849 -9999 -9999 -9999 -9999 -9999 -9999 -9999 -9999 -9999 -9999 -9999 -9999 -9999 -9999 -9999 -9999 -9999 -9999 -9999 -9999 -9999 -9999 -9999 -9999 -9999 -9999 -9999
-9999 -9999 -9999 -9999 -9999 -9999 -9999 -9999 -9999 -9999 -9999 -9999 -9999 34.3457306185314 49.725744230077 53.6902398373558 43.691919797276 36.8150791556956 41.6802364022111 37.4806195182346 33.028095639073 44.0279344830452 48.5343810147723 42.0507045624703 42.261547397522 58.2237999482107 67.99449150267 64.7208044460451 62.9763246810494 60.8768607692314 61.9375706275683 69.0533909290282 72.5554271699274 74.6765761065461 -9999 -9999 -9999 69.6222340199985 75.0221708688657 72.6519163899048 74.9596281056579 79.3533332433164 60.5733213807635 65.0242684688455 70.8011748088086 -9999 -9999 -9999 -9999 -9999 -9999
-9999 -9999 -9999 -9999 -9999 -9999 -9999 -9999 -9999 -9999 -9999 -9999 35.3137933307569 43.4498034611376 67.5867923420315 68.6918234022959 55.7323394851711 41.2999947196487 37.2619652958868 34.0415355622423 30.9556763323817 34.6374335596425 34.6738679563571 36.5201958547423 32.7810887415981 47.2676170493517 56.5347164655863 53.2692161266992 68.7207068201891 59.4322334310279 52.0847268203826 58.5710379558402 72.6891290546471 62.1276286825081 56.607141900038 47.6817727678977 37.7184336873413 49.2973373206563 56.5398151400283 65.9512282374746 70.3847879501899 71.0274569296628 71.8272207305282 71.198911230272 76.8143880115347 61.3016738786139 50.1983649338782 43.0409824696605 34.7093610453458 39.5615425649969 -9999
-9999 -9999 -9999 -9999 -9999 -9999 -9999 -9999 -9999 -9999 -9999 -9999 28.0864883255891 47.8255274462404 74.3321442372408 64.3544264659824 45.7434773360792 40.9597062365014 55.4190376508365 43.2519678568337 28.6311536140952 28.2057025513908 31.0093225714604 30.617164657448 37.5840903766433 48.3737129461077 37.4527184662437 46.1047826822023 69.9069312748798 40.5885127698143 36.5128282399744 40.7242720955666 41.660921036444 36.1490068458435 35.1873803661402 34.2822366206904 37.4691431045258 35.4506375407143 36.8175487939156 49.9926722473942 48.1037357264353 49.1670679220554 67.2602434789957 71.3689272339106 67.8113169590142 55.4148126330537 37.7458692282091 45.0645804073899 37.6212303757127 39.6020438365888 39.1898579081175
-9999 -9999 -9999 -9999 -9999 -9999 37.6477511128579 46.9205615454889 30.0123523364319 33.6666891365761 50.9491452069616 75.8480777469648 81.3403488796563 66.8266489339694 67.7700307956946 54.3963346247264 35.2688951029901 30.4099758112301 32.9052363011319 33.0997608902661 31.0019279793518 32.6100268352311 34.4270214820558 38.8279762605333 42.5936771260584 38.1440623686105 37.3748769611697 38.1405186558793 37.4682327875726 33.6809324352714 34.6900453905901 31.0384921428049 29.4080379195743 31.5958037237142 33.8123120382652 36.389011679645 37.9941192370392 40.0277112746348 41.0863221278961 43.5511768487014 62.4568576409358 62.0103634084311 66.5589174704595 73.9516092652376 76.1661791974029 76.1658423567872 58.5834097370204 38.9107072314604 35.5728461392639 47.4964971676446 57.2424780338011
-9999 -9999 -9999 -9999 -9999 31.1126457582521 39.0150801650521 45.0215967578143 34.5682821776714 40.3485624202629 51.4837114563466 63.4238150826762 74.8939305599137 69.1856595228185 68.6660578547957 47.8282576624947 35.3515073897485 30.6869753253717 30.8493381802996 30.8704138890727 39.6313130643476 42.7263045664245 37.2616207712955 37.6238504571768 39.3537341199615 41.1250489672599 35.3362406562327 30.9179521092305 33.3077156223256 26.7270320719106 26.4825535881861 27.1293785301737 28.1972239182263 32.0009707993472 36.1583791405894 36.9873960908718 38.3416615412452 32.0875560924266 35.1193784838316 33.2912913613741 37.9528897870373 46.8190596010321 62.7681792543891 70.5951633630093 67.0190083108812 64.2661693576575 52.7972051993093 39.4769537037691 39.7512377308242 37.0113814939682 36.4556203001983
-9999 -9999 28 28 32.7200254859669 37.0220679266683 38.6745070949817 39.1795885021543 55.0220083620412 51.5001148050421 39.4255273305136 42.134590048943 42.992714631324 43.9701492874069 47.8970810809588 39.0402517217728 32.6179330389903 32.5999051865357 33.5599525656073 33.2016567768351 38.3834380095613 33.6599547440489 35.3248015493807 35.308370741702 37.8227396515896 42.9938526142475 29.8164365084703 29.014252700242 32.8423602549808 30.0792913156893 28.5682277883072 25.7709564265105 26.1662031674305 31.2258143573716 43.5756806135775 35.0422129390941 30.2704402687388 31.9634027658222 32.7622913453343 36.6163503952169 36.9922949434282 35.4075195528722 45.1948472698282 67.2686938536117 62.0565871148719 47.5386176704367 46.2305871830046 35.0271545074742 30.0683553050558 24.7600536836321 21.8798949176499
-9999 -9999 47.3637089424517 44.4767625102075 43.3260854929259 43.3998485604365 40.726747629738 38.0037792744182 37.5402157656715 32.3274075256808 30.9015806268085 34.8190713843341 35.7247722686077 35.4945176433879 38.4113060473962 42.1083308174425 44.529590534188 30.8171066517284 29.316235449445 30.6915626205006 33.8025565647903 52.596813130579 43.3243572771721 36.1858176216177 31.9405125822426 30.1781784770534 29.0901173753981 30.2839392853537 33.2964550837872 29.5876138225378 23.4105526683286 23.3968129519743 27.8163089452975 31.9226069301776 40.0153406492988 30.9454294681321 26.0732167487085 21.6627199884415 23.8580199444865 29.1222106240749 24.6888779882615 26.4371009916868 35.1669978462002 38.8586809328869 29.5919969072499 36.63738567598 38.8009970931875 27.8535548171153 21.6387603521319 25.7060397952652 23.41214232614
12 16.7331614008589 34.9746802687472 40.4915286468031 41.6122894476596 38.3304369717063 40.7329852144604 40.0886843475255 31.9235186642133 30.8713464150133 30.4426824607132 41.6992166245807 40.6262129510843 32.4625666967902 33.8068219219957 32.954617441599 34.41886644456 32.9141953182246 33.4347281973768 32.6722054486356 29.9667807211695 42.2979907206663 57.9476455931644 36.8385602619119 30.84980147649 32.0732621862218 32.2098312432714 30.8706086583993 30.6431574333319 26.0445105482784 22.6800198092361 25.1262990318456 27.7453041099016 34.2151696611257 35.5799651750166 32.4692526382834 28.5215241486699 26.9609350246145 26.9595980679702 28.4141070431354 28.2207113587255 26.5340937698411 30.7469532730969 41.3842215671073 37.6491652724519 29.7894737427959 33.6459823778242 23.7626306603926 24.3182855965289 25.2945704090481 26.2658749760182
28.4967159400715 30.6031932543946 45.7976436517087 47.2962250117556 42.0451331376921 37.1129689963543 38.8731612637379 35.9756941244393 29.954714371289 32.4282149091008 40.0440916879116 47.5216404964666 33.6537028941802 31.7635912635833 34.1510466301488 33.0458883635632 37.848687833373 35.0257706955592 31.7753702363172 29.841782238844 32.6511007942015 40.6317332091217 50.6311766092189 41.3777694775911 31.5197939929199 31.7029288015401 31.3585170671599 28.7056428294554 30.2044033735851 26.1441762057787 24.9264089102843 22.9816406128217 26.5319393967259 30.1386764057059 30.2274958680678 31.8980468007139 42.9158763564387 44.4245534375822 34.568398002174 28.1047029211395 26.0035696328321 26.7586846692798 31.7248031135305 38.0674447077421 39.1516113526576 32.8486841130381 24.4122894716204 17.8382381921946 17.5021768329408 25.2982392356347 25.1539940503895
-9999 44.1146021193812 43.0847598603511 45.3433763478811 37.1563278601265 39.1241580750866 39.7976378430944 34.6007157525538 32.1977574167232 49.8165397160065 64.5337100764475 50.7900139343583 34.831453146169 30.2008747212233 33.6166149871141 31.2905059057134 35.8984752667941 33.7996474305266 37.6382950449882 34.584635156954 33.6379693607109 32.1385792132899 32.2798017060231 37.8729376463161 34.0388234346873 29.8680113222255 34.1958472767329 33.2320507995603 28.1214777444914 25.471582252502 25.9265903084567 18.7460237750097 18.9620691440974 24.0434719762818 33.3110022409665 38.0919489969119 38.4830288759631 36.2790972827863 29.6762543535021 22.5632727043928 20.9732175381006 21.8286819973951 25.1225377033588 29.3355111541739 32.6404351558196 48.3540860615113 33.2665992584583 32.0607799105297 33.3103713279349 37.8854677009332 31.4916199532598
-9999 -9999 39.2571263463929 43.9181148921866 49.6734086151703 49.3766765043851 54.803363988116 41.7900467058471 33.5648487239653 48.5215321944844 45.4329820167009 42.8722504992264 35.4236707068618 31.264103261304 31.7979088791277 30.3736718574873 31.545053399528 31.7154514559514 38.7610543943641 43.8561451564732 29.2450648705103 29.6189909926017 32.630696934467 44.8755770613879 61.4497332405567 33.3619125012332 34.650220238215 33.0459336887531 27.5512471734226 24.9884492376659 24.5072839029763 20.4638209642743 22.6846501162536 37.8727228613684 45.2826996648567 35.1623355424054 25.7648628069346 25.2954694170598 19.0993440190633 19.943920593135 21.2401948826525 23.9128741352944 28.0252621293069 34.0141198923046 28.9002829133097 50.2523539918217 43.0781738283855 26.9714525820446 20.9333515785815 31.6088759326548 38.2693786260923
-9999 -9999 -9999 38.6666666666667 44.8802456368872 46.2235380772519 44.7964139927602 41.5374072597536 50.5637289627022 53.8719665714556 36.9296268810094 36.926232443455 30.3841561375136 38.5795532736045 41.4200440020853 41.6935579037062 31.2787410436694 31.3799365345359 35.1749917057106 38.8465457035015 30.0260325264129 29.4351030412132 32.7499791583289 48.7493775105112 33.7219502268756 28.0872442239364 30.514774463005 32.3472126411514 31.5019430676336 28.0372810187612 27.1784317409816 24.2150801456548 25.896281409326 42.4986614956174 50.0335712619956 39.867394646357 30.4800300715651 25.6608898838099 18.6114278874026 16.6229018308439 13.3338175501395 22.5762123165543 30.4356018840758 32.741941497152 31.4588449179378 42.6983785872595 39.6575836100094 28.877062978122 30.0888407228378 25.2052393993598 29.2810482062183
-9999 -9999 -9999 -9999 57.5007171825229 49.3657787494514 50.8078005038574 60.2592331936554 58.3505482745863 47.6914154069109 30.5980698600988 34.3981020448314 29.9505378212129 32.4610065928807 37.8932756207203 48.3375123598824 29.3046436725291 29.0592713420896 34.8648222804112 40.8216179288848 30.8658817491828 32.8632580800297 30.5207430961541 32.3160820691053 28.0827502136376 24.6742829035632 25.8872275581609 26.9075594172685 27.3600562339941 27.0392459451171 32.1191481461254 44.8521161747824 45.5052828368326 51.7963665206172 60.697587203642 47.910078431739 40.9115244152379 36.5743238159017 22.3588136160412 17.5246939484849 22.4668684929903 29.970244449713 38.2522897245021 37.9093456083554 36.6889652727805 62.9655289159616 67.6555315459408 48.7072908535888 39.984157880254 31.1128941346878 35.9490627704001
-9999 -9999 -9999 -9999 49.6839880882101 54.7695658125474 51.7235069300634 61.9521579434415 67.2653921352969 55.9513853934012 29.2039568632377 31.4525045778706 32.551159762562 32.4990131406486 29.6766617930786 34.5347306157082 26.671456388454 24.4094993693902 31.3444012851951 34.1234009688143 30.5435414235373 39.9027034812982 47.996903314958 48.8287661522689 36.9726484477703 31.7207110040866 27.7514509500973 24.6097757626143 23.4129786006605 24.0881261142053 31.2442384719991 54.4886905632521 61.0728314639128 68.0247988605261 62.5207085202382 40.0529601000673 34.2944087475355 26.054701398712 17.8851716323889 20.8287860246082 36.1760097486464 39.2280200974402 48.8620989567306 51.0228323340574 50.381691699604 64.3106483673963 69.9081588203872 57.0514786698188 46.123029446401 38.9548561646276 38.58123385083
-9999 -9999 -9999 -9999 48.4752197059459 51.5438729611461 51.2287723884284 60.954845664362 60.780083558198 72.5050476186728 45.2887153064852 29.4447972650152 31.3616680775562 29.7075746955066 30.0698494344093 39.188413102798 41.2715673037263 32.4016294939811 31.9144406849802 32.1091178143406 39.9049468581822 37.0399913967258 36.2070614245831 32.2073712620078 32.6271734068593 48.1995962862009 42.5121037949172 28.9460469461726 33.7857683303053 38.1141487725399 35.5046589776312 39.3524440954722 32.9166101724502 29.5494567323228 32.2946256654049 30.1171950976983 13.7201323507308 11.7405949999116 15.9554154889077 36.8943807840796 74.9724986650413 56.6263369117353 70.9765360559559 52.6090788544796 40.3182594091094 43.3834458198598 50.362535611482 52.1068510141904 52.7739408468734 47.3419174296013 42.3986086593632
-9999 -9999 -9999 -9999 28 28 42.9265477178069 60.0006314771447 65.3908988557196 71.9851721006465 46.2247705506766 33.655055609274 28.2474215300786 26.7181969329203 28.833746218931 39.5184323736123 48.2253156617836 45.3112675320769 53.7966922414889 49.8196322540225 32.1171599628556 31.1358824999969 29.8158205513748 31.9181012963789 31.513154884322 33.3142157404353 36.4350450169922 44.7349231004657 47.2517622567738 46.357978672326 40.7355397640084 32.1982529886919 27.0392673841593 20.3413114582673 24.892360947438 20.4281709471063 12.8473886090419 15.0230764849533 24.8615896880237 29.5823083378347 39.7482859851345 57.3160218488906 56.541451367232 48.9755978331273 48.7890787520736 42.068863851391 52.2360654214063 46.4037419952784 38.4322193080978 36.7046045142427 40.2906531812881
-9999 -9999 -9999 -9999 -9999 28 34.5479412391284 52.5860175781292 64.0954512888175 66.4081263703766 48.4877312695463 32.2702536442025 27.0417258250788 30.4373646476565 34.6947339881348 44.322461894002 36.7619371917718 41.9080403761632 60.262902857009 55.0297288285369 39.4856483252049 37.89794500969 32.3682314632139 29.7357988316116 30.0865826400865 31.0584104885392 35.2198076326388 32.6842144596169 23.3171471016015 23.4973894591589 27.3054532263031 28.2981971358101 25.3083530979489 18.3666443186357 16.8754875868014 15.2541634364695 11.2620666783363 15.1584007827622 19.6751752613199 25.0282048776581 34.6159617416702 48.5159031728244 59.8580182356884 46.7102057597022 45.404079712774 45.6539427766072 58.4859797865383 47.5427106015663 37.0647085891983 37.5573667508288 38.6568235367426
-9999 -9999 -9999 -9999 -9999 28 30.6633590108477 65.9066130031224 77.6664699699629 74.3985523162473 54.2138723388035 37.6334408409497 31.0116107704022 35.0747208743905 41.2128601954252 37.9743118215063 28.6887944768639 31.0073779483841 41.2427014856919 51.8943403093627 41.9880518441693 42.1574683050175 30.7116914709739 24.8062194630148 20.6155994492667 21.6538949077549 26.3427298987908 31.5282866070995 22.5382865259374 23.347539885234 20.7290307160976 22.5624390972344 24.4784604651222 21.3531646195555 13.7592084434688 10.5183280436351 10.3446658134681 14.633321895639 18.1731602956267 22.5728776379443 30.1905878066814 39.4218574846589 45.5950540445993 48.8446409952035 42.9344851676668 43.9061940764302 49.2695228233734 41.4300176593923 36.8939573833281 41.6850832371828 40.5828536498555
-9999 -9999 -9999 -9999 -9999 35.468714083113 54.0988787244684 71.2483560927833 51.1972358764447 64.3187325275898 52.9210945088364 35.2600461016807 31.4076636967181 42.1588660758694 42.1004054350637 32.6196783040323 29.6955470530187 35.9745239585094 30.0590222754252 32.6201044139428 32.0496135835639 29.3625699542465 32.214635856606 32.4338966652781 24.2592149630694 15.9849604085921 20.7640906361754 29.6221222127244 27.1728925048302 29.1691466858005 23.9475235981165 23.3306422949821 29.3921749913539 26.7714790088404 17.8542745635995 16.5415269471548 18.6272886501352 17.3127230345561 17.4074307865478 21.2985637036772 27.165533557561 33.6326613332741 34.9701592272864 46.1669500244804 46.4714698185709 43.8125522503602 45.2287990439821 47.2334888404958 42.1300802652342 39.7448051614619 43.7726240986703
