DATA/PredictorVariables/2_test_multicolinealidad_seleccion_variables/2_3_Variables_definitivas/hfp.asc
NCOLS 166 
NROWS 105 
XLLCORNER -9.416666667 
YLLCORNER 35.166666667 
CELLSIZE 0.0833333333313253 
NODATA_value -9999 
[rows 0 to 21 of 105, columns 51 to 101 of 166]
-9999 -9999 -9999 -9999 -9999 -9999 -9999 -9999 -9999 -9999 -9999 -9999 -9999 -9999 -9999 -9999 -9999 -9999 -9999 -9999 -9999 -9999 -9999 -9999 -9999 -9999 -9999 -9999 -9999 -9999 -9999 -9999 -9999 -9999 -9999 -9999 -9999 -9999 -9999 -9999 -9999 -9999 -9999 -9999 -9999 40.5983059213764 35.7954162753778 28.4357353198411 34.4009054946567 28.7542987375928 31.1810322890631
-9999 -9999 -9999 -9999 -9999 -9999 -9999 -9999 -9999 -9999 -9999 -9999 -9999 -9999 -9999 -9999 -9999 -9999 -9999 -9999 -9999 -9999 -9999 -9999 -9999 -9999 -9999 -9999 -9999 -9999 -9999 -9999 -9999 -9999 -9999 -9999 -9999 -9999 -9999 -9999 -9999 -9999 -9999 -9999 35.1666666666667 64.2350930905451 39.068480968159 32.6290646448682 29.4408220536514 35.3852261425055 40.0434634355558
-9999 -9999 -9999 -9999 -9999 -9999 -9999 -9999 -9999 -9999 -9999 -9999 -9999 -9999 -9999 -9999 -9999 -9999 -9999 -9999 -9999 -9999 -9999 -9999 -9999 -9999 -9999 -9999 -9999 -9999 -9999 -9999 -9999 -9999 -9999 -9999 -9999 -9999 -9999 -9999 -9999 -9999 -9999 -9999 53.2898818609185 55.157752797038 53.0170185007886 36.4018280137767 47.1349605260032 70.658630575215 45.9214334602114
-9999 -9999 -9999 -9999 -9999 -9999 -9999 -9999 -9999 -9999 -9999 -9999 -9999 -9999 -9999 -9999 -9999 -9999 -9999 -9999 -9999 -9999 -9999 -9999 -9999 -9999 -9999 -9999 -9999 -9999 -9999 -9999 -9999 -9999 -9999 -9999 -9999 -9999 -9999 -9999 -9999 -9999 -9999 -9999 68.0200402868834 71.4476673407693 56.8365836809969 44.3714836616646 43.2211980676192 43.1779370725957 41.4531894623869
-9999 -9999 -9999 -9999 -9999 -9999 -9999 -9999 -9999 -9999 -9999 -9999 -9999 -9999 -9999 -9999 -9999 -9999 -9999 -9999 -9999 -9999 -9999 -9999 -9999 -9999 -9999 -9999 -9999 -9999 -9999 -9999 -9999 -9999 -9999 -9999 -9999 -9999 -9999 -9999 -9999 -9999 -9999 66.9238531786845 77.5989804175469 63.2070926852095 40.7150520355788 43.4860096197342 50.0675833355452 41.8769381987733 44.6416477700744
45.8032498234905 74.2805240079502 50.6141956066231 48.4195172071624 -9999 -9999 -9999 -9999 -9999 -9999 -9999 -9999 -9999 -9999 68.4473601111678 81.7947034487192 70.6677206573753 61.6160525351863 55.3566026871863 59.1527278074199 61.4366560239587 -9999 -9999 -9999 -9999 -9999 -9999 -9999 37 -9999 -9999 -9999 -9999 -9999 -9999 -9999 -9999 -9999 -9999 -9999 -9999 -9999 65.2246394555106 79.195280722336 79.4283205617787 54.6513121686527 37.7161543256574 33.7130040276747 34.4755673969095 40.2139950954694 45.2381670421063
55.249186371428 39.2049773024734 36.6089581685123 38.0063067399068 48.0356590942595 51.5057888765077 51.7257707022095 65.6692806587953 71.3865130787614 60.7794807939357 58.1306658462047 60.5419799684353 71.8420527270103 78.6527047822104 76.702489468468 79.2011453559739 70.1040346020961 68.6798784184141 52.2203940538901 46.5288631690996 59.3353702174633 48.583584672252 43.1089396408385 61.4118223804309 73.7943430181511 82.7418737349111 73.3423000923033 60.0106697076112 44.463402566418 55.5483367334586 42.8013833831639 32.5153393352862 42.8744037568599 -9999 -9999 71 66.3503466116695 76.0600708038335 87.165496731915 63.8741462429123 73.5952146506812 74.3605651355793 64.0254082291159 47.6925305828705 52.9679105635444 38.1305754539908 33.7903003072907 27.5580314673346 30.6940662027457 44.2060196211729 46.9853763318448
40.9180504565524 36.0240963974553 36.6355475578545 31.9349322365908 33.1677256065563 33.8889015762022 39.4961555096021 41.3392936156264 41.2145710166692 43.6906682158115 44.5809374702692 53.7499094059532 58.5596983936706 69.8483161849236 58.2542516739597 55.746695169235 40.0756090195518 38.3125909792245 28.4658868916333 29.8223665995207 44.6290757737614 38.5953917939659 32.5004180040347 51.8999890579753 70.6169576548726 73.8045045759467 84.9349122588583 76.8858361242519 55.461208130673 52.4180509722725 41.6969952582387 31.0115583814029 38.3957112075682 61.4022763863188 56.279024805173 66.2499925438207 65.0619691386855 75.3392198815391 83.1631343823294 68.4321408656461 63.2164563958703 64.3825486622029 42.5629142030537 35.0642257226873 32.368837350295 35.5025824655464 26.522995018647 23.0657386265616 27.1238790207595 42.6600494337127 37.0484796818011
25.4750751194898 30.0035558465374 31.1671088533573 31.4892791839767 32.9276599826703 32.7756469220234 38.2670459624114 31.3138248083066 28.6483467938993 29.9867661387929 28.8064882201438 30.7984475656211 36.6991957138173 51.6393835736677 36.5373858992758 33.6255207251074 32.3615865473747 23.9870819984768 22.9479824576018 23.6830615818353 32.5533891769284 36.2321916078557 31.4137207710709 46.811000786561 58.1987244188046 60.6908083302296 71.2814374538929 71.8852988414715 59.6494765174214 57.6720424324976 49.2305080755088 46.2904180006979 51.5699369713937 57.1739004855981 59.2474020163969 54.823829781035 53.0059787001492 72.1205689439919 58.7417752517383 40.1922923418529 34.5872379868672 46.112707227713 35.9111793757936 31.2487266235247 32.1831274232571 33.1751940041336 38.4177766800158 31.2222983394887 29.104454708458 29.8770669637662 31.9600185981035
18.9995289265614 24.6351131728613 21.3233585066892 26.7971999395804 31.5589300008608 30.7410000402451 37.9050476927731 30.2302759746346 29.7248246574805 24.3260665797943 20.7407062539555 23.3767824015158 34.0748523844621 55.3287075596776 29.2829322382393 27.811169776736 24.3335517219459 26.2654288213771 27.9848734759007 27.8561868446086 27.3307049714498 24.7420513465065 27.3153044607105 32.7922269675674 33.4484033666506 32.0507816928886 58.7720390635545 44.374925893105 37.0844689495053 26.807547402716 41.8066557941153 52.5595371734516 52.8516953569645 58.9533855124707 51.0783376582231 40.6060851356066 51.486431864879 57.3425480200136 42.63173037535 33.3315132925551 29.2171575183899 39.8583168204051 47.0706564907176 43.3421182410693 32.7004744295988 30.5050292106004 33.9867946515732 33.0260406514541 28.6720730731441 28.0326491523068 29.3198434439206
26.1830241581745 26.695094460058 20.0530111887313 19.1068681115916 24.2931817468706 25.8569343119066 23.9980802812559 23.5073930254878 26.6144270424112 20.5628495862553 24.9856904596037 39.8357166075042 50.5411193915344 36.5541869207723 28.6051651079734 26.4521010326136 22.4470682630759 25.8709224578903 27.8511927577752 38.1576973074125 31.090740502136 25.5591671182462 25.0319426595945 25.0535371882545 30.1667880951629 45.9867399650071 53.4918883469473 32.0042163357177 28.080376287004 29.0556165740733 29.8802170956644 45.7530377990527 53.9706628369676 48.2969107366048 53.14443973505 52.5734362647041 42.803643393913 25.6628833145296 32.2821824881154 37.9741255809015 28.7222212566417 29.4079777387646 32.6351109506715 27.9616007230802 27.1938919266947 29.5653573924459 31.2068621954189 26.4836630332227 27.0873965478842 27.2885678972636 28.2604416611826
25.2737411677163 28.6027493911283 22.1551723675128 19.2238314079534 22.4602165677348 21.7693792190564 22.0057968389826 22.3755330627529 25.2628661033402 22.8426968722106 35.0797240160047 44.785946333822 58.2420655825059 37.840928912359 31.2872119403999 27.8974138632797 27.6188680296924 27.619799587168 36.1065382786922 48.531394650767 37.784432578148 23.0987505644619 22.1164978134383 21.5074274404437 23.1175999066212 32.9122525993923 42.890261174391 39.5751213544619 34.2416571332069 41.8153136146911 49.9345454655274 39.0052968647816 34.1270299797994 35.2107255713487 33.2714940670665 37.3877990719555 33.1034429187665 37.3872057040016 33.3614264947588 41.7492161351922 38.0692901026338 34.5168300292816 31.1145072629674 27.3441331893781 25.6932376232045 29.2076077996658 26.161086164426 20.6001067648394 23.4925274987231 25.3757452552434 26.9116171392014
32.9976030970194 26.8660556140314 23.625271184378 29.2203974508989 28.9548468081523 25.5887086152008 26.415389470626 37.2118805815568 40.4269576118586 35.5481632180659 43.7061672057742 46.0011953575595 43.2595467432595 27.0069095805029 20.1935422995502 20.2954000947552 20.5283997605291 20.2946497164496 31.5958053048571 42.0277036789774 43.5621101906758 32.5176241299338 28.4416356242204 21.2119941142305 19.0794985410557 24.9778558984985 26.1360763921892 36.2629843001687 50.4504778896658 70.4293310506653 70.0184170707005 50.4483998215944 41.8109896568469 52.7085566095077 47.6956533565453 45.4383282052575 35.9499107767624 32.0892908280329 31.606628507156 37.5988069825985 50.6966698778344 64.6085853283025 55.622838641766 40.6262811479058 23.7714370284712 23.2225257031742 20.4686106215793 19.5469073662472 23.1824977081027 21.5878907800014 20.2289346984267
50.4102038408181 35.2781308946944 33.4252415960342 50.2628538440864 52.0765485786151 42.2293481373041 39.0707215029943 36.93926328755 30.2803637995349 31.0210922652917 45.6016010820694 55.5602269726785 28.9673451434727 26.7307639948797 19.2386495674706 18.7500351329905 20.0683825843331 16.2622610685485 23.4396174945675 22.559207045894 31.9092034760977 41.5082413125535 33.8360971640785 30.255196661081 22.2959618227412 36.1684289692389 30.177604515677 43.4041387085104 52.9837934311239 48.3821657871218 42.989849472446 35.603065189904 37.2766900400218 27.684494356796 22.314927013065 24.8241164296999 24.3537731237377 23.1186515305744 26.1412399848758 28.9885900745898 43.9104650734869 77.2380413074299 81.6605570132751 61.3403132160689 41.9881823377452 51.4761871872212 20.7808944952205 14.548436354889 15.2668701224077 12.3438009585273 13.5836964633246
28.9745068318062 28.5250784502791 24.1673539375417 29.0557627275542 28.1626204891517 25.6803638795131 23.542211788108 21.3483523119813 27.0287217610785 32.5807755263284 39.8273087585969 34.8545411228498 25.999326291578 23.1817989094907 21.7488785803138 17.9257584877982 17.4975310144353 13.3235450739468 18.6916318523605 21.6710993277942 37.5780467666 31.4627155542942 27.2759994119027 27.1183632643709 28.9500716906029 44.2623106113043 65.2112424201448 61.6841274454598 35.7456591387755 32.0831013259461 24.0341200785826 20.7009099070052 24.8266034955711 28.683565349755 28.8108121518953 26.164776331323 31.8363124081751 42.7700133583334 40.1555407263022 34.588522731781 42.2080754318482 46.8760643565561 66.6024521899772 44.3819369269296 30.8140379298866 35.3138222981249 33.1223726762572 20.2789717827323 19.3623024601424 16.3087612187847 17.0999493333422
30.3936901360635 32.9785203023447 23.7142046613637 25.6760807587483 33.3091570861987 26.9608238582622 26.0964598885918 24.5007362587968 29.8829950872265 43.7079599917095 53.6408840816794 31.1197445893673 25.0497782188965 19.7304130134114 20.9828577601292 19.6078559494918 16.3763608269819 24.5164911853697 26.1249089296475 28.2475142573204 34.1785963469171 33.2590466313306 41.0916639848642 36.5406591144372 35.4504268603893 40.9083271612349 57.5877632474464 62.1930776778952 45.8971665500704 28.1490196019486 25.8500503348226 26.279790046933 27.2270564814699 33.1817022875815 34.1580717665843 38.382784862724 43.6373064694259 54.6329350506002 47.160559923324 43.1530325187438 50.7119110776022 45.8025886672409 46.075083811024 21.3522860789832 23.6301451648712 37.4956009118772 53.5293904425266 34.0239628171514 18.0856560198146 19.3794063569198 22.6804748109658
34.1472301494527 37.3321288554988 33.4646545321521 34.0502757466255 44.166335227831 50.66226915749 29.8693643597704 23.2658189528405 26.9713261334342 46.5847924150597 45.9843440039612 32.8134522017844 32.3830316601284 31.0969269563832 30.1615993501329 24.6353441123812 18.2941215195064 26.0854015628953 27.8746028355014 24.7797684867917 21.6735276421131 33.2044474343032 53.4069665300246 36.2660590736864 32.5489793570098 29.2578710882719 47.6456474328333 61.6506002551861 57.5575269505336 43.1626973580434 50.6326114669271 52.9284645576082 48.8249083359444 50.8882407551295 42.0403966938112 41.0271340302997 40.723865663941 42.1330211019536 41.8287870304628 43.7968188951708 43.7172037749995 54.2527598192505 54.9030726793592 23.8996770285998 20.949659093117 47.189076028316 45.8364627640167 38.7708402124908 22.6203275112987 19.2813535352336 19.3851346930274
34.3012383504201 37.0883620082786 33.7186805685599 28.4985833600486 40.2601180010912 39.0369239766696 30.8970198836442 29.0874537320748 30.8308072384398 45.2745991044662 39.5476354424475 40.1899628712458 38.9782860723444 32.8461001592237 29.8889715635673 34.1577306962356 32.5637404855175 42.7627745105565 36.104708255255 26.1493702714061 38.4736143531409 34.7555276795309 29.1350419593472 37.6535365019834 38.0537201860661 37.1153995389024 53.1806098548452 50.6873237672857 43.3415610892978 52.5416481793212 64.8865472604692 76.742045766879 83.9053297525532 79.4455163507282 69.5737968321491 55.5918455552431 46.2052722349772 45.0083257719295 43.2100304000395 41.958198309359 43.1662176454921 44.2790515828069 57.8089066028294 32.646576740016 20.7712779907067 33.5690719925773 23.7645251019299 21.7114380828791 15.9912167196696 13.2178378547926 11.4140654739311
39.6112626884006 52.8844714870931 44.4171257547733 33.7573908402529 34.9746916597447 39.3790592124989 39.1941282997358 38.5345997765001 38.8273326324547 54.8160818668808 48.7360264545696 40.9831975174871 37.5985775759502 41.7423095511743 38.3586625544533 39.974156680102 55.7248050583884 79.4252541164952 70.4242335489569 55.1045445422046 38.8063769602528 25.925086794241 31.2385693320611 32.6891370816089 29.2949876279412 30.0163303463243 43.0627644287696 41.7464901462876 46.3286604808439 47.3828276314032 37.9192898921742 46.6704705846138 55.2599237851175 45.2679803484654 48.8670247870218 52.2887844478142 56.4625402310472 61.6214843704017 59.4886173056129 50.6032809943023 55.6106409614088 54.7103077457436 52.4334335882985 42.2298986910326 40.1704593058166 40.5935203389921 32.0193763582817 22.3255429192967 18.6291661807344 16.3362930907033 15.1406058126242
39.2973958223761 45.5524876396963 50.3231882756911 37.6513899272199 35.1255570925625 35.8175573580131 41.3813252937911 38.1547362943211 40.05946861338 52.3815634685977 41.2716536767304 39.5850404229988 37.5572989468087 37.3169977909609 43.6581034828633 50.7179285272233 60.7534255230405 80.8587407275483 64.5021912589608 46.1369138478884 32.5905836585932 24.4436467988854 23.3813240520035 23.638760392287 21.3947012919758 30.9981303751345 33.6864380930035 27.7109954692196 34.5338867558048 25.4332158228719 24.9925962670348 26.5937486199589 23.6145204236307 23.1386829256006 25.3097649402637 32.5519951103365 49.9606490010362 62.4234277478326 65.740285732151 66.2765468811284 65.808312286019 64.9624556680143 46.77579292039 39.8054497690144 36.8559885493947 42.4415359741267 40.0649374503691 32.0459355205006 25.7146238828097 20.0364828511619 17.3028491960419
37.6943994933448 35.8481820429743 44.9244369671771 43.9577642613489 40.5391494623416 38.5270524433169 37.8855609466093 38.1978513713416 48.7828163026425 42.8026433534224 43.7286068096358 39.2974254349009 35.2290537289057 45.0329870793883 46.6768348256186 41.4013887441976 40.0511805950107 58.5794066441276 44.1851147094631 31.9614665307807 25.3158106347601 20.2753632904917 23.0596561136963 19.3391412754694 17.626194195558 23.5998254948657 21.1773682809534 20.0529558259917 22.6999044694936 21.4040766137006 23.4820728774125 13.9617550067 15.2183212381264 15.7869281370129 23.023522046929 36.8402279458331 53.3880206247005 52.0242266516086 49.4619658784034 57.540610469062 62.6876895872316 73.6222938825131 60.9925375928451 48.3116151034953 35.8412888963545 39.176057621266 42.6664789102364 42.8339548601111 35.3444778285461 24.732926189194 18.3865758117738
39.5971362125742 59.5732177925277 45.9078599626901 35.0174196051307 37.1842868830947 50.4191341170293 48.4980754249634 51.9725538654337 49.2912583268504 35.0891954628623 35.767034509079 38.3227916962561 44.0792151501501 39.201965142577 39.8880342591376 34.1026560448503 37.0329198897186 45.8500915942976 32.7193863008015 30.0350656711417 28.9356527354265 19.1696767316687 19.1231498508757 22.9530938700011 21.0796194627663 18.5902267714157 19.4589257754991 15.0889291892664 18.7558991239851 25.2407251405924 18.8793622986026 16.320885840005 16.5639615091939 17.7307408058727 19.1337441910329 19.0032283172358 25.7617567297442 29.4519333046829 33.7472405930383 41.8865689879758 67.4795952728053 69.9687640577515 67.7426720512574 45.7042015787964 38.1516282177953 32.5850182909226 34.7924250513507 49.7800328649841 60.7650243557103 36.7159375217906 33.0667734151955
