DATA/PredictorVariables/2_test_multicolinealidad_seleccion_variables/2_3_Variables_definitivas/hfp.asc
NCOLS 166 
NROWS 105 
XLLCORNER -9.416666667 
YLLCORNER 35.166666667 
CELLSIZE 0.0833333333313253 
NODATA_value -9999 
[rows 0 to 21 of 105, columns 102 to 152 of 166]
34.4913320084987 33.7866473980273 30.138874008422 34.3124294076802 53.519523626679 59.9104776441601 38.990384007959 41.5379714532889 33.4941469160067 34.4755389967114 33.7165106132668 33.7008757531139 39.8602451255812 37.7846119032716 37.1492263885 38.6565042758506 41.6652292667422 41.6809949719404 57.2982808313744 51.8985549444812 41.008812747474 37.5726564126967 41.3160019617237 46.527836651255 42.7161905365782 45.4660096851154 59.7386824550492 49.8474097529523 55.975424035539 52.9098069301782 40.4967139215432 40.9480567016068 47.220666285137 56.0398019793004 48.020370904824 47.9396912026971 59.596386811221 53.7189484796647 34.2172734166937 30.0433057671659 29.7180143566923 29.538240578087 25.3900882156713 25.8750460018439 26.5048319791693 22.7110042151892 16.0708014517835 18.8689300868155 19.8553950435904 14.8403399846441 29.393122453427
42.2356253648954 39.9234093656823 37.1373417053296 46.1567237362081 56.5084505276412 53.2556257944822 50.8625010726551 48.7549086100909 44.3883995312667 41.2785257815583 51.0707895723602 44.7282268596052 38.7444793773186 39.0542249234416 46.0986275701839 43.4438305879694 46.8626939476927 41.3560906710615 50.6143082548044 42.1436601948435 39.9255201667852 38.6026507061061 36.8154409687069 37.7997818990487 38.7033023166943 41.0475935214976 63.2672850060554 68.5810584463378 49.6922754667493 48.0064711457626 54.4173231229704 63.4756252757327 46.0972342831265 41.3793310483032 47.9597927163011 50.1126068465832 49.5180809580618 41.2596975370044 27.5475132657962 26.8023441749615 24.3433940127228 24.1969622237577 21.724277009136 16.5409952271592 15.4490126859888 13.6264281043233 16.2015303578727 17.4364743348096 24.6458013076883 23.9722673345511 27.8562945823173
42.6534554072043 42.9191453390384 42.37590044935 50.7185832943988 48.6791639155669 40.8789619177341 44.431008550028 52.301177415407 53.4621359828786 46.415950945284 53.522350921981 42.6716804454403 34.2348111074596 32.9030318905963 42.0087277574815 41.2528003762755 45.3860798703776 48.4323245828955 58.9603003490358 43.6560230696912 41.365532683972 38.9405006361208 34.8443845733423 35.9984692010552 40.0710880602248 43.7277226226591 61.6001974658652 78.2252796103449 73.4666601944087 67.7584172119241 57.2919493930132 49.1630178157285 56.125477836148 48.4818095079238 39.9312629821139 38.662322017482 41.5052416750517 38.075385363815 26.0563398878735 24.7349478352365 28.3100125320287 28.0705493068426 30.9490585347094 33.6055309097037 27.4084615514656 22.1526186958581 15.0034033303128 15.567938866264 25.4879819662793 26.1912450125643 36.8700826135963
40.0880850874221 37.1952253317455 36.0845750795149 42.332564767309 42.146299985611 38.1447027794661 42.9959326705078 44.7883456339058 43.4599448436253 44.8522394082918 51.5392286683516 45.8158360489711 37.9958882720353 32.6454125955649 32.9179196230771 34.320012737499 34.61016060426 51.9380008537667 61.9528980046382 47.8490460168646 42.9591097075877 43.744533050018 39.9632431978402 42.7047888009189 41.9979729042976 56.3755731565302 78.7965820518252 81.6254194440628 84.5010622161097 80.4326715874035 52.9412233790702 42.3135409916666 42.5677846653858 40.3369023145825 39.3182912604548 37.7808264597651 47.6098933034584 60.2221706159232 48.5561882995471 29.6316433104046 28.1432950513829 25.2266639573062 23.4040492352986 21.9422704967541 20.9325928436117 22.4639720837499 23.0413513586376 32.5815841532418 47.5838959966273 34.0076878800306 26.6428766125558
45.4234829882296 43.0149313151719 40.5092724119159 34.9106890219688 30.6617290880012 34.8303483701379 36.8594169900466 38.2615049853174 38.213977202344 38.8716684012088 44.9740193203254 45.7336924940231 44.8759406460417 37.1834486422026 28.5797048343507 38.9538191716109 44.4917918118527 42.0985527552653 43.1609284185811 39.005983435963 37.5224434544842 38.165247739919 40.7324528541427 40.6402744040926 47.5720883639153 69.2074492912671 75.9455838805151 82.5688415593729 80.6833646203053 78.0856148952993 52.1494933986888 38.4081417110812 37.4727323637673 36.850902799662 36.4117901537111 43.3850966549263 45.5770843010008 49.0862660086596 55.3147259521292 44.2011509257208 30.7770805096152 22.0789955159899 19.2378479893406 19.0437374442352 25.1402452683364 26.2096164627591 23.6097711075824 25.2802554257189 37.634724340578 40.2835401499344 37.4776616315067
44.1220849024254 52.5044145805644 55.1988777632904 54.1423111937858 42.2565308541459 37.0630355681845 33.4547881264131 34.7653035364774 33.37657598505 36.4231985054709 39.3043165714522 53.1085497899003 44.1075437324275 38.0099773908508 33.498207842536 37.9245429681601 40.5693601505424 42.5709069843799 40.7324428086455 37.2017911159882 37.4229662169813 38.795503624823 40.1464588364747 36.7197965321093 44.4725725635312 58.0814146101541 75.5025998485186 81.0163868454846 66.0830783598093 62.6577028767901 61.5605794414654 37.9032392559491 34.2750492108252 37.1534384442417 53.0220540815846 56.1030714809715 26.9678630206408 21.8576968612232 25.745274948393 39.893703187978 36.837308620404 34.4530460593822 36.3722827193001 30.8434142168024 26.3297358999466 23.0836658303014 26.4481075307698 35.1507039742647 39.0745808245026 52.5405346376606 51.3333033447832
39.9493963257515 31.9671555589086 36.3658545708528 63.8799202771195 66.4162311940935 58.6103176852244 77.8737916845554 50.4956272434565 39.2796165844827 33.8478139161142 33.5755311253987 48.2526481863051 46.7169153481048 37.0428447711125 35.9100597376262 38.4225516980389 40.2958596263078 43.4234134878406 36.7854335401068 38.7152680347834 40.0236989743574 36.7377611437491 36.8689521253747 39.7657743685472 43.1697503315305 48.6912493591873 69.7296023694013 50.7008013102515 53.6423580658677 42.9668494464553 44.8682817131325 55.2748930450204 44.2809807607812 42.5133626041304 44.9094864827055 23.979811596025 23.9276022954345 19.8612821457095 23.6648846238478 23.6122824763225 19.664334247101 24.6508159612282 25.1677864415398 24.2798255761892 25.967058760158 31.4501558613272 43.0269438507083 43.9680606461957 61.2208873556653 75.7022704687862 65.7364613331875
42.3252642099317 36.6345055229356 32.3117832901366 35.7001920187279 44.712420450051 58.7816324689201 81.0455150321727 68.4645154877805 49.0559759782655 37.8594699834999 37.6962034516658 57.8810027930207 55.3553450159649 37.0943053602293 31.5585942480789 39.4677053782778 40.4370974363677 39.0430480545227 38.7576177294565 39.8575992394817 33.3824604059025 34.2724089351168 37.8450540878428 40.2888004038264 46.5273335170236 57.7942927871719 43.1804874980278 39.3074041327559 46.6321028421074 50.4527651997197 41.9590599347216 40.4066033668133 37.3465273571435 36.2569942387771 52.1936264444142 37.3940313047115 29.2244850680455 28.4924246111335 34.5886595614452 45.7032242096469 35.5227126167133 35.0413100362094 39.8633024274249 33.1852267850357 37.0634502241188 41.9087643182203 46.1305314910487 53.6460400088539 65.4511241234372 65.5685807956854 73.1585736914782
38.37417393637 30.5632171417282 32.7337799744905 49.0523987519182 44.1179233924419 40.5106516755544 52.3722344007916 51.88630696114 50.5607401182362 41.8874399405208 46.2643650069253 74.7365142252615 64.8514396087614 43.754212454517 33.0079616259174 33.560433298693 35.6049863778193 33.7559052859597 33.0643530517165 36.21799613048 33.6649197957472 36.3181752030132 49.3762500599287 52.2804748257819 46.2908480266615 43.582821287108 38.2103804285145 38.6672588141044 38.7984875922197 41.1621446160228 43.3864892175174 35.9052522433047 34.6043892948512 33.8000751812273 36.1044897131974 37.6899996541889 38.1858112351112 34.604291027376 52.8290355423585 61.4773588606482 53.5439776698069 47.753055340625 47.7932310625495 43.6261466162259 46.6198959548665 42.9259483853934 69.3826253648134 63.9341435229043 55.3473118487951 43.6070408374485 57.7146899424139
32.7366059483454 29.7282708027076 29.2640713067219 38.2644670196151 38.8305464812105 43.2412614156805 30.1067704301151 32.4399539176387 37.0487312308569 37.1592092491096 62.9582348026696 39.2913671808378 38.828793147198 31.6965644250002 41.7047594742639 57.3911139572775 45.3014523047344 38.9455013265113 42.644383490668 53.1921130192384 48.6693306783696 40.4062945337858 59.0405986249858 30.4129294601528 28.1703651948377 24.1924964016218 27.7071767666995 24.6628685096061 27.4050458356348 38.5882552448057 65.6646714506518 43.4407605583991 28.8518707588841 32.0454440593638 39.6760029157828 37.9046195213999 38.8155019571743 31.1075831418402 39.4695654679837 25.123104366774 22.4751433923878 22.2079846804931 23.1522984375396 29.848127691424 25.334076437804 22.5756767829359 43.3829961371176 47.1976415340673 50.2703820747657 41.4204292694758 -9999
30.6072322519776 28.4139707373075 28.4791126249937 36.7878551078717 33.644712887945 38.6469377632191 24.3689223394202 27.9769160238356 28.7018371999139 39.4996860584792 53.8245272992116 30.767989316226 40.680247755369 36.7292898549072 30.0340672748361 44.4090347213501 35.0458386024896 44.6944268597264 53.7789641091577 39.350518610585 33.1311712740448 30.5713036241722 40.3410048389511 32.6133685103631 31.1094443156806 23.2973742274741 17.7369538693522 23.2115642386244 28.6144916503491 35.1660895122783 62.9246977258557 40.931855597021 34.1030146724895 40.4346876994245 35.6626479227439 28.6532023312616 33.1157094643959 54.4340554449512 30.4961241105713 18.3308673360798 19.0626720810639 21.3776555389369 22.071275609221 21.9280120548916 20.5227849188778 25.4879377789062 36.9908641531447 36.2601579482422 36.4339969906132 -9999 -9999
27.5756650115247 24.4896921852812 28.1889934666604 35.8181695337102 32.0507543526258 30.0980820025657 23.3796831086315 26.957363922412 27.7638707644661 41.2726515578702 40.6390218591868 29.4667634276479 32.7582390112602 35.3628558157227 28.7857144535767 35.1339766958856 29.3913203892914 28.8189701861819 42.6817175823376 36.045119888971 28.3028589999019 28 26.4664993239054 27.3143383289182 34.5190447659195 27.4508510906302 18.4690447444322 23.5294937084256 27.0866820638726 34.4665330687184 58.7998392401718 32.1873733465411 32.737889672881 40.4904286376367 25.537572711613 21.5337834209682 23.4722371659637 39.6652030715469 27.4978750939051 19.6488045503571 18.5587778953264 20.8473452550609 21.5854762637173 16.1830071232234 22.45344941609 27.4816337222062 37.3076845654013 49.4740817343014 -9999 -9999 -9999
19.5958561947782 15.3102871636613 22.2040590937278 32.7173265166498 32.5133059493297 22.7695889401601 20.9004934207844 23.4924196625357 26.035346295307 33.063860096124 39.653356011752 40.3733602598152 34.1806420946119 34.0913761913435 34.0329904194152 41.0543207611094 30.381293672019 32.0507799994517 44.1449848098218 37.3021117436315 24.8179971278493 20.9152261326264 23.4756164983077 21.6746054113411 19.3028517821535 25.613504442168 14.3099211757821 15.2082744587688 17.8651206747864 26.3657021797595 57.1233399322938 24.5218778548647 22.8866897706307 24.010586165021 17.5335188008923 19.6578844889742 23.9270034476422 34.8881178896781 23.7484520104716 17.9726806326996 18.2614647119425 20.9251478386305 21.1597578708651 18.8837187514305 26.9427112584431 38.689309781063 40.6987328366452 51.8657744198057 -9999 -9999 -9999
13.1266829369461 11.163127263495 16.6128024946154 26.1046744912712 45.6851061947944 31.2008587895776 36.0127271737731 32.0919475422372 27.7657414955393 25.714107066093 25.9392894765997 29.4240305346999 27.6980482776128 30.0589846424342 42.1592896176656 39.477611231927 36.3337132849143 43.6658735942741 54.9396892155431 43.3383973850893 27.839454232133 21.7125736660813 21.520569215809 17.2995936702093 19.8286801359455 18.2326758214582 11.4505162669905 18.7847662046901 26.0502450996608 30.929272158272 39.4668623283642 35.556485787837 29.0082740218535 24.0047420090157 19.9453006913184 19.3180722916482 20.5864756970502 26.9578701805827 27.0291330665059 31.3162235743391 34.050826699924 32.9451731217622 34.8495301234197 39.4989832020717 44.2315031380393 73.087007000597 64.5858286546074 68.1988836423055 -9999 -9999 -9999
15.7342662275168 14.3431245470726 16.8972363795849 20.4979487871711 33.6910257552921 29.3883120001587 28.4409478945022 30.8544784871761 22.3797811682868 22.9391840470348 24.1692266673617 24.8944964150498 21.5595163490797 26.5145339914337 25.3119997057692 25.4325882746298 25.7419098354445 26.8381563585899 30.2081259896377 31.4391267556184 47.5110569509731 42.4166861358668 35.8799823959817 19.1889893820795 21.1723890968309 15.6263524236281 12.3220188814648 13.8043283726125 18.1203832275119 21.9818271889704 16.6393758507593 21.0974593260017 38.0208430789952 28.5674812504192 19.3342174030911 18.4202104374043 19.3494206607093 14.938238378383 15.7492807197121 22.8665416031904 27.4211442227159 27.6609756437632 36.3049348355078 47.4691759098548 64.1653375899722 84.8462786727447 79.8206911722472 65.519965802237 -9999 -9999 -9999
25.0094416241652 23.7525106186507 22.1804761358848 32.0472105749526 44.9849558648429 33.3991186638138 25.0082203958873 24.3015472641326 18.7017686064694 18.2050142321438 14.5715930446421 16.2518511713103 18.0824913886187 20.1401128181895 18.4786471988636 18.1901798398098 21.4499404559942 25.6572206393655 22.9088125643517 25.2503761697043 32.8698595674017 25.509531196149 23.5930809914964 21.8140495115932 28.7803963322077 19.4205495097785 14.514088564507 14.4039954808454 26.4194261290596 34.374206513739 29.9844942722402 25.7477739696923 26.5883046064467 20.6228508708734 22.3685709263511 26.062162735739 25.8180114978713 19.9847585875025 24.3434649139768 33.0248392928139 35.6652234625519 34.2112587321072 38.9794402723117 39.1192853789488 61.8090097485302 77.3885049197146 79.4500832769788 68.6018338450503 -9999 -9999 -9999
23.9915159178508 27.9123133707615 25.2200199991989 36.5221659997254 46.7516568667115 43.9968696584292 53.9055342092989 33.199275918678 20.2880473965162 18.6721656166154 14.4998136879633 14.5360419237224 18.0492569133476 20.250707407616 18.5377611169685 20.2113781493678 22.706590964504 23.7036422808536 19.6068933307185 22.3711815890488 27.6907300612962 21.0704353333334 16.7388441324407 20.0255571512631 30.8334985526711 26.6964530578099 15.7402942237351 15.9899449275155 39.7947298863058 58.206144067005 48.3317197943813 41.0985960767431 36.816176809888 23.6041022216214 28.3677554310122 43.2179751216425 42.9268640689079 34.1254002098176 35.7944112834064 32.7313751302555 26.0415636358644 21.7269763415581 21.3001769113282 30.2560210959848 52.0074561004355 63.3073350063556 61.6192247267523 61.2465356464982 69.9543353929675 -9999 -9999
14.8602919707352 17.1033339364351 15.4003604062454 27.2551161602625 30.3799580816817 36.1171652725582 45.8292024043499 29.9425624308937 23.3460185001757 21.3226425840508 16.5485268234276 22.1757826615884 24.5240733321398 21.3030735782571 17.8704821703058 19.8595859159231 20.7517485345867 17.9771298308159 18.1147402782852 27.7502540839229 28.3211525019286 23.0707257657411 20.8857071538921 30.4341718427569 33.9853334824547 28.1417439226477 16.3067994866073 19.9086374235605 42.8997785697368 43.7033023394188 26.9460107549417 26.4960958859114 30.5834011857643 50.0738241560584 60.6772196496973 59.5056580392577 34.3672987447192 28.367123806999 28.2290687021767 27.4708463058221 23.2776088007481 22.580088119004 30.7707036093885 39.5261287659095 31.9691334189565 34.8684555904174 26.5889581527532 31.603408451382 55.0859419809459 69.0789046756155 -9999
18.041805017701 20.3710793233378 25.3976540633639 23.280744441302 22.4552534139543 32.5816168885054 33.2846316207281 28.9099083371302 30.0953740844518 29.7272391194486 24.7991160953958 24.9559567072387 28.8435279342188 22.3118633114194 21.4750553459559 23.6430785716176 21.3545402562041 20.4255931552511 20.2697531002176 28.5100713363761 33.5020521052593 22.4227528870305 19.0007192584746 26.7071407094176 36.3601416170429 25.6124298376398 20.1599085649344 25.0149415561601 38.9991911179349 28.4756878996899 21.4439924132471 25.6319764305458 35.475652365375 53.5073877381065 52.838135927648 36.8833210720645 31.2461963163476 23.7895022835187 22.4234651014206 27.4023848255256 26.6533210947305 24.8676747967369 22.1638702188226 21.1500268313095 23.0662989673958 34.4897130546068 30.1440630224796 34.2238409428944 51.314057457196 46.5638998584191 -9999
16.880815551959 22.1617988401744 39.2254459976466 28.858745784024 22.2190936967045 21.3615978590686 23.9865629147167 21.8840501576925 24.0581758744356 25.2560078730532 24.4823109253347 23.3670283857978 23.15396674506 21.2905385139285 20.4355573299811 24.4118225986692 22.601931648305 20.1673257470923 18.9416464739249 26.1861631415139 30.1322022671909 24.0710365250385 35.8701232406207 30.3824709120119 22.7259653393942 19.8037440851085 19.6573412456319 26.5717699152809 26.663403675271 20.3262141527138 20.0349806783709 28.2887549523116 31.255114438217 41.6147164277248 42.4899570981438 32.6362640946378 37.3034256127426 26.9283707029533 27.1847574407322 34.420981268898 28.8817226172569 26.4878623012516 25.4081968417459 21.8247731271816 24.8319811924631 31.6647028947089 63.157701074213 62.6447187754573 63.7104154206698 53.4469003008541 36.1006578468075
22.9743585891699 28.3747077867876 47.8445996603411 40.8350843589863 36.8622156383365 36.355086854978 36.5743226783404 27.8160251805799 23.2188074394002 20.5551196638004 22.0038498499713 19.3631057946284 20.7120923644007 22.1297718782526 26.1812026131864 36.6981279907202 30.7740510588832 21.171142823461 19.4572001474239 30.1997361861053 34.6714241293403 47.589042421003 42.9388748037523 22.4422837098793 18.3266420726651 18.0803810918678 23.9417251171862 24.3168261570525 17.8147780278558 17.049225314973 19.58469258771 22.3034398290343 26.0988476970192 40.3217118269494 28.6893898802535 24.0298374187707 35.9521496801913 50.7550032444985 30.7916605179914 30.8719420661512 45.1752620834147 41.8157981448197 30.0962915850681 30.8606231217091 31.1812466027107 36.7683582321623 68.3307961171494 62.1952386021684 67.5264785886011 61.9218638635472 -9999
34.3969008241918 34.781750272787 38.3277094277077 35.496702247043 37.0442439628914 62.5260722000637 64.11644283896 35.6200873275955 39.3251766577949 34.8476088150063 38.2672896094735 37.9432131557563 34.140251733886 34.8465572678695 36.9243030794779 32.765531880467 30.2128431070927 27.0014088011971 20.4823030925199 28.445008678365 32.0834281755254 48.3852214569709 38.7110348547691 34.6741205350471 24.4594377752127 20.8007468187075 28.0934466517713 24.3209189193952 20.6175857411574 26.3781203113822 23.531156099017 21.5694300262646 38.1795398948172 56.4251727328469 29.9216811640112 26.8428626242711 28.7660373184043 38.3684376148494 25.8677919799937 28.5476340519748 41.3298244047566 32.3494449163599 27.6420885322649 34.3174352842794 47.7823385797264 38.0494624327894 48.0467086421376 50.5242487503073 66.4818721938853 -9999 -9999
