DATA/PredictorVariables/2_test_multicolinealidad_seleccion_variables/2_3_Variables_definitivas/hfp.asc
NCOLS 166 
NROWS 105 
XLLCORNER -9.416666667 
YLLCORNER 35.166666667 
CELLSIZE 0.0833333333313253 
NODATA_value -9999 
[rows 22 to 43 of 105, columns 0 to 50 of 166]
-9999 -9999 -9999 -9999 -9999 38.2925676240979 38.6530978206907 39.5752044396661 39.7987617686429 62.221791410909 51.0500211522015 39.7094031793104 33.3868987586793 31.9636407696933 29.8845043198123 29.7222742411363 30.9627607784463 32.6278890077427 30.7157962462309 36.1380456092899 50.0186742717592 31.4938324006584 28.3242697791273 28.9735324439208 32.5319542330608 30.5423806287935 27.4265154106168 34.7073893665464 36.7678755920511 30.4411477182044 26.8762044828483 27.9039826407428 31.0702222930207 40.1132496677214 31.0224766400808 25.4981831024961 22.2089325334048 22.9393658908224 21.1043985070605 28.8525751921944 40.306209774809 37.8082281256737 34.7513609470554 38.7726525675126 57.937910028553 54.3498299966548 41.8992924710799 50.6744094104883 42.2130838630521 40.903442180971 42.2975461089564
-9999 -9999 -9999 -9999 -9999 42.412064404968 44.1786419585622 48.4945923047807 50.8385139189941 43.1746796337277 32.3589094795238 30.6511206037025 28.1612099420338 28.0209840583689 27.3234663787538 29.9435890965851 32.2628760232214 31.0231151386073 31.7568492582752 31.2758655329348 34.7228461842877 29.4099690171561 30.7000942899432 39.2326227747753 34.8828219384061 30.3197046717024 26.5154327135306 27.8044308438517 30.1578871961897 25.833597590502 24.8364948879431 22.405325567125 23.9455859549359 26.3101647101199 26.9027180147956 24.3616912641207 27.0016899271114 28.7310298979832 27.5558900860522 30.5851705852648 35.7012273344909 35.7029897228492 37.8046406877782 38.2139385971957 50.9010737026094 59.1916785827084 42.9998284425847 42.9534852099543 46.1599527287623 42.4108014613947 40.3950446774155
-9999 -9999 -9999 -9999 -9999 41.5925845698329 49.853339029936 50.8988125450028 39.688886779075 33.6580867549935 30.8916021710133 34.6749828737935 32.8931097951719 30.048601730416 30.8941533501205 32.8488352775316 30.5144990996293 28.1777102003803 30.8237314461616 32.4032404202395 31.0086002405552 28.3837492634938 28.926837076259 35.4978874518836 31.0161608754257 28.997845597453 28.1194628861876 29.589049469979 30.4486268193399 33.6797848641277 30.6652370563003 31.4495151692959 31.0064347237351 20.6609664249072 17.5339580050788 15.3529990378246 24.8211145256643 28.3033892499568 33.7052397119383 29.5424532245003 27.7299296531162 32.7597089360687 34.0976444700573 36.9636478356759 50.1918908057777 44.1920064485453 40.357721723158 43.7503834307161 45.5723788383241 35.2442355531234 38.4181821459285
-9999 -9999 -9999 -9999 -9999 -9999 42.6978350478043 36.6072871012889 33.8541584041503 38.7970850368548 37.8692784032759 34.9655810234063 36.1529776908287 30.0811030245984 27.3997006528544 30.5316141091129 30.0544821536686 24.4903370081982 29.5276474420133 31.8011325760271 31.3015440021592 28.1308443504411 31.4605294450204 39.682298802492 30.3067399241094 31.8817567591839 30.4657692862807 34.0394831120253 32.3698546204875 34.97271023293 32.9490366419934 62.5687334013512 52.1959169235251 32.2437177982076 22.6736104236257 14.8777713228043 18.688840680551 21.9031411703021 23.9001925524155 31.6158746786596 23.3774359208681 26.8209385177778 35.9817555518908 38.9166818324151 53.1217942128177 43.2937918367751 41.2707341601405 39.1935947290374 40.321087972753 35.6600005477355 38.6068606491326
-9999 -9999 -9999 -9999 -9999 -9999 69.5799052668069 63.0858333353586 54.6504935952686 45.1255597635943 35.8995477585037 33.0233656621704 37.2827018476464 32.2527384796731 30.446655214355 30.7041044626322 27.3525983605133 28.371394145289 29.2888867934054 28.788920774016 32.1860175009158 31.9968958434851 42.4628312910263 53.6433273594293 34.5670613595766 32.6659042155426 35.4422924312177 33.3898830878608 34.3855999329034 31.3489124298146 33.7717797514315 39.0149510028139 33.6895500443066 31.7782102372465 31.9858058414305 25.0364901100484 30.3498565321464 27.9829508249392 25.5160739605971 25.0932824897982 28.78126364646 25.0837827738883 26.1093641910185 37.5002707486502 47.729108632742 41.1835815908 41.0896064519091 37.8017222781905 38.8889192790554 39.2656997432762 38.1184172057255
-9999 -9999 -9999 -9999 -9999 -9999 80.625 64.5524426992898 46.6061086240398 43.2051387788561 34.8818072274373 43.9845958317745 45.4314116800088 33.5213681041245 33.9799072225138 33.7029219778493 29.3824091898743 31.9982541487478 30.6438018381737 29.9020043742951 30.7134806866301 32.8528842198104 37.4525551987387 31.9589636427658 33.3024868698047 45.8656412106051 39.6542088707168 37.6802942493664 31.5079879306579 31.3750096324668 32.8654463291171 34.6376785212677 35.0589478011868 33.5082676249037 35.5139558980054 25.1510786273138 25.3143715911761 32.2948283084889 30.9108376753295 31.3317443747651 28.1575998413727 30.9443914969098 34.4600535569243 44.5191918672178 50.3340473342872 42.5396033620296 38.2655213547396 36.1132559754201 42.3177817715865 40.9286341451338 39.9044328069249
-9999 -9999 -9999 -9999 -9999 -9999 -9999 61.6656271111397 40.2268540008168 56.3995972153749 52.6931649684015 64.5187184874891 55.8642781099841 37.5848110629384 30.9487820427963 32.1073454963759 29.3832021753832 35.3429445029111 28.5496177355401 31.7802327336004 27.4112949584506 40.1106513201837 36.8378475126419 30.0579582764021 33.6989455767796 41.7810350192827 48.4742767787912 48.7303915944098 38.0619152171513 48.0639883475241 40.7580313116478 31.9002669714033 31.1910918693762 29.5780478299498 29.0807529027226 29.1633845058466 35.4696287617183 38.4457697517281 33.4320766961556 29.9589788971509 32.3957022343963 42.5977426120131 40.7916440390976 64.6758258089775 76.0274387551785 57.4381769563612 49.0422214826196 45.4567687487739 63.6072041102645 48.0917200748822 39.458810883093
-9999 -9999 -9999 -9999 -9999 -9999 -9999 64.0603721874226 44.7641909216392 39.5731996288047 54.7781892652836 51.1974800643996 55.7029361117424 62.2815176702592 53.7592575848919 43.1750305026953 28.9539716863459 40.6788930183132 34.8244136314173 31.6698603582356 30.7023389989266 38.2207642714478 24.2015547644136 30.538820028517 33.4948421934327 37.3298544279389 53.6401921076725 41.4796733985119 30.5609503470942 29.4108375741122 30.0996796371352 38.1245275038339 30.0611209295246 27.1934549096512 26.3213863513419 33.643138684966 46.5546505040064 40.1128136325677 32.1940932326569 28.4018037215244 29.6725301806287 34.673546569758 37.4090030974185 60.6923382566272 73.8363797079429 46.6840572206894 39.5732168840629 39.8598828956527 44.8161193667269 47.7425507610005 40.5556903016186
-9999 -9999 -9999 -9999 -9999 -9999 -9999 88.6153846153846 72.7693137612964 53.4313396236562 64.1598085820688 66.2833886626797 58.0571724026146 65.6372513259828 52.0948835217987 36.5352136204479 32.5630711145049 41.8429278624085 30.2656620460407 31.7910667551452 40.3960619942234 29.8915081780575 30.324726100985 40.1792901681455 34.5061342966473 35.8426261604744 42.3426293258222 38.0092828249816 29.9590895390953 37.2217365160331 34.629540767822 32.8054794670912 42.2811299644822 36.7618967662094 38.1789451347958 49.574903646712 42.1996876984773 29.6062574975567 30.4386666988503 26.077219516748 27.8438705830753 27.2986852148644 34.5098478375896 43.2977943673795 53.2049104297133 41.2177419929238 39.410589660153 39.096944260064 41.5104515399943 45.0826041024152 46.9626524531856
-9999 -9999 -9999 -9999 -9999 -9999 -9999 -9999 75.3830480631379 73.479455458018 69.0905489001703 57.6925275400686 57.3150298767745 58.3054511178836 51.5716497937897 45.1565029457855 45.8161963549933 32.0960425456866 30.0200846736928 37.1837522964326 49.6825670475307 29.9862362016418 33.7203808802107 35.1579802778311 37.9050749387635 39.4459518251714 40.6492262072124 42.8208620127426 34.5385718564868 39.6844796968993 32.4436942182102 32.9121071159566 52.0603375764243 42.074482002669 37.4165231719844 36.7861337773871 38.0266649055764 27.9750631063338 27.5758640653896 26.6736891017206 25.3313737641098 19.8618993608811 25.9336110000002 31.7632528758479 45.5457999418372 37.2721269760721 37.8702012539349 37.7387081648509 38.0823549756393 41.4689977735981 42.5292912002979
-9999 -9999 -9999 -9999 -9999 -9999 -9999 -9999 82.7166851303663 87.6636459201109 78.6234017012502 63.3763764881101 59.8793940304966 66.0637228249321 48.4135920977681 47.8300240467706 35.0284124297977 30.4902536174629 32.7295962890919 49.9523883291752 42.1377926773295 33.6019832298552 38.3887463597263 41.1902373443905 40.3517271874716 37.1180793773089 34.0164708199561 40.5491964580402 47.6843521308436 35.812031915998 33.1688878873437 36.7471029576336 43.3247835861536 38.2841405942031 35.1977285406582 31.102615201829 31.4201131290446 25.9449541024023 25.065465474071 28.541572593474 28.9358924795579 23.5367205123588 28.2923649571967 26.2666936797836 44.1103554114138 35.9419872216541 35.9335490149107 38.5991604582941 37.0995980699624 38.3825621888743 39.8971471102433
-9999 -9999 -9999 -9999 -9999 -9999 -9999 -9999 99.6959349629112 92.0013736752129 75.8410706654432 46.8323869309517 33.3164187688709 34.7311880802698 34.8951723676226 41.7654775939187 36.5858905293839 43.9797789805349 46.4740090578636 58.8361177205409 49.4421029504331 36.2547140675031 33.6525097583919 35.185312319309 43.0748204620734 47.9555005538825 43.606509402112 58.8586899740592 37.3501863746429 29.7529080667425 30.3682735780298 33.267190953434 29.459974591153 31.6916423967948 26.8239909812828 25.0086368815566 21.8852027364874 14.4852797016992 21.4649466153641 28.9429698272353 36.6118330322576 39.1788691786745 38.4859991371287 34.8659220190421 43.8856008862239 35.0408800824372 33.879052223414 37.4978319861781 38.6115493278158 45.6339254593465 53.3715542439248
-9999 -9999 -9999 -9999 -9999 -9999 -9999 -9999 76.9002583577547 75.3249779540275 70.2613102999863 46.6543822180236 40.8025656485233 36.1722358501173 35.7683416382858 32.4627731056516 32.593301432554 30.9159690437479 33.8523746978933 43.7431672619602 32.8795896899549 29.789907743808 31.3831049031197 29.7456699554414 34.9450372584472 41.8855204819983 39.4363954459858 42.1893059141951 32.2895535939802 32.3042840534183 33.8641659000024 40.7836674536479 34.105429768052 28.5651115037939 29.2610894889902 28.5765149481962 20.7906646989927 13.5502915175878 15.50765604889 21.7623223117722 28.8833489128328 34.7159885103436 38.6671810072589 42.1846721075647 58.8190298873389 63.8138549420684 53.673538782765 49.0625067525428 45.942974428058 40.6713304761574 40.1083547951948
-9999 -9999 -9999 -9999 -9999 -9999 -9999 -9999 69.6213165367861 69.9574291838656 70.2912071226663 49.1360108172175 31.923876454578 30.5051035363637 30.1427416036098 27.5033624342222 27.0490813266505 29.8426258495848 30.1068851557066 31.8522813491766 30.2917684855971 32.6058740308942 31.5140260820969 26.7537368528052 33.5577521800151 37.0642782971184 40.697915586398 29.2286206147192 28.4289204350451 37.6460154380754 39.0559805143105 36.9756035152636 38.7278193314939 30.5256534221262 29.7115418454608 35.0455602801063 31.3032035028059 20.7313106615436 21.1755191260159 22.4890144199707 18.1823022038975 29.6631149760817 41.854972871159 47.9369664400513 70.1489128331823 82.435035784293 65.6926468989653 52.4717524634348 52.4572981235791 44.4140417452019 49.1213814638121
-9999 -9999 -9999 -9999 -9999 -9999 -9999 -9999 28.187941190446 59.4384668853798 65.1108047178797 57.5323035399972 40.9534060939391 29.0207689642445 27.914054084889 24.7189742943154 26.606899065609 29.9161280421086 30.6327795920721 29.6676769057701 32.032188628597 30.480775949665 30.9067759622973 30.2172378278119 29.1158298956371 34.3820577688066 38.4134023053089 29.5862341838938 30.6505462468487 42.7635062730101 33.6538047456825 26.21424207552 35.5391729620558 25.6306079107714 27.4080674644913 33.87347088212 24.1507567383766 25.1736706012975 23.9675018390655 23.2644487280204 34.1947373365897 32.218845126542 33.2505578519771 38.0278676726112 50.3286036035451 63.8760878994225 61.1729055326208 48.4156474489523 44.1847354170236 45.1990564206507 50.8700463707583
-9999 -9999 -9999 -9999 -9999 -9999 -9999 -9999 28.5404080280215 46.1267796369215 67.9462570691361 48.659495339754 32.6879340805365 31.9760547892753 29.2843563420689 28.0289759256819 31.9880050914972 29.1319113890234 30.7341724903973 32.2943783131829 30.8238779079749 30.0997268768876 31.968830407293 28.902384061533 36.125558124801 41.2020213113386 34.4824131224329 37.1638182853262 39.8391918661837 34.3155682431275 32.3906173840518 22.689240405317 26.4154703956792 26.7242723599142 19.9631689314232 25.8036431449247 33.4119767722439 50.821095587357 50.3710289485828 34.9785179060346 30.1489780991791 28.6616091413157 25.7227137517354 20.6166724003801 33.3958520382775 36.1560065860518 54.4753718943106 44.7702249013158 40.0719128053697 41.7893154967344 40.5783315760026
-9999 -9999 -9999 -9999 -9999 -9999 -9999 -9999 41.0665328447878 63.4400974440635 61.3071654285208 48.6271225491572 33.8379195969275 34.5837674716513 32.6001028983903 37.5248006304279 44.227035338948 43.7156633544731 46.1348220545465 34.8589383398558 37.7723454133424 30.3292971813182 32.2858102602748 35.0135359484501 41.5417367495643 41.6163499290125 34.7652988294466 33.4674567118874 37.3264493918026 30.5688590058062 37.4637402750253 31.2994729792548 26.6491023437777 28.4657606441971 28.4446241726467 29.1035007539725 34.9735687583709 27.8812945192513 31.8727938711615 36.3106709207034 25.9134260112705 24.0474724541542 24.7524139005439 28.4763814093064 26.2517625104287 40.3156362605112 42.8229150010069 39.4505903458001 36.3514276556887 32.1459765051803 28.9473535139423
-9999 -9999 -9999 -9999 -9999 -9999 -9999 -9999 51.2725727226572 77.0198239057052 57.2205312357627 56.9471197513648 33.2670695529793 29.9639368780003 29.4520534926064 29.5570886961276 34.8816254491693 46.5154398117519 46.2561011846958 47.9072728590403 41.776483534753 34.4990038959236 38.2573801842498 39.6865606798097 45.1331158465989 43.2858287760403 43.3760636033801 34.5141179321712 34.2655560148932 33.1950848520995 43.9582319913122 42.5596913532947 29.2123570443385 43.1007330350273 56.277205019728 44.5548574225959 28.7076740446481 23.1708316168023 23.1899944424085 33.2458927425187 23.973162069827 25.7375210979619 27.0562540681119 32.9750206668964 31.8402396933566 45.3325902471785 30.4770451444498 33.9975206150247 26.5226483361446 23.9956024570119 22.7598775289992
-9999 -9999 -9999 -9999 -9999 -9999 -9999 31.9702055978016 38.4909526332791 48.6559991244219 53.7866434454159 61.5367007856476 32.4893534962115 26.4430794511132 27.5039366645957 35.0072394602497 49.0285826726456 32.5230458662196 41.0151880483673 40.2052735811473 36.3723498308591 39.4969257488053 39.4300781546822 30.5347544150921 30.3940386652733 49.3832484280224 53.1877946806856 38.6480888248628 39.6197803894572 36.609331750618 37.6741096525789 33.7919371206902 27.7643848789471 30.6371900497001 36.4939323111332 28.6158506299728 25.5505438127305 21.9590849965957 23.5484546840381 29.6031174819588 29.5151631413216 31.6338104195661 32.5698339229513 35.5080389063053 42.9290560027753 49.0537628449607 34.2750414422351 35.1906576108172 31.2230227174154 31.1248786063205 24.4186276640414
-9999 -9999 -9999 -9999 -9999 -9999 -9999 35.790551721933 44.0911340446151 31.4696787465992 35.2429856752436 57.5147982219531 29.946959224567 29.2957955560623 28.6953599552496 37.1331956153549 43.7053433816982 45.4611424879207 31.6384562730886 31.260098357637 50.4014300071939 37.1675922618223 32.8807588552781 29.5926850073305 29.2780049288162 38.7842231422668 36.7946327914251 31.0363347840832 34.2768106143122 32.4362666889299 31.4460872237928 30.8177176280859 34.9705094677325 30.8619165150859 28.3434356820587 22.3981712333024 24.3041809503215 24.7967110309447 26.0968776650321 31.3683436850673 32.7366446037883 27.3451812820843 31.7340970943575 43.6933211736168 46.1734283666689 29.5503900273691 32.1719069541627 38.4104838070046 36.0953634417374 29.3576127990349 20.6744530788573
-9999 -9999 -9999 -9999 -9999 -9999 29.518350231089 30.8564686386054 33.3368960284709 36.8316666512893 40.8483404985264 58.3510568188718 41.2493186687584 36.0508695344122 38.9592240629915 44.2456265595425 38.1388586072703 29.2447014175015 34.9549414955738 34.6483606415048 40.2543892832139 31.028254160361 34.4097673625358 34.8820933479967 41.7979404335857 45.543977169747 32.9777067348462 37.434935258112 36.5844957585001 32.8177819242634 31.6719872582397 25.3496227558989 29.0173732566456 30.3755891619349 24.614745570263 23.1924227903793 25.977604013298 24.4024263846355 28.7890489174329 29.7825891044271 27.659241402039 27.1919150006113 33.9937832979658 46.960656959311 38.6773201621229 27.0473874798619 37.2612016377195 34.7711755653788 21.6890447875127 20.1900481817307 23.8101243219477
-9999 -9999 -9999 -9999 -9999 -9999 33.8614612494608 37.4999578318093 42.1033478003767 42.7377227229989 42.774124621008 62.8264564269964 46.1887649184078 34.8576609091032 33.335510837269 30.6942129859403 33.6249153583476 27.1920168794356 29.2836566373296 29.1887557336316 32.1551415818142 31.7487921377875 43.6729401589997 49.139029561259 43.7854898591088 36.7128840422012 32.281877861104 31.4698101752308 28.2108656995453 28.6932427308344 33.2533892317439 30.13713761662 28.1726543634274 28.5022192614115 24.0302186631229 24.3219740421751 25.9479498734282 30.1513238305421 31.9827730330716 30.1202259901092 31.5191890718846 35.2040127084451 39.2863292204556 27.4373803288574 24.343539368038 23.8260100963325 31.7229266555321 27.3985604696603 23.5102275896939 20.4589160689594 24.6736574203223
