DATA/PredictorVariables/2_test_multicolinealidad_seleccion_variables/2_3_Variables_definitivas/ndvi.asc
NCOLS 166 
NROWS 105 
XLLCORNER -9.416666667 
YLLCORNER 35.166666667 
CELLSIZE 0.0833333333313253 
NODATA_value -9999 
[rows 22 to 43 of 105, columns 0 to 49 of 166]
-9999 -9999 -9999 0.199750501554405 0.522006856013446 0.651876046553124 0.673794957755999 0.646899175937579 0.669934839273646 0.648415127529308 0.665555496394014 0.641705802120751 0.652159085903889 0.657353674440978 0.701780273042912 0.6940491820755 0.650311421255039 0.540996648541263 0.515631578344691 0.593149192035013 0.638424413115935 0.613017187138132 0.606774158772712 0.574703376745741 0.592394854232765 0.595939608448191 0.59413166823462 0.608548808039021 0.570776757741079 0.611641537470798 0.712896262021468 0.647556123177173 0.610332057412786 0.635067046002158 0.578337077626158 0.527678850854372 0.443616640398836 0.387496521766801 0.358830535975534 0.359990668160454 0.380890751570428 0.424265089129892 0.459314650244794 0.491126658286488 0.47072979679571 0.258013606358533 0.266226454683038 0.262187561186351 0.198231151552195 0.140206668700876
-9999 -9999 0.0199999995529652 0.106936256383165 0.558681835013266 0.642503524257583 0.672742396879762 0.625364109394967 0.650219211709796 0.642141409433806 0.58658374930846 0.578767114425247 0.568162848484256 0.610786881901622 0.686704619393136 0.703722096902021 0.6462242536045 0.641925979446657 0.505476400290509 0.528405516510236 0.552755557281976 0.583726285915774 0.596498312746206 0.584932297648878 0.578715230450838 0.557448351998152 0.544697045824745 0.56876283280003 0.575255495840798 0.615819717182283 0.624133327127967 0.637422476214451 0.599839995288871 0.604353210287613 0.53900175152241 0.482333810013059 0.418026653751532 0.398637188555895 0.474233566412488 0.393925520879064 0.460179641494437 0.477315558522825 0.463872788667605 0.469716752991513 0.265781066603109 0.167181284267849 0.180240203751873 0.171059689474722 0.15186038335079 0.149920885320784
-9999 -9999 -9999 0.175170304747435 0.529720243970047 0.571316988884506 0.654488033779077 0.651123979249662 0.673256844165926 0.643740826923601 0.608070392402333 0.540558257072621 0.565054681373381 0.606430024906789 0.605354606956357 0.650043259762877 0.644249989271762 0.674708894090632 0.617866895768028 0.520735889765512 0.491658917655347 0.485183286976152 0.571674723227634 0.547747177291318 0.545526537733218 0.547182835247344 0.545391014611456 0.535049978040245 0.540091085127302 0.545634374804842 0.510831113327169 0.531916580798377 0.545847010003191 0.53126870441255 0.532278655189628 0.533096935087723 0.52750619068437 0.526473576137498 0.501930724860078 0.446206599983762 0.38479512350668 0.463033138206286 0.507087463119193 0.296524696892697 0.174210552766415 0.164941549924033 0.191548464563629 0.211563394352969 0.236193857062425 0.250993530601226
-9999 -9999 -9999 0.203957032427665 0.300339094860937 0.576635314138021 0.621931050564849 0.661147410637706 0.656144744794695 0.656982583995458 0.650694511994233 0.531358781251024 0.529620537346194 0.522977717627989 0.530497450839091 0.543165455230522 0.609053629980855 0.642905749976693 0.590670604944376 0.518641179164358 0.4975195348787 0.477282385746852 0.492546032758269 0.485998225151343 0.520383340996243 0.540659282009656 0.591633657926544 0.589129593546415 0.561703005845629 0.534413768152969 0.415913999786133 0.424612834664218 0.519999980926514 0.481353066181225 0.427198719318782 0.471259695269495 0.4929524872169 0.579130045115117 0.554865364717616 0.439444839464351 0.280691968002493 0.241126122628352 0.285328878212445 0.186749501277203 0.172355667311077 0.264545701425291 0.284811863934262 0.325240906321537 0.253476313709067 0.202881407605819
-9999 -9999 -9999 0.480636071399979 0.271276666631271 0.628726852620352 0.619267393911923 0.630283222585211 0.660596741486741 0.669828806388426 0.667938605613244 0.640327573228785 0.618399283896406 0.49644898608531 0.428261110891085 0.562409702323848 0.554636481463322 0.548088753731532 0.520230403893343 0.527739806011095 0.499805646057869 0.49964031141689 0.527645041617065 0.491673480712843 0.486742955215174 0.464263782906793 0.48006826541306 0.601429939428162 0.708503175655176 0.504566249732106 0.45963867366191 0.413512451268434 0.458052965211358 0.477598156973879 0.430707458995006 0.389318313548434 0.370805685137943 0.429205842366237 0.42658758715431 0.409050618242716 0.34099446638227 0.250297427012556 0.214258776932287 0.200298722724802 0.210578297489943 0.30460012914626 0.272720924697579 0.342637944934643 0.368524327803958 0.407895035368406
-9999 -9999 -9999 0.302598323993587 0.388133405161977 0.467482419803364 0.608137952160414 0.655570614840545 0.671747530082317 0.6324513262225 0.661861664279806 0.677694308777386 0.651508113783866 0.629611994155722 0.609009677869685 0.609659610132987 0.585069223932649 0.580368971347369 0.552919817278952 0.568241119491557 0.564539102635756 0.523669704924909 0.482173362543854 0.447075135765318 0.425068297059657 0.408568479108072 0.480157731708793 0.509992796075799 0.539374700034106 0.530216832006863 0.420403026988348 0.419462929483216 0.431547125475331 0.476269541508138 0.48719018307057 0.488833596810878 0.447027071035896 0.404132957188144 0.356149701008003 0.311825928213432 0.261238069566295 0.266553882963208 0.237665860148377 0.238716535693264 0.162631799491111 0.195051586479062 0.288515698894933 0.282905501473863 0.281760109041595 0.201032285454787
-9999 -9999 -9999 0.150374360150914 0.186664880725106 0.398365026592573 0.617935796051566 0.635129216020961 0.633967339750627 0.521593538524713 0.617494108590926 0.647332722973316 0.653744040117126 0.62530511350188 0.617065002513109 0.617142974713456 0.603962080507776 0.617423825669789 0.589418167871512 0.545886851275805 0.562418916317434 0.507357274297147 0.436818278118395 0.39155523904774 0.316309958023926 0.381604000044957 0.428775551893295 0.464789664329471 0.436167953666499 0.442794857401607 0.401541493113781 0.408543592183379 0.3928554074259 0.39036660514927 0.388683772463125 0.367144042397447 0.406070290188804 0.364489865121251 0.339053017880439 0.279748564511972 0.206971895075998 0.213703744056305 0.279132266683346 0.291651356123609 0.290852533540198 0.320453050144636 0.226038908756912 0.250882910824243 0.309660385674114 0.247683184900249
-9999 -9999 -9999 0.119999997317791 0.119999997317791 0.285474485135736 0.626918834480068 0.634160011690977 0.642373520857464 0.575110597926185 0.634006490712281 0.628393518793405 0.641539245566708 0.625396132971423 0.626598819955973 0.624901906269187 0.610802922960719 0.606734878862519 0.545784554152756 0.512967162771845 0.532299955211193 0.47627665424134 0.420997615519004 0.34197382462125 0.296385432158428 0.364525878777236 0.423902004621061 0.526137438185115 0.477343426337484 0.386365249136774 0.381897803479467 0.372101180825002 0.367160228844986 0.347804503289037 0.33941963429128 0.353648149988776 0.337337570198485 0.327682116423452 0.320997955799819 0.270731177903566 0.269101094629212 0.265676857816556 0.325205594945651 0.358925946616934 0.371846103512198 0.367816995657091 0.335319705072339 0.35796260995527 0.361255968372941 0.36824602668967
-9999 -9999 -9999 -9999 0.139985729852056 0.297121267593281 0.557216227868297 0.670226180513261 0.65220076294044 0.581980684128273 0.576793770834875 0.615678686256871 0.633804411467317 0.645972602258855 0.639369955571247 0.644709884452188 0.59057851937019 0.532200758172069 0.519950426967313 0.468848499528533 0.470471714251502 0.465711119799319 0.401533126897414 0.372708730824626 0.352772979606106 0.393049236729084 0.437098408092175 0.528106194909292 0.456656239323516 0.365322872264317 0.331194465792642 0.328312939927774 0.340885638671825 0.337585514717318 0.348179722111958 0.340411309498935 0.285621983662874 0.288014388007733 0.297623683558187 0.298946817740845 0.2115298984716 0.216833958159843 0.232816198182675 0.342304830764365 0.300331118867448 0.325573069793767 0.331102062722076 0.373001969433782 0.353974459141436 0.341304039984185
-9999 -9999 -9999 -9999 0.212368302875778 0.176953811499218 0.408786616262101 0.652057608044354 0.623133262538873 0.591815132302919 0.560657569638787 0.583363473417498 0.602246281580549 0.615651295931054 0.631404962871116 0.64043418180714 0.616244029159732 0.598601457614914 0.560920807446495 0.529819767631395 0.496957268904973 0.4726936971271 0.419533209258613 0.409565808085537 0.375217090282057 0.371253514788553 0.353663181730213 0.382396802121522 0.37590517570222 0.369561210763271 0.362062917324153 0.343862350111082 0.367320861193845 0.341060590483527 0.342608546333121 0.316499690272197 0.292005936376363 0.287413339074697 0.281181858007346 0.253852291106439 0.248370662719401 0.33684835444464 0.242815615816746 0.245787468110225 0.284949536230258 0.259276427225329 0.288812928239274 0.325887712033185 0.292989909717528 0.281670044879717
-9999 -9999 -9999 -9999 0.463066907412418 0.373701605305333 0.393463869118538 0.49709259978228 0.554620438723192 0.583450493702482 0.578849815465286 0.575798376372324 0.56384615671269 0.573270489709555 0.584493697676526 0.606499407198738 0.686161743081911 0.632600291688878 0.561203586327115 0.550394306913022 0.483450496235176 0.502915626245708 0.509407532455049 0.449758067610952 0.431643682478676 0.342346895594301 0.318368561190757 0.367556108210749 0.439648470614805 0.448827655252644 0.450798655298028 0.412477454319181 0.396589623917685 0.340000003576279 0.286222965430344 0.239439407217381 0.267931586374689 0.342397805705468 0.263432235946143 0.3196484905071 0.348586407338538 0.399216851698507 0.320424012485768 0.292167072866437 0.253413255027417 0.247047481575558 0.234629103703251 0.235074984738358 0.236950405024314 0.21840573503486
-9999 -9999 -9999 -9999 -9999 0.20032104533122 0.244290099159275 0.313051608461429 0.39633577660916 0.545469003665646 0.563678578592702 0.589068044954726 0.570730588710382 0.561205468370151 0.583217449479084 0.590134657704016 0.58971416028416 0.540218009941652 0.532707369699978 0.499391683685276 0.469136768457251 0.406938881696926 0.380308202297642 0.471621853366426 0.410903942997348 0.349704261615899 0.38276856404587 0.437081753627146 0.43868757581675 0.438876130958669 0.380921684899145 0.433849754948264 0.405315465773072 0.374758325145841 0.324554604278168 0.31132583104396 0.301491107447874 0.299996909087887 0.331065460713607 0.329739632197036 0.329075390996451 0.377137060945987 0.412911217938953 0.304732008915795 0.287845867788165 0.276006256919339 0.210429960609722 0.205655080040957 0.200125089866763 0.271717746273679
-9999 -9999 -9999 -9999 -9999 0.0937311444934229 0.165545752558263 0.344588130062987 0.509226950315719 0.574582869126324 0.646926461760519 0.630857826693193 0.623460843448716 0.603777864304897 0.597782770504877 0.58332514001956 0.568232118385517 0.550347414710694 0.509613077757203 0.505655219224141 0.44259046426384 0.389946270476932 0.390349119490217 0.374386053639844 0.331050202755008 0.334114455843642 0.321293933489442 0.340843355026325 0.390921145500621 0.395014726463216 0.354697208566057 0.351369132157488 0.334700252379121 0.340677115419437 0.351352301545576 0.34471756239909 0.299468362131121 0.301665920396975 0.355408789269269 0.323044226956179 0.300769052928567 0.26607269458421 0.230789831817036 0.211551866681155 0.260148144653665 0.224168531103396 0.250525572086795 0.208233411466047 0.205440778736369 0.203533169567532
-9999 -9999 -9999 -9999 -9999 -9999 0.163272728836818 0.405033660631963 0.532899827704258 0.656883558307456 0.714770749432203 0.687342249716036 0.720130974747353 0.645469215496247 0.595657567775158 0.545670338170136 0.511874532085725 0.523763792523146 0.506397168310559 0.483662441034634 0.428722378229313 0.405918785672042 0.394525725463936 0.371652438804207 0.32425702937686 0.303250416968881 0.308574366517314 0.31093572063763 0.35627450120427 0.354162904760855 0.344379709045536 0.364217301811218 0.321356664801156 0.320747774692061 0.323948239347782 0.323438404906158 0.308461075862089 0.309964262572783 0.319763167319892 0.31669243374679 0.291428018452949 0.361181200429805 0.394011168463689 0.245542174975909 0.470380390171312 0.301159503654736 0.421343323177512 0.265608475887426 0.212071702303627 0.21425941689203
-9999 -9999 -9999 -9999 -9999 0.0799999982118606 0.243958391512667 0.498259508986067 0.551953676522075 0.617969441946307 0.732984462696969 0.738819791478972 0.687420977978623 0.661016612049732 0.607101487932946 0.605285003004495 0.539229281700727 0.491939604863981 0.501823328276513 0.487657928299882 0.473822606515738 0.451117663998521 0.415838201337218 0.378485604955322 0.328366676320977 0.322103684815973 0.324580410845782 0.323494418338061 0.345283453411128 0.361678361014453 0.328598237183817 0.373388719773605 0.362525800602594 0.365197492005883 0.365721584411766 0.343649139275308 0.322585417042582 0.337917802052219 0.346308096679597 0.267822115293522 0.271639256909986 0.275046418170581 0.295799603689127 0.311901750722905 0.417573337319101 0.481235871416889 0.496351819018128 0.339651254273103 0.201945623896455 0.199951672300992
-9999 -9999 -9999 -9999 -9999 0.0978610601761544 0.252332599809372 0.490608855926822 0.607699368856338 0.623700565676592 0.773858264678042 0.740655769097048 0.590372816809173 0.593092321370728 0.647179538567226 0.644025793990762 0.662635617483587 0.656872166487269 0.561417140332206 0.535360220121 0.490000009536743 0.459706553895842 0.437666752897064 0.407023668226982 0.368975793161692 0.355060026143142 0.375703161767025 0.364347727533131 0.335103002378768 0.392067805932004 0.400827896227063 0.38044333859426 0.382441616349958 0.388765801243795 0.369451700288207 0.298085000156882 0.318837525708208 0.333079175905643 0.370474660684036 0.301438453316938 0.293126243026969 0.287371038033322 0.270509540130549 0.272070749765681 0.342430945354855 0.311139731418725 0.360812589035938 0.204128404871822 0.199611041650654 0.203787613462323
-9999 -9999 -9999 -9999 -9999 0.531014682474182 0.443034217353292 0.547640783633376 0.619229525189493 0.693292668088898 0.776804840934528 0.746389339630689 0.673758328889972 0.653118432154797 0.647199726519769 0.611875557731153 0.622029394487438 0.644115897345155 0.595225539282692 0.514367291948416 0.489837463359386 0.439593996326714 0.417199730096312 0.43464746728008 0.427776046397408 0.352399910031927 0.351165374068182 0.338993796018231 0.345444777373871 0.370581420062262 0.396494490775202 0.366546435376912 0.368735668949853 0.33777513202275 0.363506497963994 0.371470335967539 0.329259935848297 0.317648405452055 0.329620323153442 0.306634092598759 0.356718682439243 0.272506743497962 0.29702361833433 0.288534712441703 0.398344777084267 0.225976564131156 0.266024051105669 0.208776535825738 0.245747587254289 0.224672314813673
-9999 -9999 -9999 -9999 0.328340725326761 0.214422450465647 0.300530823626609 0.531620439077691 0.636789818584384 0.702342195306721 0.708855476434392 0.732078344949162 0.712506645651036 0.656450058230104 0.636699692594147 0.572607827274669 0.545365856533279 0.623092371733801 0.543073770932013 0.527175369603755 0.470700578471311 0.412263715126058 0.373658886896617 0.368278761302333 0.454765459711791 0.406890379674269 0.368037420335431 0.339058469647607 0.322563389411902 0.314707677639529 0.335001481970481 0.343449794593214 0.423819331594168 0.382813022977067 0.333219456712135 0.368216446822273 0.283770636523717 0.346354637980445 0.437248706043807 0.41772821207373 0.379453495055469 0.421123105120862 0.463147965277583 0.415175287003381 0.41797499264065 0.318610014570943 0.319609757461777 0.32896175575449 0.332317996629071 0.33634623549941
-9999 -9999 -9999 -9999 0.586243091842592 0.528523511359244 0.444861872747949 0.510136115300197 0.564943404894384 0.649192269050688 0.761197935752166 0.732759233987665 0.664194054009619 0.678196317142711 0.654148635867198 0.585407582513993 0.560726577382984 0.490984589405766 0.503542657121628 0.46573404923718 0.424059387544858 0.435386851085235 0.438376590180786 0.469692912403604 0.402018765911101 0.393734194422036 0.369365032354529 0.33948027392414 0.313634525310049 0.337555242218013 0.360963894595612 0.384987552169457 0.435752714904264 0.413764850161128 0.385710263918619 0.436688619000654 0.456282664108834 0.497334327187786 0.511564617149785 0.599483179778486 0.502717146149147 0.427466403803134 0.353115532886249 0.308269475346579 0.312169748661256 0.321307652938299 0.338617262987306 0.380855405688532 0.365553472692977 0.353772977855112
-9999 -9999 -9999 0.0700000002980232 0.100357827460963 0.329394970209817 0.531848569051331 0.556908889385765 0.560000002384186 0.596371494655794 0.640529721370575 0.764589629946119 0.728249092673808 0.651994863976233 0.6404461328363 0.586002216947405 0.551711573307016 0.498671432827237 0.506052248041053 0.480218475871108 0.524124797696335 0.608253943840034 0.558980262089272 0.502276376710526 0.436155565980094 0.402748748629478 0.364712323866163 0.369186173921003 0.378346596927194 0.379894464019103 0.372406315761894 0.350159486565528 0.341420670125734 0.377177675452204 0.505043203258646 0.583950426872286 0.582178564290037 0.637459252659831 0.634552349141665 0.59598240655203 0.531167033513144 0.447461820550253 0.462870136711237 0.471851309596372 0.351975215820329 0.349751289375319 0.359622353874428 0.404520297771322 0.435920138590862 0.416206228051789
-9999 -9999 -9999 0.0717279627834507 0.173832387932007 0.431792338893884 0.528084579025678 0.552878657935565 0.559324290665618 0.563433593189799 0.732403011740483 0.710272862913716 0.689489250238894 0.664793286882429 0.62388650230057 0.57526830632307 0.561849887938388 0.596762817578288 0.542897781758362 0.541088870651931 0.58375477730599 0.635469884552841 0.543547938782575 0.48143904356769 0.417608593645302 0.401587024330097 0.420562631444023 0.411202424428545 0.384721889092174 0.40102457947613 0.389776562736957 0.424608407340205 0.392570169759495 0.457098856260264 0.590942390433084 0.611011454033836 0.626393478445422 0.606206809095717 0.610496186889949 0.613222848527426 0.597468739758165 0.530125880252971 0.498888142062473 0.506265607471152 0.400906579982588 0.378876988410599 0.405527839722176 0.420795477207699 0.434371010412098 0.405837137578781
-9999 -9999 -9999 0.053815163947483 0.203386518443596 0.415902735587891 0.563508703184386 0.567089358325144 0.578562663334863 0.575806964152751 0.688235779909969 0.713392018720638 0.665108050972258 0.647593606168056 0.64883388847782 0.612096628307347 0.655546381865813 0.677698859052919 0.617599183731782 0.506940070446152 0.540432110357602 0.5519113385972 0.455453777263438 0.448770441141793 0.437274406202182 0.519722201062077 0.523456994508372 0.512063608880821 0.50268141324269 0.564001886120355 0.570079876155256 0.591724444836547 0.615271235817918 0.626062390953174 0.609667752209804 0.559702652819674 0.546040138725397 0.419428568039244 0.538554203208156 0.534458078628075 0.628341064286308 0.553322357088602 0.510121630821025 0.488855685416075 0.498598552563457 0.409783937394549 0.39788113702953 0.370432108247509 0.340853151090088 0.366006508578089
