DATA/PredictorVariables/2_test_multicolinealidad_seleccion_variables/2_3_Variables_definitivas/ndvi.asc
NCOLS 166 
NROWS 105 
XLLCORNER -9.416666667 
YLLCORNER 35.166666667 
CELLSIZE 0.0833333333313253 
NODATA_value -9999 
[rows 22 to 43 of 105, columns 50 to 99 of 166]
0.152150104645312 0.165818167154508 0.177554417021115 0.240349307802496 0.301767146180437 0.329956950784558 0.408431097488603 0.370936717761059 0.36831331645923 0.442209539739403 0.367896032760892 0.333637921392636 0.289976994321755 0.285800325499893 0.287776448992985 0.296027015252753 0.353586170400636 0.426040926913916 0.466634844005459 0.496722641531047 0.545347379122491 0.608784891128455 0.637201784257695 0.643347158371341 0.653946731561003 0.593711226125775 0.537532006252073 0.600620856289552 0.646234974479948 0.664772998030597 0.666443187056059 0.609643476510096 0.547796691945126 0.552309121568283 0.553739353400961 0.422506425841327 0.35899228263766 0.403488037867966 0.373472255628721 0.288332764867338 0.352134352186085 0.364285366044015 0.348359742824104 0.214975697940757 0.27493029612957 0.329244427771417 0.402787282095459 0.320159557564528 0.340780917798516 0.321252225508622
0.164259918763028 0.204614158827951 0.170512143556452 0.19656410252982 0.22600626927372 0.283212052245212 0.322826669881372 0.308698491557758 0.346303361397225 0.331303619326617 0.255492672585512 0.267151672670909 0.255630284316541 0.269413308740101 0.281721272298878 0.294592831632645 0.393820316169001 0.405083546740567 0.441544246820711 0.498726146314767 0.490173935678547 0.47479506031667 0.606603347849165 0.647682462107597 0.662826656397477 0.628760770475541 0.598764450584429 0.650439745328394 0.669808373156269 0.668523497338021 0.637016341396588 0.550361706461142 0.487423587875387 0.474364088871435 0.455097406881949 0.438606493192392 0.328255887187931 0.310292065842664 0.289098659371162 0.249835863252718 0.285786015833303 0.334549612905564 0.344968359280813 0.396083007238496 0.306624759775614 0.252060428631779 0.282018254731338 0.251185051008212 0.303038457009044 0.358034786645184
0.256193842186863 0.160007873022943 0.151398957139187 0.256024835374608 0.285038959405909 0.325716248136843 0.327801225127132 0.334582829341695 0.297352791915431 0.261769328160327 0.314216675169378 0.292413826458177 0.236519274397688 0.244365642454906 0.213666633920859 0.220261288622387 0.333806157191491 0.385221146843792 0.480402562286786 0.504599266012197 0.505321644634517 0.53181459353878 0.587647661317204 0.702420579257737 0.697507714504907 0.697591118321286 0.691814295788153 0.691822360877226 0.658006505545996 0.592642651778475 0.570291792616997 0.441770095652996 0.411378194928749 0.466421165659734 0.46795690442805 0.336629565048536 0.207892050249753 0.223807110875763 0.264365648985818 0.25951878099273 0.255914110569215 0.32402964180579 0.354627575397527 0.379939172058485 0.403207681734716 0.41976254807078 0.254127891200183 0.149635651087632 0.29517635822025 0.338852546682781
0.241860830736566 0.226147464731624 0.274213404222225 0.344641180266323 0.362421881256264 0.375923585895612 0.281811023235142 0.252229224668406 0.271358812490992 0.270992401408457 0.273253194259849 0.271965161189193 0.265798074164295 0.274037315848451 0.269621812315619 0.270126752491004 0.278928892242066 0.275356140596781 0.332344292255327 0.355141813476339 0.347176052387854 0.484746227903579 0.499851234593624 0.573099666174873 0.592584390956862 0.623588040025772 0.580759655394262 0.560382064088206 0.486791174845218 0.469922006817615 0.436776706101776 0.378523622252486 0.319332780700831 0.440769823592868 0.490211573226119 0.517118654644791 0.464106687572301 0.259265405282371 0.38086270820915 0.529235903536825 0.361408050772668 0.306503898911813 0.273097707967348 0.226312667006034 0.219702973883163 0.350442030452848 0.464703214720462 0.237293138990493 0.230814928307142 0.195436270783286
0.27773589618011 0.261618715975122 0.329243507942707 0.296591478040792 0.229987725670909 0.308925687102777 0.358207695837697 0.270157313742435 0.258479611242747 0.23486069628017 0.295645494341276 0.24455468785176 0.26643991374902 0.301255815997209 0.311655250807201 0.341420529151543 0.357861150538868 0.419992070109724 0.384734912806599 0.349974712958483 0.365433112430032 0.369869610965491 0.518805102244987 0.507207145534306 0.470497864851022 0.496662391582767 0.519701261478695 0.429287092832229 0.409900423274449 0.320597432336582 0.336280462453619 0.360560121590758 0.330369490435152 0.364276722244091 0.379287479181748 0.28127501043461 0.308469891138843 0.488669340919724 0.523971058598924 0.568731938207107 0.489969164694452 0.459316421425393 0.3206882411895 0.28867298276545 0.120525336014346 0.204850356743598 0.309421352855011 0.470132923330211 0.529867446493165 0.31022135980102
0.318985243009638 0.203428848196555 0.249931669388808 0.208442171542633 0.248001122761825 0.237025629190779 0.220201706038004 0.367496013035648 0.373507306545851 0.350609384015403 0.311152784001321 0.249489897271686 0.28429061423715 0.304673860746082 0.449116478952477 0.45431798975198 0.377536391923179 0.407310069345983 0.428903098357496 0.348484215769708 0.308007210281525 0.364533742064421 0.401264281240799 0.422764002653681 0.508765414481387 0.509648398767032 0.485121751588295 0.416530820086259 0.407646149252963 0.401688061923297 0.427731099628246 0.462648263506642 0.366942119969548 0.298442059217177 0.302938931362265 0.303768205498332 0.310905657631935 0.358926496287201 0.481304604699389 0.42663606752083 0.385978459485006 0.369239499012427 0.365870545478262 0.28297184733279 0.184977771030529 0.188824086047537 0.246419200046125 0.194430703554753 0.46250046197569 0.307700581655975
0.256864056221679 0.193811948636057 0.269442879451745 0.352138085971089 0.37218319685372 0.384224561920568 0.433714205423566 0.417181696366686 0.346439743451939 0.352558405234261 0.323804098187483 0.327772378630097 0.323020581166239 0.310861017224958 0.269868109919631 0.323010945184828 0.286657786582699 0.354012232990304 0.363606841078272 0.344440325396645 0.326944857664818 0.394118875325235 0.386542990171733 0.393016317656366 0.440428395412835 0.515869410712584 0.438645092708786 0.401902040064852 0.454369507466555 0.505060426958858 0.558014332710638 0.492995400316232 0.340097013145364 0.301731224994343 0.296305308604271 0.279197709818193 0.352577071005968 0.378000747203747 0.389466005709864 0.370062510495407 0.338363610287586 0.2918364012098 0.242939485517454 0.241709619797038 0.285199229882066 0.315081635770926 0.219322899012557 0.153967345984787 0.17084528057133 0.176546662783638
0.36207475724901 0.251233680469715 0.350167887999656 0.414170865969863 0.370992836720994 0.321187422897938 0.385367026968143 0.272107873515728 0.302199046542648 0.245526474639868 0.228261925458971 0.271080075527345 0.294888065823405 0.266548659221082 0.215824108615088 0.383455172239646 0.316154151526553 0.348590460251738 0.270201560587655 0.272016526265755 0.274298436286973 0.301169238414683 0.293372989611667 0.334850684678233 0.364593289922955 0.396111719864643 0.38243502703405 0.324733737666084 0.417536070323345 0.375050178171119 0.430465195487469 0.357628614619772 0.265633954257352 0.315895198030995 0.34105059827242 0.335849421712664 0.343776327601301 0.394474696914095 0.383325843389525 0.36840476480063 0.367844925594812 0.367626482941444 0.263424106986325 0.282946713871489 0.38455404021222 0.348750602834597 0.245238879853158 0.161737677250773 0.168531683015252 0.207200349761962
0.372494424094129 0.282238423148761 0.31590635972145 0.314094039799323 0.320817121522612 0.295302839459153 0.35609905140953 0.18901122668315 0.391818839278156 0.364723022721374 0.290704560891627 0.300855410389 0.356417908395227 0.376686899957084 0.299145330512274 0.432997044119428 0.317805905275621 0.342774777235775 0.216990537875829 0.263666878149018 0.225996014496755 0.252843794865207 0.317689210999828 0.317525939187587 0.296860956985536 0.319624575261076 0.352334162653753 0.364936610139922 0.40621509054367 0.246086024173984 0.279822439889758 0.234598096328034 0.246333160706951 0.294004438846553 0.266193241405837 0.278937139230553 0.309909063435547 0.333657158490709 0.35539698018587 0.300244169647136 0.297552682338224 0.324933887214639 0.322053767503042 0.36984395524771 0.403134481485186 0.366622512462877 0.240334611390005 0.220396169528436 0.213397704624447 0.251866149066529
0.278334198339389 0.236076776491404 0.271947188532393 0.285569895836162 0.319605646979409 0.335221092607293 0.412504290728258 0.294503741161382 0.362666894588308 0.44284206083236 0.391915275326195 0.370028654945723 0.434828600056267 0.405959036777038 0.334410005346161 0.343018438573136 0.241747732396724 0.427418366886753 0.47042037976422 0.548230036155331 0.431028648684597 0.411835067492019 0.376244023123239 0.360206871100329 0.335791100740076 0.296278883768438 0.303527618542398 0.260182140371455 0.297972668082324 0.406067597285015 0.27613011417627 0.306634466416411 0.291557024880272 0.22288538165619 0.188773135133516 0.25369274481475 0.223042718888808 0.249141125248244 0.315651284010126 0.333355942395647 0.346523096634577 0.278812468270026 0.278185484803081 0.463684274205682 0.434112171848399 0.372590440627826 0.251795442266882 0.20361809493531 0.218749340301987 0.222807184958919
0.252162207394381 0.309750744781615 0.28241212078107 0.307596162701773 0.298366995742904 0.347651092596721 0.394375503357378 0.415332799466184 0.416754568583404 0.343573889638708 0.357365460276215 0.389908303191842 0.419304251030834 0.432276619981747 0.304551724328164 0.214970670130589 0.26624861190177 0.388116505920964 0.581357673663389 0.678203182009125 0.657717636932026 0.47004398230673 0.490335308314787 0.376997870796821 0.391897936619053 0.32510707757895 0.307484845047599 0.28883797554371 0.354047262344349 0.373758120782445 0.299250742236314 0.309097404790438 0.309757886981688 0.346706370408161 0.178690198484784 0.242475736716845 0.217646459155488 0.225387237684766 0.29866248608594 0.323490005073563 0.352612650168903 0.32743273835661 0.372533408214718 0.247128376562826 0.289984146055468 0.415160421182437 0.42991386200096 0.446645090904227 0.221288488331076 0.192263684074268
0.298283022045005 0.277842549433672 0.277897255381129 0.278150756958951 0.237515867405537 0.227304332588732 0.347663987054913 0.352096741087605 0.407512600707454 0.321635906273269 0.342349196974458 0.361250251896687 0.295876956185663 0.394672977001546 0.389841320559859 0.380279861370227 0.387232214254606 0.442269868496937 0.576215194844593 0.591107533946204 0.564191901536082 0.560292309692327 0.589999973773956 0.577995617619803 0.519752208229552 0.478210237721104 0.467702743930866 0.515254599250321 0.357488994279264 0.42333906282238 0.321483005566058 0.349017915345172 0.339012362953236 0.370371511717134 0.410261167931906 0.246602973261081 0.374872308095296 0.28427568277733 0.286612352395056 0.291278121291112 0.359926500821507 0.38447650424687 0.353075285466162 0.324911211522808 0.176314126078942 0.295294353893781 0.444193506452047 0.39690545671203 0.379999995231628 0.200616417571525
0.247824262135476 0.220207994490593 0.209694819920559 0.222750008904307 0.243625033837282 0.249106681610915 0.30344572042923 0.32116709269615 0.19283002211209 0.202594359154193 0.208233411466046 0.253774236078569 0.322108720014727 0.366331421484521 0.558617131501669 0.431640898962519 0.611943379206078 0.550639619047851 0.575400754803027 0.599507938048263 0.571193474185352 0.559613686557954 0.58640189184787 0.558917288041705 0.480190751004777 0.436606003240897 0.402134605889316 0.386886509092807 0.41736594730649 0.370610075734012 0.358259735416945 0.323884779262808 0.347375110187582 0.339335974659657 0.254749672859076 0.373933944230799 0.364954306253625 0.390140827419155 0.349453492379369 0.327936620730059 0.300931717669833 0.219381546902653 0.414700945502848 0.412468605385798 0.374378711971379 0.306285754086258 0.292353227972986 0.374880586321288 0.378480239998505 0.243662596423231
0.232498737733968 0.243719872283705 0.229024639007898 0.256249528351739 0.313224959273057 0.296758044959348 0.286449924580965 0.254285659780179 0.231921310828908 0.241411560945213 0.19154026287258 0.219920071388489 0.283714226121774 0.456665870762015 0.539953841507754 0.584140556575055 0.550847225540357 0.466554944756699 0.485977215306552 0.50912202816674 0.522880477606831 0.480196963501908 0.527826547383826 0.45567948575563 0.417443442190681 0.405046102134168 0.42250939605531 0.3873876022065 0.393458882750848 0.351249916350123 0.363897122984832 0.357128762710698 0.404678719541132 0.426703001564724 0.331092793697215 0.337138207815356 0.408026697560012 0.322581021906427 0.323487248380142 0.299805856333073 0.273435913841034 0.261286258705692 0.257376322854966 0.346214081333397 0.376518434554946 0.370193068710512 0.404628712001401 0.455684087136784 0.397481396427642 0.383483983975449
0.181768578326432 0.201049896596448 0.253364581494873 0.262373827730345 0.275363926165533 0.271310375172125 0.281469878120538 0.262648229092014 0.28431455225359 0.211516702056734 0.244628577738763 0.307716739067843 0.432316130011671 0.503666730131719 0.568363221553907 0.535878197255458 0.458855638881327 0.426594480990117 0.414732158321049 0.45187850549279 0.428813481164329 0.366065878928559 0.367715037971937 0.378761396045226 0.378352041608946 0.401115135992171 0.380063984150279 0.338413633497054 0.381689969384342 0.354335198975537 0.343501097116169 0.384569892232635 0.437276228736069 0.426985573519954 0.434001317536751 0.499374642704786 0.52701512485113 0.47242449100535 0.408971064444029 0.357118998415116 0.233372038453297 0.253381039395341 0.246758810818952 0.27831664126716 0.3502927596714 0.298207569389346 0.302233063992422 0.362684621907464 0.366911846997237 0.405478102476112
0.270726030563052 0.143413377582485 0.178195105194493 0.181716570688182 0.214005988523 0.297558842064395 0.262572040280168 0.27606262727446 0.329806729274642 0.292029612597288 0.352665379203302 0.468391204493157 0.590853429879015 0.587335452382941 0.575712698137149 0.522900955942461 0.402441170067702 0.371827728484082 0.318582873203152 0.323185291502148 0.325590883230791 0.264205308647235 0.253788714552538 0.291450063689255 0.311083527751144 0.325178229031984 0.361996547883481 0.369831592579025 0.36095338669886 0.371069358043943 0.428677609348005 0.434065928725391 0.447815444040087 0.460181966390644 0.457821920308618 0.487434710211962 0.495521682344973 0.460560864267739 0.39912846077872 0.328705347040223 0.345174273870473 0.34240799963207 0.335746512533673 0.2503751746293 0.243005997546153 0.240787795566089 0.264809317231244 0.279685328410309 0.304050355672941 0.329291444139012
0.324492464047942 0.28206019101263 0.281399297604933 0.314127108313989 0.28722559906236 0.286799386914117 0.337929819709628 0.298874223434017 0.293592600106191 0.386330102344461 0.499201528262226 0.509981004694018 0.521198853067206 0.492119409263442 0.483999118202522 0.335708650505645 0.308465499801197 0.307390555504191 0.252488508878692 0.208446976882489 0.218998645721743 0.215171237292308 0.266756291365052 0.258449197214985 0.270000010728836 0.33870453834896 0.411668384679795 0.411341883001729 0.369290859003645 0.353442185274134 0.438510646892332 0.501627701088249 0.523895150855193 0.507032708020702 0.490436005922923 0.555350033284752 0.487280477185732 0.46391303779666 0.448572007313823 0.403610799445744 0.383811194385807 0.345941050888535 0.386411971365191 0.290694177413642 0.168422439728778 0.250457534835502 0.27750863617472 0.262627054855956 0.268971397622702 0.278873105548557
0.307755012561265 0.339050218907004 0.314218425379904 0.339015116978873 0.320966166797297 0.276974840937249 0.278596383530287 0.282682190755078 0.290902140864798 0.473572855601069 0.488767114620277 0.492400755430748 0.432399623516668 0.397207311583894 0.413395075461971 0.302798793138684 0.259685606515282 0.345292321590184 0.270581562442899 0.199058467648564 0.236920232820329 0.246233860076324 0.261616842929456 0.259510557983865 0.260941527197921 0.332073355938298 0.393431691811847 0.421885644771114 0.425379116452436 0.43206809908866 0.45050987109683 0.496158441028255 0.523789926431027 0.499407436151858 0.511680410362993 0.498658238177123 0.538731505617416 0.540162218300523 0.484645710724908 0.451325527766075 0.438968364000472 0.336512964909875 0.334655890216382 0.320090629504649 0.246594048068052 0.230289252474452 0.251168383890457 0.241393824569188 0.241048838371453 0.243023247303541
0.281777478794936 0.279912487702344 0.299026085049559 0.332041505080088 0.241513415616293 0.290242707012008 0.349071885191599 0.36275938166717 0.492497642081434 0.408723748977716 0.422785054979904 0.454892005121481 0.413945542198827 0.403779603591205 0.362139545419683 0.358653012538647 0.320934319338997 0.317464980775754 0.316865145307445 0.234045780871413 0.191550522104393 0.258919719672503 0.265411690225552 0.29258419964975 0.310484218649599 0.313752368303454 0.291900728762963 0.377964080551095 0.39938788531483 0.512745584970665 0.496256287205922 0.463526390323714 0.489003986172068 0.512674862202984 0.528563457387782 0.5310336564359 0.511480237822305 0.495144394810385 0.452662308637684 0.507052542428594 0.564241476233387 0.389053974178902 0.329924108383304 0.322614673439515 0.291922344899859 0.26435679325887 0.288069010767779 0.226394251384312 0.227720565088921 0.283490772733636
0.336147161076342 0.313181192821087 0.417271569913264 0.390820120798672 0.343327157283285 0.358312284975134 0.365024757027306 0.397689682619877 0.441575684651296 0.458098366577429 0.392790094603997 0.350199293253878 0.34015759096714 0.294598631576235 0.333954945660563 0.372431520974167 0.328201524412474 0.258912521323246 0.260699634932296 0.233426402137546 0.217999356127717 0.292040051362697 0.29795657085741 0.335971248835448 0.337305860864191 0.329876084091586 0.339328913788263 0.343826536145537 0.36752150039321 0.360640895744836 0.301975227815115 0.333866014426062 0.398110538842966 0.525604670241408 0.533794087660851 0.55563349277643 0.546272531349021 0.538187139548288 0.509685304768468 0.505245676890065 0.547683581274614 0.536735840110724 0.37150813642124 0.364973737626593 0.326960960279529 0.350049424747402 0.318327031140419 0.235890330879725 0.236921295770492 0.341851314364744
0.397769543865585 0.434265153974974 0.447990645848349 0.402226955731675 0.40705377409768 0.481251168998984 0.460229626976965 0.477816278591237 0.440132945891558 0.432672880162135 0.375622126820875 0.331348736378107 0.288178538020821 0.308916093080608 0.300590271012333 0.313843448118225 0.259763471672169 0.204386280636841 0.264519533249766 0.28530326052481 0.224283533308504 0.238645006331244 0.272720594190661 0.321660652496674 0.331033120829332 0.359182080528904 0.390215381643684 0.35698348928902 0.27212021286382 0.296002013416031 0.306265601377947 0.272609149398308 0.256927789831722 0.349959934147847 0.420685738865606 0.541089880676829 0.58118093363106 0.564931914876416 0.539957158396435 0.515101927367098 0.48532343870969 0.435815831438972 0.50734721888646 0.350774394762613 0.344362710807778 0.36685231296734 0.273221353237165 0.234743540818562 0.277432072547944 0.414144565935049
0.490279898617109 0.488300203665788 0.467538499033044 0.471789705811986 0.5041796728981 0.555993405437436 0.570506333650831 0.552881890590524 0.428103787230831 0.381138053872572 0.333165612303561 0.288107206115294 0.268572146625981 0.27060101614026 0.228607873639846 0.255578091742291 0.188060504985282 0.232397431218112 0.272418140813666 0.280580447606069 0.244056161988379 0.281504071693401 0.323018757057084 0.297029494765701 0.273564367774457 0.301027195888473 0.374228285991944 0.270690459430719 0.245108026993354 0.24172846847873 0.234894605260534 0.21554014418156 0.226592662352219 0.25337900942006 0.407647285941239 0.459964199148297 0.525709804160028 0.525310453928319 0.522433395603932 0.519043343290057 0.511196169286159 0.469608076962288 0.449437986052687 0.410801297962146 0.453030712631733 0.383028764998872 0.292892717124368 0.268615426266263 0.314191719552732 0.397814256359539
