DATA/PredictorVariables/2_test_multicolinealidad_seleccion_variables/2_3_Variables_definitivas/ndvi.asc
NCOLS 166 
NROWS 105 
XLLCORNER -9.416666667 
YLLCORNER 35.166666667 
CELLSIZE 0.0833333333313253 
NODATA_value -9999 
[rows 66 to 87 of 105, columns 0 to 49 of 166]
0.295750399745016 0.27525910693716 0.427809830844997 0.17118713771686 0.175564368860014 0.413565063902759 0.469861989857946 0.512764265191928 0.475089909592111 0.500839398077328 0.491943224372095 0.257812426175602 0.298905688486778 0.360703279883338 0.316998938134019 0.341787942474435 0.32310327879029 0.341180535935079 0.232561696522801 0.297292364618171 0.303918886935646 0.293105918169052 0.274338703127185 0.201677572289656 0.223834633583189 0.351485489387546 0.331332684950255 0.371898255880486 0.443052319351423 0.432461567209031 0.488095746373092 0.377367281200461 0.381226872293645 0.235375687606827 0.179370011972887 0.200831357610055 0.135435272889222 0.140787790743611 0.165956729942891 0.159563850874409 0.199042371901212 0.174516819270797 0.167518437717876 0.181090511821419 0.181220467285235 0.185146288026713 0.117325263214671 0.186422282931117 0.139586258228653 0.124509837988828
-9999 -9999 -9999 0.109999999403954 0.122922547020665 0.275593572315943 0.4469398332573 0.421069970460641 0.480700480766055 0.500240942066651 0.480378242629123 0.448133922472696 0.339795042930873 0.306802276761048 0.326203736835162 0.369896595362348 0.323739870729575 0.326193636953978 0.389427416318118 0.359358024097141 0.303892155120396 0.250467997736288 0.226507504054852 0.200967680734102 0.229153787890167 0.320427986532012 0.350790234791729 0.399826526870262 0.414048346465466 0.420182641160014 0.305685097903014 0.226201248720227 0.253615238672088 0.193979062326947 0.16773920366754 0.197047147321738 0.165784612144399 0.130296629353206 0.134306936152208 0.15992005401219 0.160534988210553 0.16016694611031 0.152778741537887 0.0902858503073181 0.131073443036649 0.168251756780033 0.0655442990112074 0.132149019816486 0.210890959490289 0.150895855458673
-9999 -9999 -9999 -9999 0.380900197648843 0.270722512686085 0.434449317281524 0.419572217131132 0.439471006928842 0.433762150276973 0.481063527114644 0.459960428665758 0.332497624903644 0.316932814445233 0.298658986151376 0.340555693402462 0.33774299184554 0.350923549938427 0.415216795172749 0.339715658183158 0.279841968468265 0.243052720179916 0.204768949239479 0.196756886905576 0.21820973101338 0.297038010889621 0.286208730074814 0.307335740894975 0.310707373423198 0.308994348830104 0.3786709589836 0.34061846861221 0.176404526505104 0.169911051343699 0.105604724478661 0.120766951094923 0.217064034830005 0.202442650038042 0.207078563836102 0.0778462092908037 0.0987833683401384 0.136395840187842 0.135942994305219 0.146371521956491 0.112433068010946 0.100325714350648 0.035135825112248 0.078149219212626 0.208159935395822 0.338009002708863
-9999 -9999 -9999 0.291791139954761 0.326550141120764 0.29631377314005 0.478135619969799 0.474737041885418 0.411552764536085 0.382133186567086 0.407209372642382 0.431424783764112 0.40193863590077 0.334712225133567 0.277291308371215 0.244380492690832 0.241774886965434 0.284506595115532 0.292509321936372 0.330331716364016 0.300322898952357 0.243247039619225 0.23771325002979 0.234671544974707 0.2323846111868 0.303621133251437 0.359579668424063 0.340895734188541 0.344984334338827 0.398342674322952 0.407853681166878 0.296944611988336 0.24145659923468 0.217292547783317 0.145451194925105 0.111310055154735 0.210787937523384 0.268370762632813 0.215262583464781 0.26600637105945 0.248001616527314 0.211008891603336 0.245287787979455 0.30640873639255 0.308973318456366 0.321671846571014 0.282738169170219 0.29942268541682 0.333867880443914 0.314821957735293
-9999 -9999 -9999 0.356394296867498 0.237795607404455 0.284449150028702 0.482612393853706 0.506002617249954 0.444908158501371 0.361188437781068 0.375174187574958 0.389895333163806 0.352971303570407 0.27679288334744 0.253473808526081 0.231327267765595 0.23229051886319 0.232384932164007 0.235860185090627 0.273424608319337 0.27548645132189 0.258666043590384 0.270216728608657 0.222804395522766 0.280554789089932 0.311905484598557 0.342480954202977 0.343281723483632 0.410196526070382 0.362858592787097 0.35522167387596 0.317716337767901 0.368734654395574 0.374145040796982 0.366935653217488 0.401117681009493 0.29179891860849 0.27408733362111 0.218311521522909 0.277331251880216 0.289226080491027 0.306360321495507 0.322804394521955 0.315314422319466 0.30163559365738 0.333339080226948 0.361081004060056 0.366949434925935 0.393251196822267 0.428183538561868
-9999 -9999 -9999 0.182478294337683 0.215512072992274 0.395040479943974 0.460742144830013 0.472906027747758 0.429347836139373 0.375663055179435 0.394188075907953 0.338306380750744 0.311254470548074 0.245480350008153 0.242520657594119 0.22362955846011 0.236783335207477 0.222624665891608 0.23353016264445 0.226056475255953 0.244187937917456 0.239530529628857 0.257667459048155 0.281942405938344 0.318154790157885 0.383397933700322 0.422760530257867 0.420499340379918 0.476948825827615 0.477765800437222 0.431329768059755 0.442027015741223 0.38425746035999 0.382431206505081 0.414624279104542 0.420189364543196 0.364352917707144 0.314677046063251 0.311783428525494 0.344476892654113 0.327729960050851 0.328512888430599 0.344825373478524 0.421690655432133 0.387126667271587 0.380027172345687 0.417841204019539 0.456264459195274 0.494233956279825 0.494430970469694
-9999 -9999 -9999 0.0554237087374997 0.236031899100651 0.317690570313801 0.375355165805208 0.396596532045551 0.429834774735939 0.44539787546688 0.387414403855492 0.36019723775609 0.295205744999884 0.218970629024239 0.216292297718264 0.21341512538851 0.215221150854503 0.265281974464478 0.281658371280241 0.282739924055746 0.24623172287459 0.252708196252595 0.231444767771837 0.379176764223973 0.396618669081007 0.483313352402751 0.494575928740977 0.523817067493486 0.528427810717429 0.551118982149381 0.552259993327067 0.569696702709694 0.471206671052547 0.392294758790258 0.386581419416037 0.41175695136378 0.408739521826006 0.382119547184717 0.3990503160903 0.389451376582878 0.39920065491102 0.370547455229219 0.41672538808532 0.458468868461564 0.49373311426749 0.407760901460948 0.425807790593665 0.473136559758468 0.469705804033198 0.470856234847496
-9999 -9999 -9999 -9999 0.26581173993153 0.238068239376453 0.425727706097377 0.368708520016108 0.414639941156035 0.450548406050861 0.379999995231628 0.357834544449584 0.264406771985285 0.267329395995427 0.279514198732727 0.238914024888303 0.235301775200584 0.286837420573909 0.271580073411282 0.33198506364165 0.277159706166595 0.269575265703878 0.341663284642224 0.382805334884019 0.445848952859046 0.485094040604707 0.560307266417633 0.576230892843223 0.496427847346264 0.547890540063576 0.490185158737266 0.579357127554845 0.419420931333529 0.427183535777118 0.397335495862075 0.371977010461513 0.362192232494849 0.366710358614074 0.346965984536236 0.330853919028759 0.351066335843229 0.371918075014394 0.292952437175666 0.260397943173104 0.329485903486107 0.31096045801831 0.399332417235594 0.441670070694687 0.385120707046021 0.406748847824981
-9999 -9999 -9999 0.10907558286027 0.115707605149525 0.327801729682524 0.468050701414128 0.466877909247183 0.440569809552499 0.350257317783391 0.336064589035316 0.229796732559347 0.236746493115331 0.216060425006868 0.180388424808547 0.195674513743012 0.199905751784384 0.23047843205487 0.241008003722727 0.258044127691614 0.245586557089298 0.27686712688691 0.280161896215682 0.279812521994267 0.328910694234236 0.317241629993048 0.279546997877167 0.243776332999445 0.212032708513124 0.366773331934441 0.371223403456347 0.383513801593071 0.409823225829199 0.389858523651207 0.354917182962554 0.349098446716403 0.349606576477764 0.349897335184305 0.349593451116478 0.349450343916091 0.349085272235482 0.371841796845292 0.36030788376722 0.323589796513034 0.358340798187607 0.293248268359467 0.375050170008073 0.400231233733175 0.336155564701619 0.300000011920929
-9999 -9999 -9999 0.353472840892574 0.152480096750783 0.270228077408931 0.516879959793578 0.464990599731755 0.496678123103518 0.452266282428669 0.515380624406354 0.247469077222575 0.239597129893334 0.249968266764669 0.21977665393916 0.2015600135467 0.198073246694165 0.270946910870173 0.24086548128332 0.246381417472041 0.254591650402894 0.308404484269463 0.298432355038892 0.261715414366488 0.229208059255064 0.251726281046283 0.245501940391757 0.333534984144204 0.397066836542478 0.392131854808261 0.40424577125652 0.4178476532217 0.407867837755468 0.419240506870787 0.394456075212974 0.259413347254647 0.309974613120574 0.341427930543501 0.315816443109134 0.301236187855785 0.270253256805594 0.274198576143214 0.286774766811922 0.278689558062356 0.289752183852558 0.334188128798457 0.360823260034685 0.309157978200229 0.29443875519787 0.295257474914208
-9999 -9999 -9999 0.355596560459922 0.230702652031684 0.343534577889366 0.48151497983941 0.480503579079609 0.480444713879104 0.50087570446559 0.526229326112535 0.440503446882636 0.323204451058663 0.24967379203606 0.24000948231436 0.220374165328939 0.241277274879557 0.235227978835774 0.213018383419135 0.226923144348326 0.283217859684001 0.315944884265588 0.311379789460486 0.271175859732472 0.280168903835421 0.299275956126569 0.293488870512922 0.299157560410396 0.342284846094202 0.358110334434653 0.454101644409181 0.554214133822516 0.502373591876183 0.476224042555199 0.350393521744467 0.244620053742949 0.281331935279243 0.334484489064059 0.349743434470716 0.353210347676431 0.351624634111458 0.332073552750024 0.341850331495259 0.261125748604036 0.278124755279558 0.170973150311899 0.297619547843637 0.235461541254682 0.249739265295458 0.243460554346493
-9999 -9999 -9999 -9999 0.13292239281044 0.331987299615817 0.468706678634626 0.500138342355607 0.452357657159141 0.439999997615814 0.500249825062695 0.435130715557576 0.370330781365401 0.313339339019213 0.253057990195025 0.239479140069688 0.257576416014283 0.265409929725266 0.259310392612606 0.2719355790362 0.297713755130465 0.310905945574486 0.279441381163534 0.250744998162974 0.316435082315179 0.280768021211413 0.290899715598853 0.324753942407886 0.354601545697483 0.353129639668613 0.493073658362304 0.476742890728657 0.453894991404045 0.407469051600431 0.290890802056813 0.230917223453189 0.21743080865521 0.206094480468771 0.305742230453416 0.393723539955241 0.382035553648055 0.340722546101756 0.241567550472634 0.172324316751969 0.144476767656271 0.1538292269495 0.204185878166483 0.200771479713307 0.199851318848173 0.178344672931087
-9999 -9999 -9999 0.33543809656503 0.196403574798415 0.302657462224258 0.549043152456268 0.61741291549173 0.563042591548598 0.546277479484952 0.452194575217548 0.452436660601238 0.467399062147031 0.444446510328094 0.363362070695758 0.314293286919552 0.333106824499568 0.305367869068357 0.320980015480947 0.317805435511288 0.312698495645641 0.318480238051717 0.264377371298055 0.241967066118867 0.385783716391591 0.374912083367126 0.339522665045077 0.350396907762426 0.290268261476754 0.285860737258898 0.320643398708327 0.319897903948172 0.291618344999617 0.27127427832848 0.221602258082215 0.2275124724606 0.24655581254378 0.209093209998044 0.225904888249627 0.279404927210788 0.312666383280075 0.243184537294357 0.178316440860283 0.109496704027267 0.120644679705682 0.150636699291103 0.161245699705566 0.181450047482244 0.185935142453311 0.178535302754942
-9999 -9999 -9999 0.169525794761674 0.208922875562458 0.487054528524066 0.616899042760139 0.674363775305733 0.658104424316652 0.569596954877649 0.510453950113242 0.445580765550831 0.45096192560657 0.469037941518996 0.448236284441064 0.410111043274439 0.409005915992948 0.446819401892894 0.410838891403676 0.338092705787032 0.316867094988203 0.297594630902116 0.294756181696878 0.292180563399782 0.446012640575252 0.449168168706437 0.419743880807202 0.344414877448142 0.256421763232566 0.239401734633673 0.299377485007219 0.273030117889631 0.283998268443835 0.335620587058746 0.304740801483574 0.258989193386664 0.278440953026571 0.28258024113321 0.230276424992545 0.290043301677231 0.252038352543711 0.192767668139815 0.124329067226801 0.107156571059847 0.115486478717225 0.179574068843593 0.187200266622468 0.204787029057378 0.196001364644759 0.188071243341187
-9999 -9999 0.349999994039536 0.322481551883571 0.331735497562311 0.439648918430187 0.544817153214 0.560037228638043 0.504921207141467 0.533945315263609 0.450014275433807 0.422761799689241 0.437199586489742 0.469437622897244 0.478645987856444 0.510136136527093 0.500953345052907 0.489600494451926 0.449031128161398 0.369056828604452 0.323078837515588 0.324834316403852 0.344259463919683 0.352652898122763 0.37865759679136 0.418231853531942 0.296346494436419 0.268004813163362 0.244659038798806 0.327323283549024 0.330430770441532 0.388801273499843 0.273194308806641 0.324997188493204 0.38547236545687 0.394765412770635 0.403747503122379 0.360112621178554 0.443167883012039 0.397647294196701 0.233559527790252 0.213100068468003 0.207976928608273 0.207060744006975 0.252865177983992 0.258042146461194 0.243805899549937 0.221597273004655 0.185672605803701 0.174597847357995
-9999 -9999 -9999 0.118723093750347 0.476548929961202 0.503739009606023 0.455354515760249 0.37720716760389 0.253935867386973 0.374755377677826 0.372274958446663 0.394714075213992 0.355423994939816 0.417525094326166 0.440176680375561 0.458555550770299 0.449773212103153 0.446994794099274 0.38103045049082 0.283017690239556 -9999 0.209999993443489 -9999 0.230000004172325 -9999 -9999 -9999 0.159999996423721 0.336122428193139 0.34590916237222 0.319106609233008 0.366460838761719 0.405189222942297 0.374340526285461 0.436332492438161 0.36098983126462 0.334915958173951 0.716123745239677 0.695277837150493 0.541861640737716 0.434867615761212 0.26377654622257 0.21032167925955 0.172374201107601 0.247308405542222 0.201256068590122 0.210628201371862 0.190655169285097 0.164150348402487 0.205609177766252
-9999 -9999 0.0299999993294477 0.324582854278924 0.348864543829396 0.389999985694885 0.310275749938215 -9999 0.230000004172325 0.365971848985371 0.361629340232285 0.223870794568014 0.280000001192093 0.328683234561073 0.409743413001914 0.407738332867034 0.402313526241942 0.410791556818014 0.213481783197434 0.189999997615814 -9999 -9999 -9999 -9999 -9999 -9999 -9999 -9999 -9999 -9999 0.280000001192093 0.276249589671294 0.293907404595357 0.285826619508709 0.20605030565055 0.367935237145523 0.502219712703129 0.698638958726023 0.683518325235522 0.603913443698842 0.490833704913461 0.330782742081038 0.175176737327847 0.126835741340121 0.1923548286776 0.192397424369897 0.233948183701058 0.286550742378589 0.287460858785151 0.244568474730603
-9999 -9999 -9999 0.25 -9999 -9999 -9999 -9999 -9999 -9999 -9999 -9999 -9999 -9999 0.501630155950402 0.421529591400711 0.323751474499421 0.360000014305115 0.360000014305115 -9999 -9999 -9999 -9999 -9999 -9999 -9999 -9999 -9999 -9999 -9999 -9999 0.253447206650412 0.285298051603652 0.243267759837871 0.174437551729405 0.234764118473238 0.424027260067644 0.509410029065474 0.564704712898559 0.491543488869299 0.390281234792221 0.242916375301856 0.142968202912882 0.149840078447937 0.211812496354194 0.266248920136366 0.299120059703914 0.288998292901385 0.26700162188496 0.276525973078929
-9999 -9999 -9999 -9999 -9999 -9999 -9999 -9999 -9999 -9999 -9999 -9999 -9999 -9999 -9999 0.479999989271164 -9999 -9999 -9999 -9999 -9999 -9999 -9999 -9999 -9999 -9999 -9999 -9999 -9999 -9999 -9999 -9999 0.171804671906858 0.150991362396972 0.156644424045813 0.147356090142562 0.145525398436993 0.20571265200307 0.287017918742068 0.220110253382939 0.167368045042958 0.139789433508243 0.185276390607695 0.193526040125673 0.192719064406936 0.369666096983189 0.394084076919381 0.283795714372531 0.282864986161044 0.313645643573184
-9999 -9999 -9999 -9999 -9999 -9999 -9999 -9999 -9999 -9999 -9999 -9999 -9999 -9999 -9999 -9999 -9999 -9999 -9999 -9999 -9999 -9999 -9999 -9999 -9999 -9999 -9999 -9999 -9999 -9999 -9999 -9999 -9999 0.102465137184026 0.178958837569449 0.147819508140234 0.13772207388334 0.100395457707649 0.206786504748324 0.219643249276502 0.181820900049872 0.185243912911403 0.257340851351155 0.279993568304709 0.340035592014167 0.373731709911753 0.460393489560458 0.308710700864711 0.242305256990518 0.315331643335851
-9999 -9999 -9999 -9999 -9999 -9999 -9999 -9999 -9999 -9999 -9999 -9999 -9999 -9999 -9999 -9999 -9999 -9999 -9999 -9999 -9999 -9999 -9999 -9999 -9999 -9999 -9999 -9999 -9999 -9999 -9999 -9999 -9999 0.355855842982748 0.303372285348537 0.226091819400013 0.195647675811688 0.153646008251683 0.325747192230226 0.241457493121273 0.154254814848923 0.223540046612878 0.267688569583197 0.233289207996056 0.443215062565887 0.453300249804192 0.509052703700979 0.446800126805246 0.394568763015469 0.308620308059091
-9999 -9999 -9999 -9999 -9999 -9999 -9999 -9999 -9999 -9999 -9999 -9999 -9999 -9999 -9999 -9999 -9999 -9999 -9999 -9999 -9999 -9999 -9999 -9999 -9999 -9999 -9999 -9999 -9999 -9999 -9999 -9999 0.335471158734191 0.306163425355302 0.327844493325995 0.340905121722015 0.192475874033662 0.340373021462244 0.379954620311811 0.320622243544179 0.233429561681901 0.240861593808371 0.179099049544071 0.487744552335739 0.558198526509761 0.424493643072613 0.414752493397003 0.44155429998397 0.378841649161675 0.440622786610489
