DATA/PredictorVariables/2_test_multicolinealidad_seleccion_variables/2_3_Variables_definitivas/ndvi.asc
NCOLS 166 
NROWS 105 
XLLCORNER -9.416666667 
YLLCORNER 35.166666667 
CELLSIZE 0.0833333333313253 
NODATA_value -9999 
[rows 0 to 21 of 105, columns 0 to 49 of 166]
-9999.000000000000000 -9999 -9999 -9999 -9999 -9999 -9999 -9999 -9999 -9999 -9999 -9999 -9999 -9999 -9999 -9999 -9999 -9999 -9999 -9999 -9999 -9999 -9999 -9999 -9999 -9999 -9999 -9999 -9999 -9999 -9999 -9999 -9999 -9999 -9999 -9999 -9999 -9999 -9999 -9999 -9999 -9999 -9999 -9999 -9999 -9999 -9999 -9999 -9999 -9999
-9999 -9999 -9999 -9999 -9999 -9999 -9999 -9999 -9999 -9999 -9999 -9999 -9999 -9999 0.151859965874174 0.184705337331419 0.181453158232836 0.0368314136215158 0.245619647089369 -9999 -9999 0.319999992847443 -9999 -9999 -9999 -9999 -9999 -9999 -9999 -9999 -9999 -9999 -9999 -9999 -9999 -9999 -9999 -9999 -9999 -9999 -9999 -9999 -9999 -9999 -9999 -9999 -9999 -9999 -9999 -9999
-9999 -9999 -9999 -9999 -9999 -9999 -9999 -9999 -9999 -9999 -9999 -9999 -9999 0.184898297883559 0.307426808553079 0.238177672992501 0.361120740253331 0.393479316364779 0.469955495113839 0.405322702824381 0.403321253640984 0.379385531150917 0.248794498865036 0.230000004172325 -9999 -9999 -9999 -9999 -9999 -9999 -9999 -9999 -9999 -9999 -9999 -9999 -9999 -9999 -9999 0.0700000002980232 0.0828233674741564 -9999 -9999 -9999 -9999 -9999 -9999 -9999 -9999 -9999
-9999 -9999 -9999 -9999 -9999 -9999 -9999 -9999 -9999 -9999 0.0663378348071039 0.0455754851909687 0.314299115142292 0.483171382444189 0.633557911293975 0.589215727130057 0.675099065001888 0.739699855035436 0.734390230800046 0.675475030227059 0.638544188657174 0.600856132799332 0.525309041803085 0.313333237448213 0.340000003576279 -9999 -9999 0.25936887776598 0.25 0.192373792251093 0.180000007152557 0.180000007152557 0.180000007152557 -9999 0.349999994039536 0.224313666627739 0.0855904970538132 -9999 0.0538656907838892 0.193827550630359 0.229236886197179 0.105732832151649 -9999 0.100000001490116 0.100215922971871 0.119999997317791 0.119999997317791 -9999 -9999 -9999
-9999 -9999 -9999 -9999 -9999 -9999 -9999 -9999 -9999 0.0199999995529652 0.157489367598268 0.112282607725293 0.588436870483495 0.667279493750882 0.721246425794028 0.744062335895517 0.749855796267264 0.748305777935924 0.750229213869919 0.741072898009781 0.719657175909723 0.707978899784621 0.710076499218547 0.495970471686346 0.468826268930837 0.319999992847443 0.331630554003229 0.348042985194469 0.281029387424762 0.238562895400268 0.58563895408731 0.226697821668784 0.413930520353161 0.315488535358145 0.47532245774905 0.509747348463426 0.149321333207165 0.485771728727816 0.561606575896214 0.46646488461956 0.60114339726503 0.542945680476932 0.227506352446881 0.456278575553683 0.199428136411394 0.471609519873963 0.310275503965946 0.25 0.244058530841476 0.239999994635582
-9999 -9999 -9999 -9999 -9999 -9999 -9999 -9999 -9999 0.0833870248532218 0.119521649150785 0.565725691517007 0.615607923077744 0.660741342028945 0.71133480350079 0.629125521556823 0.598421240800728 0.70263163422101 0.700441459397503 0.692631643757753 0.720585295800623 0.748059457562925 0.733218283937859 0.719492321486906 0.689536107580122 0.6799994824198 0.681014557634839 0.707810084796177 0.712886304819678 0.704736221130338 0.709327117732156 0.686259572903813 0.707211298816979 0.714116698487217 0.718849361486318 0.742870434206925 0.70617575759308 0.707767286043116 0.716927282422085 0.681212770799613 0.645849277604576 0.650063454996912 0.649638772832783 0.672832964993072 0.72231480216874 0.735478231190688 0.70040237364104 0.516883024437332 0.297055648965778 0.366945702602368
-9999 -9999 -9999 0.105510399055569 0.186350223010025 0.320442453977073 0.0934483053434051 0.119999997317791 0.158416226369146 0.170505044234893 0.23910848504314 0.42012706482072 0.528425419709486 0.735244978920971 0.701428028093283 0.674950089011592 0.656045646971348 0.654654863527507 0.689999997615814 0.689999997615814 0.671476229355371 0.671588350391846 0.701263855209157 0.700324830948357 0.722039426974131 0.72088223155516 0.711145059132306 0.715315568786177 0.729128353785929 0.730614405979182 0.679740109997276 0.691293659981756 0.732253834305235 0.757552128344514 0.753280230105315 0.75486561318113 0.736456127968051 0.730028168740921 0.711864076718708 0.704657090686962 0.686271806818488 0.683744942481889 0.688385047171609 0.724724219003566 0.693718125970021 0.698477533381872 0.728504136495801 0.698747165628664 0.663174439324204 0.676216436452095
-9999 -9999 0.179637952012817 0.193489609154285 0.502151006377405 0.402676224314716 0.212145183140295 0.242637393454608 0.393786848610976 0.443656024814311 0.603704148943818 0.62266428874431 0.642619718209616 0.696348715794579 0.752121048358481 0.715416131798199 0.695772038438786 0.666507829693948 0.683875823024247 0.684120939582465 0.675606334719433 0.684252736617885 0.66819864324211 0.69807473452726 0.743821691388545 0.752133393661572 0.728910537212585 0.714712103888654 0.683045659299072 0.711522422953505 0.675768343825539 0.684877197088677 0.746363000338683 0.728509247014761 0.690794851226929 0.710415029589074 0.750473669507354 0.734986620595108 0.734131765127587 0.712856673472652 0.667079818484767 0.686154734224095 0.700671407641424 0.719745910871116 0.729917865583042 0.722390449832131 0.7156179769356 0.699999988079071 0.694058527774022 0.689999997615814
0.209999993443489 0.22540573046536 0.30709118188928 0.448035671682206 0.695031825515688 0.680859061237356 0.624639184855209 0.65111167171465 0.670625172130519 0.682698271835321 0.624388101608589 0.657889731050884 0.670080203191365 0.720031453824317 0.708667394342235 0.685038160363858 0.680000007152557 0.65045012361766 0.661374516266603 0.665405786466849 0.63371724251826 0.655966751451961 0.658430975703756 0.694040269314053 0.738091655289638 0.737374558409503 0.740212983948667 0.705822179426602 0.67968202119585 0.671983052013851 0.688638829432345 0.73070683364547 0.730936322115516 0.711149263069538 0.710227250159994 0.732575689105187 0.736751259830774 0.73843043258597 0.736783312660498 0.726151222940155 0.724182907515794 0.721546389882957 0.719890687413189 0.719243991686363 0.726151222940155 0.724945516938742 0.712871916728603 0.696549088442151 0.697794694765737 0.704394457389295
0.339398788379588 0.472980729781207 0.520880126043626 0.680000007152557 0.684268901196306 0.698012940031568 0.690284945117436 0.699184408443343 0.688650835759311 0.66544944107735 0.685557929269296 0.695970523414642 0.697157975435014 0.717807208263801 0.682760532069839 0.662518538200639 0.648928161545346 0.670840312869486 0.669004958474974 0.667342136064211 0.637176152202909 0.657260225123916 0.68690454254446 0.71519330038685 0.729673934242056 0.72399151506413 0.723358231483724 0.702812661101547 0.67904404355784 0.649454872035825 0.691594364596134 0.730000019073486 0.726168942208506 0.715307181220322 0.728947987867476 0.740000009536743 0.727079310511477 0.720047272795588 0.709385654887476 0.715363829505338 0.734626220306644 0.73391498568903 0.748026360264838 0.755307171044759 0.71452093606099 0.702288897204061 0.71962343677116 0.714093119163987 0.722995972427198 0.730159760186283
0.583593942295071 0.649751656678 0.637821793482267 0.686765553108745 0.683740582029742 0.667517206009363 0.68500835359586 0.703669572864545 0.684716172023109 0.668272165335779 0.680322918664019 0.689670776997551 0.709288845687491 0.721723602118221 0.693723293907861 0.63739365635559 0.620470018519379 0.66946666290084 0.666468915240182 0.662928595335489 0.655265255037365 0.67081588140481 0.695988727246913 0.712267683070932 0.745188866231344 0.730000019073486 0.711847237532321 0.682937794717576 0.688123582741352 0.690593292221104 0.751584388031925 0.747187025730437 0.722391109456314 0.714498511851706 0.710042438581644 0.698765507706588 0.687180790420312 0.672777348706929 0.689895815243758 0.655895561284577 0.733234463580555 0.710133066464659 0.702241629951868 0.711727498605493 0.695706756109523 0.628915340387309 0.660675040775015 0.703688389278948 0.676760226458503 0.65466079083206
0.676737862689382 0.644196966474068 0.620075090995157 0.657104265126913 0.660533709272688 0.67587396583861 0.6873827723078 0.684423896756424 0.659690257362776 0.677692675137806 0.711942323092673 0.696431460348241 0.70294118064242 0.704385976920539 0.699201346378044 0.687731736442732 0.662912248422788 0.666418462413608 0.643552135472376 0.64955323593997 0.65250723057327 0.645328205068016 0.695793718532229 0.708223908946688 0.692098449404241 0.692825892127807 0.701217823486165 0.699043256758089 0.707708095662067 0.696459595089413 0.789822951681074 0.769961590991876 0.717855673579322 0.673551104942526 0.61776073038447 0.602555407637635 0.595984630843881 0.559903730144637 0.565764640860298 0.569778093783872 0.644180641254787 0.676770834842009 0.603118031752429 0.624418655337271 0.640217493798432 0.593559300125119 0.595515588892764 0.641036986901916 0.583591701114827 0.572332973574819
0.351263711051319 0.4559924923774 0.635435306059301 0.659986869204357 0.674683346744648 0.699364598710646 0.686040568493142 0.670367141083679 0.647422403162008 0.641181632793104 0.710284433578105 0.702007930468769 0.670953100741938 0.680438449721734 0.690317692300027 0.622216801506442 0.674123620443246 0.679612565580636 0.678729226522098 0.661297845656368 0.630628591338836 0.655744620929296 0.670831289072581 0.698813223697131 0.707225781057897 0.685189521259526 0.674687743600396 0.69624432694108 0.709999978542328 0.677593817631878 0.674021959383276 0.750734052215698 0.759062515383811 0.758481037069022 0.721536380262119 0.691622603836137 0.603267958966037 0.540500189390693 0.489793580904441 0.545990036490469 0.603472159228431 0.604857244402044 0.560842348471562 0.511357107250209 0.600106570645186 0.532908759580247 0.604621514338745 0.665748071476722 0.661353700571279 0.601717258447211
0.366948582214213 0.288783020691364 0.580438983839354 0.651114593802088 0.686448432053987 0.69040350526448 0.687254493028827 0.622180245803256 0.582547488944802 0.670886152092766 0.690369141576041 0.717718661356807 0.716149122276381 0.697473923756957 0.675339939278634 0.669548885964521 0.666743727807683 0.613973442400371 0.657034872793556 0.640837794176434 0.644728007476059 0.614832131374879 0.640330323992203 0.70874414379385 0.714092795929365 0.701140668306287 0.712272260513553 0.727109803844537 0.735019856726371 0.687788972467967 0.667992674514207 0.652794721324728 0.66527116132974 0.745497926468131 0.709760701869397 0.674494125114716 0.64240673941392 0.635746658302529 0.630619478119254 0.62208844819072 0.593451673043214 0.618034230971075 0.622874934297756 0.641848130188152 0.613886555335202 0.737292639008904 0.704579604072278 0.616686499881174 0.601076154050559 0.588357503964087
0.0500000007450581 0.242799395329704 0.345144404147667 0.647400921019497 0.654422308838886 0.682221790653963 0.665447055336345 0.671447552760867 0.68395390497537 0.680486139522693 0.685836527853628 0.696885919041152 0.682830322405273 0.668329420912732 0.639368425458839 0.638591850350528 0.649960963533052 0.616817187376839 0.612201445819809 0.640948264792881 0.646378646339175 0.651706345511183 0.642489960665793 0.661804246096769 0.688019420368222 0.715821568523585 0.721501526745832 0.737821454195177 0.738738595845473 0.669269535953674 0.642604764798444 0.593694141500123 0.665152868205526 0.654419457797462 0.647202684662154 0.632629418248011 0.638502714183192 0.66930573988026 0.641816490822295 0.662277551147193 0.618514125546863 0.577400928172054 0.570939021738321 0.597640083435302 0.663216939571947 0.671110692180357 0.702420329729283 0.656878656048131 0.628201809831596 0.582722319450496
-9999 0.164396178300411 0.374244759594257 0.604222415900114 0.518926414171967 0.606430843916998 0.65114116499844 0.689978115008671 0.699097549498186 0.692904350619611 0.702685167546003 0.675846161764698 0.667926485061531 0.656330826572095 0.641478240665791 0.615081625606378 0.674777008840487 0.624348677483126 0.594253987317049 0.646225590534562 0.645855774301649 0.648450438869572 0.665137760041531 0.68682156131285 0.714993607226034 0.741651215579618 0.736980722569784 0.729013494132377 0.700021902703212 0.663079992401912 0.617238112979818 0.646719086172316 0.593643574647059 0.56291026695539 0.602751805528553 0.65908953919426 0.642223528723011 0.635942555644813 0.562621596195442 0.555477696126442 0.532173104772289 0.546302754642493 0.510604055086457 0.497733574487384 0.469357494154217 0.496872099911614 0.552920547263616 0.59770514922983 0.58825483349802 0.571108645631311
0.0963236718174162 0.126454073969852 0.476297911268961 0.319153059508546 0.266749078569819 0.57198034498218 0.647194708350103 0.692294070283707 0.688239747241629 0.687517393271233 0.708249853861688 0.67128694731121 0.66411452868945 0.684442144415467 0.6501850505063 0.627475355740294 0.676041317809567 0.638386365876786 0.650123027999041 0.645453448040595 0.620539789736841 0.616396585263548 0.665251095441766 0.659897392335322 0.709201891477146 0.728499949648872 0.752761253809109 0.743787960064227 0.670148355619929 0.594592107902221 0.614567052147277 0.608343219467009 0.553094843572313 0.583378791379692 0.617670422911889 0.64192358249159 0.629377941930433 0.597182780199567 0.487759480757159 0.397472081872091 0.46222729548902 0.529544953722611 0.500171024404141 0.361366938102924 0.342881917102958 0.47964228468286 0.490601192857475 0.515873513376989 0.455232990822573 0.433719669347415
-9999 0.0991822360131829 0.214835404281187 0.310232034845233 0.340864846232139 0.643056559633814 0.639755373426554 0.631875455332584 0.640213103255796 0.642103255628189 0.660864077317319 0.66793235980091 0.712950814475318 0.699999988079071 0.668803088677362 0.65092257641981 0.697289670466959 0.695313783597997 0.699597134672209 0.663905321974465 0.60845475416371 0.648183092333136 0.68188093530675 0.684870917092183 0.676051637869954 0.676113553816276 0.676309748849314 0.695826403272612 0.696628455386605 0.606496153477103 0.612277099697026 0.639531796451402 0.6379116905364 0.672301916161226 0.661754844897445 0.63668741233666 0.527984605951539 0.382972662959763 0.391471518384548 0.453690246382314 0.547728255355464 0.659813034371015 0.448686788513654 0.336234499788015 0.526885791400694 0.566801615490932 0.439623053346787 0.390535015457135 0.343805086375323 0.351212416879049
-9999 -9999 0.0517604122854016 0.103101198750524 0.366035584467664 0.470248018142691 0.596464300219722 0.624241083654934 0.646114746347274 0.654509084354173 0.589404606726748 0.619556324406589 0.738871516036589 0.717208175126469 0.696014518467693 0.66077979585566 0.658835169242883 0.718432583588677 0.718432583588677 0.70963702687109 0.694325612410684 0.675906093174706 0.66626976894164 0.626290732726658 0.623369776113732 0.66043946506709 0.634096946331968 0.603669429338168 0.563111890893486 0.556212922628058 0.681980676311966 0.649999976158142 0.641049767871421 0.615674389973502 0.624454020062012 0.631567430910527 0.444040913226124 0.38457811379471 0.40794228225333 0.458983393716594 0.645646152669215 0.704039310486742 0.610022693799559 0.436390507809991 0.485261079574055 0.459805270367925 0.232916182600737 0.250243890748609 0.277155171407644 0.288371905039985
-9999 -9999 -9999 0.129128217598234 0.190376312988605 0.514052684187805 0.629563751511693 0.617804096215111 0.610436257374996 0.655364773963373 0.661197380000505 0.69903703168115 0.707241051675182 0.720004465084403 0.682057833193593 0.582711928674941 0.560981549941473 0.660654391480919 0.671485834410981 0.710069248321307 0.699897522381195 0.689860110505154 0.63411959498427 0.685569704745438 0.589339200912575 0.592735720498486 0.633847827083874 0.63945468120748 0.545062794944004 0.500468190393225 0.597980690132881 0.610774157634864 0.661052475948172 0.588261080272767 0.561933084624069 0.551809866224507 0.458459385211277 0.478729200972255 0.424554385220296 0.482606565378745 0.719314011609584 0.702802931224073 0.689464473084344 0.618987518125898 0.489141264969225 0.405874330129506 0.225765327021717 0.239906002044936 0.246203848403627 0.279575374794265
-9999 -9999 -9999 0.143893092294037 0.185327469518808 0.390324715842076 0.529996707478781 0.636671540115949 0.667247597647095 0.675397273265134 0.692181852781053 0.600514678356679 0.638695020360663 0.708540883176187 0.680549166285761 0.662403835851066 0.650922631259166 0.60608150880247 0.655952075751622 0.655257336812758 0.647968592785225 0.641100565886043 0.598463421015022 0.585537021108451 0.602792381467391 0.618222079699415 0.64407117958786 0.676837709558149 0.642690615641462 0.633886122840295 0.565023308559725 0.584911093448357 0.650619283688016 0.54941563842667 0.538982718039857 0.596100330376146 0.611356689555614 0.5209036277589 0.379712119218772 0.39471595957148 0.469607419270046 0.646307070900734 0.666188371620965 0.60216675423193 0.549676954233792 0.390801580475628 0.253762050820939 0.279344964443822 0.273188453333304 0.247800472000358
-9999 -9999 -9999 0.0853054583739647 0.190568698034873 0.366549474631459 0.62463918792732 0.62354758671534 0.694174865380607 0.694466718207633 0.678659896512681 0.663423509536647 0.689137791762566 0.696607127925913 0.695742906837241 0.681849679457836 0.654987410059864 0.622652768886819 0.613687805464486 0.651809343177274 0.68895678299511 0.620370863309463 0.61687806228027 0.6123219592551 0.576404133638944 0.619855755680594 0.628736150956963 0.646876379900419 0.633253403970994 0.569457107454296 0.617473249545699 0.648528285616188 0.631566237234565 0.602276359252555 0.594727204610888 0.603525228155178 0.487350499206494 0.477764578024653 0.398258994294847 0.404169479811951 0.439154515205461 0.522116013216113 0.521876170510092 0.504857068725201 0.453498253653602 0.295736996450796 0.298245323186956 0.241628163231773 0.238582596776049 0.219723555255917
