DATA/PredictorVariables/2_test_multicolinealidad_seleccion_variables/2_1_Resultados/variables_seleccionadas/alt.asc
NCOLS 166 
NROWS 105 
XLLCORNER -9.416666667 
YLLCORNER 35.166666667 
CELLSIZE 0.0833333333313253 
NODATA_value -9999 
[rows 22 to 43 of 105, columns 51 to 101 of 166]
778.410522460938 771.492370605469 765.765747070312 759.72265625 753.349365234375 746.916687011719 766.071350097656 780.436157226562 809.896362304688 816.935180664062 795.664245605469 810.654357910156 838.805541992188 861.424865722656 845.039489746094 850.502258300781 873.297607421875 901.845642089844 941.628234863281 997.65185546875 1035.77917480469 1032.53149414062 1032.14306640625 1169.66394042969 1396.05810546875 1490.59509277344 1465.89685058594 1587.22875976562 1586.62512207031 1546.5263671875 1492.62329101562 1539.20251464844 1397.99133300781 1271.00744628906 1283.55578613281 1194.30004882812 1000.55316162109 777.27587890625 628.656860351562 544.298950195312 472.132781982422 361.004150390625 316.449829101562 296.930511474609 344.35986328125 425.346710205078 389.330932617188 310.042510986328 364.205749511719 455.685638427734 492.782653808594
769.626892089844 760.706726074219 759.493713378906 764.646301269531 776.333618164062 799.124389648438 832.907531738281 794.465209960938 770.867553710938 789.961608886719 820.538513183594 864.084045410156 896.32763671875 914.424987792969 891.969177246094 893.945251464844 913.069641113281 929.658447265625 963.433837890625 1029.31799316406 1097.13232421875 1126.3447265625 1030.47497558594 1076.29504394531 1164.20141601562 1251.52783203125 1368.15979003906 1508.85498046875 1482.1484375 1499.75659179688 1436.24731445312 1385.40319824219 1269.99389648438 1307.33654785156 1308.86218261719 1211.86462402344 1080.35180664062 919.576110839844 776.192749023438 698.838134765625 616.416687011719 437.701873779297 405.878387451172 341.712860107422 276.119903564453 289.224273681641 288.408477783203 297.565124511719 390.990295410156 525.327514648438 610.377624511719
755.070983886719 773.514404296875 799.535339355469 816.862121582031 833.664978027344 844.827514648438 815.445495605469 770.164245605469 781.148132324219 823.033935546875 846.458190917969 874.123474121094 905.373474121094 918.907409667969 914.370727539062 909.135803222656 925.771606445312 943.404296875 962.546325683594 1007.67938232422 1044.15673828125 1077.05969238281 1080.56750488281 1108.60046386719 1144.85803222656 1184.6865234375 1219.6416015625 1226.39819335938 1199.0908203125 1183.50244140625 1143.80249023438 1143.69653320312 1089.13000488281 1119.04943847656 1193.66870117188 1210.85046386719 1084.64501953125 1014.76373291016 967.430358886719 925.873474121094 751.225280761719 590.844665527344 558.85595703125 456.225646972656 331.390258789062 283.320983886719 253.007888793945 272.405364990234 396.854949951172 481.5703125 523.077514648438
784.009582519531 816.423278808594 838.54541015625 847.718017578125 838.107971191406 793.184936523438 753.449035644531 773.874267578125 809.948181152344 816.150207519531 839.932800292969 867.064758300781 886.792297363281 901.221374511719 873.975769042969 867.553405761719 881.17041015625 890.308532714844 899.408447265625 918.754699707031 941.098022460938 967.087219238281 1012.76092529297 1056.98876953125 1090.50024414062 1104.33288574219 1139.81640625 1150.53845214844 1143.12145996094 1157.05407714844 1152.88049316406 1092.35046386719 1064.32531738281 1072.03076171875 1116.22998046875 1144.6171875 1109.33508300781 1100.79638671875 1131.99243164062 1324.7353515625 1235.19592285156 836.20361328125 681.031555175781 546.86279296875 423.816833496094 354.953369140625 293.745971679688 257.114318847656 283.760406494141 321.249725341797 384.418090820312
814.5 819.687866210938 830.175964355469 841.251281738281 803.680419921875 729.262451171875 758.642639160156 796.116149902344 816.740539550781 837.898132324219 858.488220214844 867.014587402344 873.999450683594 895.001586914062 819.403625488281 805.982055664062 823.375183105469 835.240905761719 845.966064453125 871.824401855469 905.196350097656 925.799133300781 951.474060058594 977.018676757812 1014.45928955078 1031.36389160156 1066.38232421875 1069.34228515625 1098.39929199219 1142.14196777344 1122.72644042969 1085.19396972656 1058.55029296875 1025.56811523438 1033.39697265625 1044.31677246094 1053.19311523438 1097.25769042969 1180.6650390625 1320.59265136719 1305.00048828125 1053.57092285156 840.435180664062 717.140747070312 530.584289550781 417.355285644531 344.656188964844 297.459228515625 262.233093261719 245.743942260742 247.447113037109
767.005126953125 799.329895019531 818.346008300781 807.111450195312 734.108703613281 714.240173339844 759.71435546875 757.252075195312 778.497741699219 812.810729980469 828.1201171875 804.047424316406 804.041137695312 848.232604980469 816.853088378906 863.714660644531 858.016784667969 859.874145507812 861.356994628906 890.622741699219 903.970764160156 903.99072265625 908.621398925781 924.572021484375 973.501342773438 968.333312988281 995.391418457031 1006.32611083984 1006.83801269531 1018.00823974609 1038.15222167969 1075.60717773438 1049.771484375 986.790100097656 997.194763183594 1020.74163818359 1049.3642578125 1079.47180175781 1109.15734863281 1117.53015136719 1032.61535644531 950.177734375 759.764770507812 689.199462890625 616.177185058594 438.051452636719 357.199249267578 398.333892822266 434.353576660156 364.061828613281 281.305908203125
713.511657714844 742.200500488281 736.082885742188 702.770324707031 698.2548828125 702.152526855469 724.940307617188 812.865356445312 843.689575195312 853.740051269531 879.914978027344 881.171936035156 859.718078613281 865.839904785156 905.849975585938 938.552490234375 935.858154296875 947.597412109375 986.97802734375 994.471923828125 999.132141113281 974.802001953125 928.737915039062 913.352783203125 901.945617675781 918.123779296875 956.485961914062 954.147094726562 949.768310546875 985.411682128906 1011.78533935547 1025.35571289062 1002.37298583984 1049.44799804688 1068.29052734375 1035.94030761719 1031.97839355469 1038.75622558594 1026.67919921875 994.946960449219 961.227233886719 967.804992675781 707.801574707031 591.795227050781 514.365905761719 398.426940917969 371.475921630859 438.01611328125 546.867858886719 437.590576171875 429.312103271484
686.922485351562 691.870666503906 707.215576171875 729.599548339844 719.211975097656 711.562805175781 748.959289550781 821.047973632812 852.941528320312 873.517150878906 885.217834472656 895.141845703125 894.698303222656 887.5146484375 903.895202636719 1012.15856933594 1111.0224609375 1147.61462402344 1095.22045898438 993.341918945312 988.513610839844 1026.95263671875 1000.46295166016 1027.88232421875 1009.02160644531 989.869201660156 977.72314453125 974.127563476562 983.517883300781 978.275329589844 964.592041015625 958.741149902344 1002.25952148438 1070.71057128906 1060.11877441406 953.589111328125 942.791137695312 961.206237792969 946.458251953125 871.663452148438 786.590148925781 829.439514160156 850.312622070312 572.325866699219 533.792724609375 452.406707763672 424.913726806641 494.902099609375 490.1025390625 506.332427978516 591.899047851562
732.952697753906 737.664855957031 753.921813964844 764.876892089844 738.913940429688 731.476440429688 771.779479980469 787.910034179688 780.680297851562 806.042175292969 831.688293457031 845.519897460938 868.505126953125 887.528930664062 885.622314453125 993.918395996094 1095.30615234375 1055.14965820312 1018.77471923828 1007.9833984375 1030.74731445312 1060.57067871094 1124.943359375 1179.61657714844 1184.46704101562 1183.69946289062 1174.63366699219 1101.79626464844 1061.64709472656 1087.41271972656 1079.56176757812 1055.93432617188 1030.21533203125 1017.13201904297 957.869934082031 859.553405761719 866.930053710938 879.400573730469 865.432922363281 840.781555175781 702.101745605469 700.552917480469 626.989013671875 757.541137695312 822.331298828125 746.83642578125 643.400207519531 570.000427246094 607.115234375 607.449035644531 680.6455078125
747.472595214844 745.013916015625 738.887145996094 734.619689941406 745.613159179688 753.904235839844 766.614868164062 767.435241699219 777.017883300781 793.046630859375 820.248901367188 848.606506347656 880.73193359375 892.097412109375 913.887268066406 958.648010253906 1019.0673828125 998.569274902344 1017.13714599609 1109.77734375 1250.79284667969 1292.04064941406 1301.24255371094 1322.47875976562 1310.45764160156 1271.82421875 1224.03674316406 1153.0771484375 1105.50915527344 1093.42834472656 1119.65942382812 1111.98132324219 1099.90515136719 1026.69763183594 911.345581054688 837.106323242188 802.934814453125 783.078369140625 764.770263671875 772.208190917969 714.191162109375 687.381164550781 676.01220703125 767.886962890625 869.490417480469 926.594665527344 832.340698242188 734.977233886719 740.8115234375 727.972351074219 722.645202636719
760.585021972656 756.6767578125 749.708068847656 748.631774902344 770.356384277344 780.7060546875 802.466613769531 793.896301269531 800.868408203125 818.526428222656 840.521301269531 862.847534179688 890.007080078125 914.980041503906 949.455932617188 987.992004394531 1022.40612792969 1062.56628417969 1136.71875 1323.70434570312 1553.35034179688 1562.17443847656 1489.51672363281 1368.72045898438 1407.10522460938 1315.82348632812 1158.26916503906 1118.00415039062 1078.25451660156 1050.85949707031 1138.76110839844 1144.09020996094 1124.947265625 1067.78198242188 976.588806152344 933.379333496094 937.928344726562 942.190185546875 906.467590332031 868.322448730469 820.9560546875 873.085205078125 851.754211425781 816.236755371094 871.452392578125 933.0771484375 940.154602050781 914.464294433594 894.735046386719 831.129638671875 748.681030273438
785.43212890625 786.543884277344 778.900207519531 780.165649414062 815.02197265625 806.513366699219 843.563781738281 835.813415527344 828.882019042969 856.629638671875 873.969482421875 878.715698242188 914.377563476562 970.747253417969 1037.40808105469 1088.41259765625 1142.55688476562 1277.40979003906 1339.70678710938 1457.50170898438 1532.69921875 1382.49182128906 1403.32446289062 1296.3857421875 1325.42895507812 1210.353515625 1103.64270019531 1056.22534179688 1025.85119628906 1023.72326660156 1108.83129882812 1141.97082519531 1152.73388671875 1145.17175292969 1152.05969238281 1172.39477539062 1165.4228515625 1116.96325683594 1080.51916503906 1035.095703125 973.194458007812 1003.24517822266 1027.73974609375 986.882385253906 901.898132324219 907.9228515625 959.833679199219 1029.3330078125 1038.84265136719 920.625854492188 833.221862792969
820.324768066406 822.542663574219 816.375061035156 830.450256347656 851.038879394531 834.48095703125 871.44287109375 878.149353027344 881.459594726562 895.917358398438 893.9736328125 914.864135742188 979.991760253906 1057.95446777344 1185.19714355469 1487.310546875 1459.92639160156 1385.07922363281 1197.40197753906 1236.87646484375 1354.97631835938 1261.90832519531 1128.37756347656 1125.74353027344 1148.84692382812 1013.49658203125 974.633666992188 977.889892578125 979.284729003906 1018.21862792969 1089.08410644531 1133.93737792969 1158.5029296875 1162.7958984375 1220.97595214844 1266.39111328125 1245.38684082031 1185.49951171875 1194.90405273438 1169.17822265625 1108.97229003906 1083.97021484375 1068.31750488281 1067.23693847656 1022.15960693359 943.468444824219 985.084045410156 1101.91552734375 1192.67761230469 1109.81750488281 948.292297363281
872.41015625 869.692016601562 870.061950683594 879.773315429688 872.382690429688 861.833740234375 887.982849121094 920.056823730469 946.691467285156 925.864562988281 921.859497070312 932.349426269531 1013.82177734375 1123.86279296875 1504.93347167969 1576.75231933594 1359.59020996094 1223.21606445312 1058.39880371094 1031.26184082031 1113.2666015625 1053.47277832031 971.583312988281 971.443298339844 966.357360839844 889.020263671875 880.083251953125 927.042541503906 968.612854003906 1040.91247558594 1099.7041015625 1118.65673828125 1127.15100097656 1141.97570800781 1145.48498535156 1207.404296875 1247.33227539062 1252.67138671875 1234.91906738281 1179.67956542969 1124.31433105469 1100.80163574219 1095.5302734375 1041.08776855469 1034.44702148438 995.920776367188 968.615844726562 1058.72253417969 1206.04052734375 1231.67309570312 1095.32885742188
928.879638671875 936.617614746094 923.04150390625 902.065856933594 887.766784667969 891.394348144531 922.742797851562 969.264831542969 1009.62756347656 976.43212890625 982.723693847656 1007.82958984375 1151.28466796875 1305.10522460938 1760.81750488281 1423.70812988281 1463.83447265625 1272.42895507812 1069.64709472656 929.937927246094 863.703125 864.164978027344 905.754333496094 872.213195800781 808.845336914062 851.092712402344 918.912292480469 986.102905273438 1022.87115478516 1014.67834472656 1045.97973632812 1081.91271972656 1122.28356933594 1130.60559082031 1080.068359375 1140.71374511719 1181.13891601562 1211.14489746094 1158.04382324219 1151.95263671875 1195.0390625 1184.40051269531 1148.73559570312 1100.69262695312 1053.69067382812 989.958862304688 970.462158203125 1080.90393066406 1149.94030761719 1207.64440917969 1086.82531738281
980.385437011719 1032.89013671875 1006.86029052734 971.18359375 993.188781738281 955.93798828125 984.431762695312 1043.11865234375 1087.09094238281 1085.19274902344 1099.49975585938 1275.27795410156 1587.0859375 1618.43603515625 1814.63171386719 1585.00500488281 1200.96374511719 958.802795410156 875.33642578125 766.712646484375 792.237060546875 868.27734375 865.215209960938 798.996032714844 737.037292480469 827.692077636719 955.702697753906 1001.90155029297 986.918090820312 957.563903808594 970.766906738281 1074.87182617188 1093.28527832031 1050.59289550781 1079.24560546875 1115.22741699219 1134.24279785156 1155.57653808594 1190.3046875 1180.79467773438 1169.76342773438 1230.92749023438 1247.71411132812 1178.31994628906 1045.10888671875 978.702331542969 1052.66027832031 1240.71374511719 1265.71032714844 1251.87316894531 1236.05908203125
1133.85766601562 1165.19226074219 1180.72412109375 1199.11267089844 1185.70678710938 1104.21142578125 1130.95166015625 1170.49853515625 1300.69091796875 1306.24865722656 1347.33752441406 1398.82495117188 1286.857421875 1132.97424316406 1085.45532226562 973.797302246094 922.698608398438 938.660217285156 804.57958984375 688.141479492188 750.563049316406 786.68310546875 815.566711425781 730.594116210938 763.993591308594 934.602111816406 952.983825683594 969.583312988281 1004.59460449219 905.14013671875 832.338134765625 853.011474609375 917.365173339844 1049.04602050781 1230.42529296875 1290.62524414062 1301.92077636719 1288.37365722656 1271.24609375 1330.57824707031 1298.724609375 1358.58068847656 1307.38977050781 1294.77172851562 1120.79235839844 1006.33435058594 1124.26953125 1288.03759765625 1252.9404296875 1245.60046386719 1288.43029785156
1319.68212890625 1343.55053710938 1317.83740234375 1254.05834960938 1171.19921875 1134.29931640625 1189.00646972656 1252.65368652344 1344.48095703125 1376.20678710938 1396.26745605469 1428.58972167969 1104.38305664062 907.377563476562 974.705627441406 940.883728027344 785.600280761719 735.468322753906 667.045288085938 648.35986328125 707.995056152344 721.065490722656 741.674438476562 688.186767578125 816.843627929688 896.017150878906 899.860656738281 969.395080566406 989.799133300781 871.07177734375 891.735961914062 986.316162109375 1071.34692382812 1098.30249023438 1173.41223144531 1258.76489257812 1328.6357421875 1330.12768554688 1353.76672363281 1385.24584960938 1436.46752929688 1509.92822265625 1411.5576171875 1383.89184570312 1282.14135742188 1097.9814453125 1050.21496582031 1219.1357421875 1221.06481933594 1156.16052246094 1195.18994140625
1467.75134277344 1345.64782714844 1282.00830078125 1267.63854980469 1288.1083984375 1274.63940429688 1226.85974121094 1105.20263671875 1167.07214355469 1070.64953613281 1074.57983398438 1120.22644042969 919.784301757812 829.644592285156 767.694519042969 729.646911621094 679.052062988281 696.151184082031 658.823364257812 649.280639648438 663.421264648438 663.493469238281 672.237060546875 772.607238769531 877.749572753906 840.882263183594 885.500427246094 953.599426269531 907.655395507812 832.62451171875 923.835266113281 950.465515136719 963.336730957031 954.573608398438 1002.21038818359 1094.17358398438 1233.21398925781 1356.49670410156 1458.3720703125 1520.14868164062 1553.54479980469 1639.67724609375 1528.23913574219 1454.83813476562 1343.90124511719 1156.47424316406 1034.64331054688 1122.95703125 1190.77734375 1091.43310546875 1225.48095703125
1661.3984375 1585.47607421875 1529.55126953125 1429.94372558594 1248.6435546875 1147.9443359375 1054.15710449219 953.730102539062 902.794555664062 791.560363769531 836.698059082031 835.609497070312 737.285339355469 695.747375488281 644.379028320312 695.99462890625 671.517211914062 666.161499023438 660.247253417969 617.801696777344 608.047424316406 638.959655761719 753.178344726562 860.734924316406 830.623779296875 827.176940917969 892.047729492188 871.906372070312 796.560119628906 784.953002929688 844.816162109375 786.528625488281 816.110412597656 852.9189453125 937.859313964844 1071.32922363281 1206.8642578125 1324.77917480469 1463.48461914062 1556.77905273438 1578.50183105469 1646.08154296875 1603.19470214844 1453.93469238281 1314.08288574219 1183.03503417969 1061.55944824219 1076.20007324219 1124.97180175781 1104.88244628906 1316.8916015625
1590.46911621094 1493.65734863281 1435.83020019531 1347.22937011719 1134.666015625 1060.75476074219 1093.40222167969 1010.68450927734 793.198913574219 713.200622558594 710.541809082031 637.899841308594 588.510314941406 620.723937988281 626.738708496094 677.062744140625 675.164611816406 632.020263671875 624.256164550781 595.918029785156 605.059997558594 708.220153808594 802.638549804688 812.340209960938 787.716064453125 824.850830078125 794.608703613281 749.941345214844 762.510986328125 740.91357421875 830.306579589844 883.501708984375 808.220153808594 883.385803222656 923.082275390625 1005.68756103516 1126.03393554688 1300.13549804688 1422.61938476562 1526.59057617188 1579.28295898438 1635.09802246094 1533.34155273438 1411.16735839844 1336.0771484375 1264.88269042969 1130.97021484375 1044.65673828125 997.487670898438 1091.98657226562 1346.01782226562
1453.10217285156 1161.59838867188 1233.06616210938 1100.61657714844 864.084655761719 806.414611816406 854.366821289062 881.773071289062 789.797790527344 658.413940429688 575.486389160156 537.794860839844 576.473266601562 630.650390625 606.863464355469 655.613525390625 662.446105957031 617.872497558594 595.549377441406 585.84375 635.386535644531 726.041748046875 749.299255371094 744.278869628906 769.309326171875 759.605041503906 704.757446289062 774.031921386719 814.905578613281 777.070556640625 845.53271484375 896.594116210938 879.169982910156 927.904418945312 981.202697753906 1051.02465820312 1085.32958984375 1279.24255371094 1422.94665527344 1446.99890136719 1479.08435058594 1616.77453613281 1549.89282226562 1479.17541503906 1432.76953125 1353.35461425781 1212.6357421875 1038.97290039062 952.355163574219 1135.75439453125 1265.24719238281
