DATA/PredictorVariables/2_test_multicolinealidad_seleccion_variables/2_1_Resultados/variables_seleccionadas/alt.asc
NCOLS 166 
NROWS 105 
XLLCORNER -9.416666667 
YLLCORNER 35.166666667 
CELLSIZE 0.0833333333313253 
NODATA_value -9999 
[rows 44 to 65 of 105, columns 51 to 101 of 166]
864.86181640625 633.675170898438 652.27392578125 558.262939453125 602.773559570312 659.957763671875 692.843139648438 712.564819335938 616.612426757812 508.904998779297 507.600891113281 559.022644042969 613.768310546875 619.362426757812 586.423461914062 647.421813964844 633.711791992188 620.603881835938 585.9873046875 579.992370605469 624.217590332031 692.81689453125 731.404235839844 740.347900390625 706.088012695312 653.665161132812 701.28369140625 859.44921875 868.564453125 823.802612304688 907.561706542969 901.582885742188 921.797729492188 941.4208984375 1010.14422607422 1073.60363769531 1083.20373535156 1248.4443359375 1340.3115234375 1384.40893554688 1484.24487304688 1509.24328613281 1485.56555175781 1429.86328125 1420.16833496094 1274.62487792969 1117.85339355469 1012.62872314453 1067.95361328125 1293.67053222656 1282.20190429688
457.102874755859 488.449584960938 517.160949707031 535.359375 679.430725097656 728.385803222656 549.109741210938 492.89404296875 470.988098144531 493.558654785156 543.909606933594 588.769409179688 601.62548828125 572.276428222656 605.392211914062 603.894714355469 592.465270996094 619.285095214844 569.570983886719 573.017272949219 654.494995117188 722.077819824219 708.176818847656 652.769226074219 612.280883789062 650.8759765625 740.70166015625 864.082275390625 907.064147949219 896.935302734375 964.645080566406 979.4140625 980.667358398438 1039.12377929688 1038.66088867188 992.162536621094 1062.33435058594 1205.88354492188 1309.53002929688 1364.69750976562 1325.62048339844 1351.84460449219 1303.18041992188 1322.32189941406 1334.330078125 1194.81689453125 951.401000976562 997.967895507812 1252.90502929688 1607.52294921875 1530.23767089844
375.956451416016 399.780334472656 442.199401855469 520.549499511719 491.503723144531 439.598205566406 428.461029052734 447.143188476562 468.715515136719 502.425933837891 546.673583984375 563.523193359375 551.260375976562 526.541320800781 567.61962890625 536.647033691406 557.954895019531 557.186828613281 529.652587890625 559.750183105469 591.088745117188 602.269226074219 597.368957519531 638.068603515625 704.279846191406 751.827819824219 786.123046875 854.223571777344 901.628112792969 911.306030273438 934.666809082031 999.094360351562 990.820922851562 1057.18371582031 1009.73876953125 935.751342773438 992.225646972656 1123.42822265625 1217.61657714844 1169.33325195312 1179.25024414062 1265.53393554688 1176.42492675781 1258.33142089844 1291.4716796875 1189.24072265625 958.232543945312 1077.47021484375 1351.6962890625 1561.31115722656 1471.58959960938
355.625518798828 390.071380615234 426.307495117188 399.498504638672 403.872985839844 409.925018310547 429.249084472656 481.782623291016 534.02587890625 549.296997070312 528.297119140625 507.617065429688 497.208953857422 523.256469726562 518.074462890625 493.303039550781 500.410003662109 543.678039550781 619.239379882812 688.895812988281 727.397155761719 735.550659179688 732.964538574219 766.435302734375 787.949035644531 793.602294921875 805.742492675781 859.211608886719 881.632629394531 856.473083496094 870.332092285156 936.349731445312 956.889892578125 987.118530273438 969.6181640625 972.548278808594 1031.8974609375 1072.12866210938 1092.26123046875 1037.32580566406 1051.67651367188 1071.87524414062 1143.26965332031 1173.72631835938 1159.44177246094 1091.826171875 973.975280761719 932.779968261719 1044.6220703125 1211.43933105469 1345.02233886719
380.814819335938 390.764862060547 382.443756103516 417.868988037109 509.82177734375 483.691589355469 461.292175292969 448.476104736328 468.792175292969 494.424896240234 502.762908935547 492.228515625 522.037048339844 547.682556152344 530.414978027344 520.48046875 546.614990234375 581.250122070312 639.699584960938 683.526428222656 710.921813964844 720.139892578125 738.341003417969 755.291259765625 759.296325683594 763.258361816406 793.340515136719 832.685180664062 850.198303222656 857.428344726562 872.484924316406 878.090209960938 935.392517089844 922.276428222656 905.373107910156 971.076477050781 1048.97631835938 1093.06518554688 1093.59655761719 1025.46667480469 1063.85375976562 1001.49060058594 1107.12548828125 1194.00024414062 1104.80700683594 1032.77575683594 1050.46838378906 939.7822265625 877.980102539062 941.450073242188 1043.90844726562
389.890594482422 423.353057861328 455.166870117188 486.432098388672 556.909912109375 561.565368652344 543.759582519531 559.091857910156 543.845153808594 495.175933837891 545.117736816406 617.328125 634.357543945312 678.363830566406 677.382995605469 650.02490234375 630.895812988281 618.241821289062 618.326110839844 638.738098144531 673.092590332031 690.689758300781 715.681701660156 728.687255859375 725.163330078125 742.683715820312 770.297729492188 817.402282714844 859.713439941406 871.42431640625 835.024353027344 860.850280761719 903.475708007812 883.34521484375 868.187072753906 913.626220703125 974.514770507812 1037.96557617188 1047.61328125 1008.77490234375 1012.5751953125 982.323364257812 958.198913574219 1004.056640625 980.1875 1036.66638183594 1007.11383056641 908.965881347656 763.832275390625 753.038391113281 795.696472167969
506.334350585938 544.794189453125 636.704711914062 642.886474609375 666.291137695312 677.682800292969 688.667907714844 678.955627441406 667.198425292969 645.573059082031 685.601989746094 738.936218261719 711.232177734375 754.609802246094 755.358703613281 727.706359863281 715.212036132812 696.515014648438 677.103881835938 671.173706054688 680.494018554688 699.542175292969 692.802612304688 700.793273925781 709.786926269531 731.654968261719 758.894104003906 813.49072265625 829.205505371094 850.769226074219 827.929931640625 840.009704589844 903.191650390625 889.756042480469 832.962341308594 850.155395507812 923.878234863281 991.255737304688 1004.93090820312 1001.78485107422 980.101379394531 931.817077636719 887.335021972656 859.709289550781 933.892028808594 1006.08605957031 939.932189941406 898.200439453125 827.459899902344 704.512145996094 575.280883789062
640.68212890625 606.437561035156 770.915954589844 815.881713867188 833.553833007812 836.156372070312 855.79833984375 855.064453125 848.786010742188 761.419738769531 763.547302246094 833.683837890625 861.41357421875 842.710205078125 831.8525390625 780.193420410156 749.324096679688 735.361083984375 700.941345214844 692.671142578125 692.25927734375 697.526733398438 670.804870605469 677.520935058594 690.4619140625 710.419067382812 756.163940429688 796.91357421875 778.823059082031 805.670104980469 826.345703125 822.898498535156 875.862121582031 862.967102050781 824.926940917969 836.38134765625 865.348754882812 896.043884277344 917.585388183594 938.495910644531 950.39404296875 951.662902832031 876.706787109375 798.066528320312 885.505126953125 913.774719238281 856.880981445312 880.62451171875 955.274719238281 876.716369628906 662.065490722656
684.906005859375 645.309814453125 692.431701660156 754.842712402344 811.240112304688 834.267761230469 934.704956054688 870.913452148438 912.560729980469 911.888549804688 892.952575683594 865.938781738281 892.941345214844 912.201904296875 869.009338378906 776.614196777344 735.861633300781 724.202575683594 709.24072265625 698.725219726562 696.001281738281 674.538635253906 658.073974609375 665.762451171875 679.561706542969 688.992431640625 720.675598144531 751.369018554688 737.151611328125 763.216186523438 794.824523925781 796.1826171875 810.891052246094 803.038513183594 812.660339355469 851.914245605469 843.044555664062 825.422790527344 839.297546386719 851.114562988281 866.191772460938 865.526245117188 828.361938476562 756.490234375 800.999389648438 841.015075683594 790.75146484375 758.720825195312 810.102661132812 815.070922851562 815.823791503906
581.270935058594 577.219299316406 550.41748046875 570.767822265625 616.283203125 684.866149902344 766.497924804688 769.097412109375 843.326538085938 835.240417480469 782.590942382812 763.434814453125 893.200500488281 987.934631347656 949.878784179688 853.10986328125 784.941345214844 774.622375488281 735.055236816406 701.319580078125 685.564453125 656.725280761719 649.944396972656 669.506286621094 702.963439941406 686.999389648438 679.872131347656 694.735961914062 697.009521484375 710.522399902344 730.667602539062 738.055541992188 757.098571777344 759.819396972656 804.252014160156 828.456787109375 789.291137695312 787.22265625 798.362854003906 806.745910644531 791.606079101562 792.562316894531 757.2392578125 666.284729003906 674.390747070312 713.27294921875 677.992431640625 644.709899902344 681.511413574219 755.949035644531 784.48486328125
484.991760253906 486.943420410156 475.235717773438 484.946502685547 531.406860351562 593.768188476562 673.859069824219 765.853210449219 824.079467773438 824.497924804688 756.147583007812 813.286804199219 894.707153320312 889.441467285156 923.731506347656 871.820983886719 822.043334960938 851.109375 867.069946289062 767.643676757812 694.181884765625 656.783630371094 637.477722167969 646.642211914062 664.001342773438 657.274719238281 657.60205078125 669.660522460938 676.7822265625 686.449462890625 698.921447753906 703.279602050781 715.219482421875 726.651245117188 752.680603027344 765.989929199219 745.381713867188 755.34033203125 765.224975585938 767.24658203125 760.81103515625 747.998413085938 738.95166015625 679.77294921875 586.750671386719 541.289123535156 543.945617675781 557.4248046875 649.241760253906 683.568481445312 676.008483886719
417.915985107422 452.484954833984 559.887634277344 546.487976074219 549.348693847656 624.257263183594 634.842224121094 669.744689941406 675.665710449219 639.608337402344 626.442932128906 710.46533203125 830.981262207031 829.083557128906 793.689392089844 809.305236816406 861.05078125 864.985534667969 888.116577148438 754.633850097656 667.650268554688 639.361938476562 632.499450683594 636.296691894531 640.770935058594 645.024475097656 653.103759765625 664.713317871094 676.366455078125 688.953918457031 705.368530273438 706.890014648438 710.585327148438 719.703674316406 729.320190429688 735.047424316406 729.238342285156 730.11962890625 729.648010253906 724.171142578125 717.066589355469 717.815185546875 705.09326171875 702.955444335938 703.805541992188 665.266479492188 612.036865234375 574.454284667969 560.127807617188 590.871337890625 614.680969238281
420.231475830078 449.203735351562 532.68994140625 630.932800292969 598.495910644531 584.179260253906 585.731506347656 664.908081054688 717.312316894531 682.656372070312 610.714721679688 631.363525390625 762.566101074219 785.645874023438 735.26416015625 678.064575195312 684.640380859375 738.404357910156 699.056213378906 629.202453613281 631.498046875 641.015686035156 647.100341796875 651.616271972656 655.855712890625 657.508666992188 663.333740234375 677.494140625 698.31396484375 720.652099609375 740.747131347656 747.349243164062 754.751159667969 728.532592773438 719.845458984375 713.929321289062 713.500671386719 704.702575683594 700.155151367188 693.912536621094 680.533203125 675.58740234375 682.962524414062 660.213500976562 670.071533203125 689.642639160156 716.755004882812 731.905395507812 620.824768066406 504.559783935547 725.260009765625
460.171813964844 509.346832275391 548.592041015625 597.795288085938 680.212646484375 613.385131835938 612.1533203125 696.303955078125 742.424682617188 726.784973144531 690.994995117188 656.9150390625 698.704040527344 715.551330566406 658.140380859375 622.626525878906 619.751586914062 616.921569824219 620.636840820312 629.933837890625 639.765319824219 645.201965332031 650.629272460938 660.785766601562 669.93212890625 679.471984863281 703.76611328125 738.756164550781 766.7373046875 791.39794921875 801.822021484375 809.652587890625 831.764404296875 800.729064941406 753.497741699219 719.663696289062 703.986633300781 698.626770019531 690.058776855469 681.383056640625 668.033386230469 667.93017578125 665.760986328125 696.133605957031 742.755249023438 824.232482910156 895.804992675781 861.364685058594 763.954406738281 585.0810546875 823.495788574219
449.069274902344 501.113891601562 527.893188476562 596.047424316406 657.091735839844 660.9150390625 606.554321289062 603.18115234375 656.337585449219 708.017822265625 679.375549316406 644.761596679688 680.112915039062 647.427917480469 628.221130371094 618.808532714844 615.023864746094 620.338928222656 628.284301757812 637.238525390625 644.785705566406 652.259033203125 672.356140136719 697.192749023438 716.054626464844 746.853698730469 795.705810546875 842.574768066406 872.819641113281 895.018188476562 900.484008789062 901.769470214844 935.949157714844 900.394714355469 826.454406738281 746.509094238281 704.423889160156 690.804809570312 682.547485351562 680.451416015625 684.536560058594 716.515747070312 782.172180175781 835.350036621094 908.591857910156 981.008911132812 1024.59484863281 900.592834472656 794.479675292969 669.775817871094 858.753540039062
456.58984375 532.515319824219 537.891784667969 574.692932128906 598.104614257812 612.188171386719 610.311584472656 658.79052734375 613.626281738281 630.151245117188 663.496826171875 639.727355957031 647.627807617188 620.123474121094 628.913146972656 630.143127441406 629.588317871094 633.293884277344 643.505493164062 660.474060058594 663.496337890625 667.776733398438 699.3369140625 746.819091796875 786.060485839844 831.15478515625 865.633605957031 878.96435546875 911.153137207031 945.179443359375 972.10107421875 994.004272460938 1021.44732666016 983.175231933594 884.7294921875 780.387939453125 727.522277832031 700.759216308594 687.513366699219 692.908325195312 723.6298828125 811.143249511719 896.020324707031 928.135864257812 976.962524414062 965.593627929688 914.083374023438 857.903686523438 779.103820800781 789.874877929688 923.359558105469
456.496917724609 501.202667236328 512.540466308594 541.713989257812 565.12548828125 583.130310058594 655.245910644531 701.331298828125 645.065490722656 633.348754882812 680.355285644531 665.012023925781 654.881713867188 653.386474609375 657.008911132812 651.3271484375 663.825439453125 671.614868164062 680.209899902344 728.323364257812 709.07373046875 689.5966796875 729.636840820312 775.247253417969 806.052490234375 838.281555175781 894.722595214844 913.277770996094 920.716064453125 947.515441894531 974.382690429688 1003.96264648438 1025.92797851562 985.987670898438 922.505126953125 835.457458496094 781.314819335938 746.837097167969 719.181091308594 739.839477539062 770.767517089844 829.627258300781 875.771606445312 895.913940429688 912.479431152344 891.854919433594 843.292846679688 831.603210449219 770.992797851562 775.738708496094 825.075805664062
463.288421630859 425.809143066406 476.417572021484 500.407073974609 512.592956542969 528.886535644531 610.085266113281 648.5693359375 664.138305664062 667.5771484375 668.185119628906 674.276184082031 673.485168457031 688.608581542969 741.723022460938 716.405578613281 667.502380371094 681.853271484375 691.326843261719 728.002807617188 715.404602050781 715.377563476562 761.351745605469 788.475219726562 801.35986328125 834.391967773438 897.389099121094 939.069641113281 956.731079101562 975.336547851562 995.95458984375 1010.17340087891 1017.79071044922 1000.25146484375 986.307922363281 954.949340820312 932.673889160156 887.022338867188 830.029541015625 822.490539550781 833.681701660156 844.765625 873.450073242188 890.161315917969 890.240539550781 856.076843261719 810.928161621094 823.157409667969 840.623657226562 815.892028808594 693.492370605469
448.935882568359 444.000305175781 463.796478271484 446.837554931641 463.229156494141 508.546478271484 556.866149902344 605.042663574219 673.215637207031 734.794250488281 722.60107421875 702.41552734375 691.915405273438 738.970153808594 820.869689941406 795.961364746094 690.591003417969 685.035949707031 719.024719238281 715.561706542969 712.159362792969 734.604736328125 776.822998046875 800.710266113281 816.48193359375 840.48779296875 885.052917480469 938.909484863281 976.722900390625 971.949462890625 932.1201171875 939.64599609375 1041.48547363281 1127.97143554688 1161.60595703125 1151.11901855469 1134.94921875 1031.38684082031 915.7353515625 842.903869628906 853.036560058594 833.888732910156 822.039916992188 815.117370605469 814.106323242188 836.272644042969 783.71826171875 747.606323242188 749.652160644531 731.369506835938 581.740295410156
444.741760253906 456.967651367188 523.588806152344 468.966064453125 515.579772949219 602.001342773438 632.196472167969 658.69287109375 692.84033203125 730.802490234375 748.3037109375 740.896911621094 756.04833984375 770.6171875 723.447387695312 683.127563476562 716.4375 699.882019042969 740.140930175781 745.624389648438 759.222900390625 755.748962402344 797.989685058594 866.975280761719 851.088134765625 849.93017578125 877.376892089844 927.865234375 915.22802734375 900.570617675781 841.210205078125 1004.19903564453 1198.27966308594 1289.89123535156 1186.36303710938 1146.30395507812 1103.08544921875 996.6796875 891.476135253906 813.246215820312 759.105712890625 724.483520507812 702.736633300781 700.307495117188 708.452453613281 765.26953125 789.022521972656 745.955322265625 646.338806152344 612.506530761719 568.282592773438
515.081604003906 503.923004150391 510.505249023438 498.549957275391 494.534515380859 510.307464599609 598.789794921875 756.550415039062 844.207885742188 793.056945800781 765.3515625 729.150390625 650.518493652344 662.438171386719 704.385131835938 696.691467285156 692.814208984375 746.499938964844 767.905029296875 779.989562988281 810.751586914062 826.617309570312 838.56884765625 849.442138671875 838.608276367188 823.736877441406 887.75 854.370361328125 783.847106933594 789.597290039062 944.721557617188 1248.20849609375 1317.89392089844 1326.63354492188 1160.88098144531 1036.82189941406 948.406372070312 844.278015136719 730.774963378906 695.598510742188 681.851440429688 614.192687988281 556.964233398438 577.478637695312 636.827941894531 661.045959472656 699.389099121094 683.369812011719 605.656005859375 649.513732910156 717.614990234375
561.61181640625 540.338745117188 563.790222167969 589.82763671875 588.45654296875 582.904113769531 574.523315429688 598.487243652344 713.763061523438 852.367980957031 890.163452148438 869.589111328125 801.616821289062 685.742797851562 603.904907226562 723.373352050781 856.612915039062 945.39794921875 962.775024414062 835.168701171875 812.508117675781 803.356323242188 771.836853027344 765.356872558594 792.431640625 825.863647460938 798.56884765625 742.597717285156 736.95361328125 839.08349609375 985.130798339844 1050.87670898438 1184.02136230469 1238.27282714844 1024.13806152344 912.479919433594 817.6279296875 726.523864746094 701.4482421875 632.424987792969 512.456359863281 476.483856201172 493.682678222656 558.852233886719 632.1513671875 595.813110351562 557.696411132812 648.721862792969 729.956787109375 697.608459472656 618.300354003906
