DATA/PredictorVariables/2_test_multicolinealidad_seleccion_variables/2_1_Resultados/variables_seleccionadas/alt.asc
NCOLS 166 
NROWS 105 
XLLCORNER -9.416666667 
YLLCORNER 35.166666667 
CELLSIZE 0.0833333333313253 
NODATA_value -9999 
[rows 0 to 21 of 105, columns 0 to 50 of 166]
-9999.000000000000000 -9999 -9999 -9999 -9999 -9999 -9999 -9999 -9999 -9999 -9999 -9999 -9999 -9999 -9999 -9999 -9999 -9999 190.797622680664 -9999 110.694442749023 -9999 -9999 -9999 -9999 -9999 -9999 -9999 -9999 -9999 -9999 -9999 -9999 -9999 -9999 -9999 -9999 -9999 -9999 -9999 -9999 -9999 -9999 -9999 -9999 -9999 -9999 -9999 -9999 -9999 -9999
-9999 -9999 -9999 -9999 -9999 -9999 -9999 -9999 -9999 -9999 -9999 -9999 -9999 -9999 -9999 -9999 -9999 388 190.797622680664 -9999 110.694442749023 29 -9999 -9999 -9999 -9999 -9999 -9999 -9999 -9999 -9999 -9999 -9999 -9999 -9999 -9999 -9999 -9999 -9999 -9999 -9999 -9999 -9999 -9999 -9999 -9999 -9999 -9999 -9999 -9999 -9999
-9999 -9999 -9999 -9999 -9999 -9999 -9999 -9999 -9999 -9999 -9999 -9999 -9999 -9999 -9999 127.846343994141 210.987976074219 304.978790283203 123.698257446289 137.983184814453 161.350128173828 133.272262573242 116.876823425293 61.3248863220215 24.6504802703857 5.42669773101807 -9999 -9999 -9999 -9999 -9999 -9999 -9999 -9999 -9999 -9999 -9999 -9999 -9999 -9999 -9999 -9999 42.5636253356934 33.4952392578125 -9999 -9999 -9999 -9999 -9999 -9999 -9999
-9999 -9999 -9999 -9999 -9999 -9999 -9999 -9999 -9999 -9999 -9999 -9999 -9999 59.6180572509766 95.7978286743164 102.981460571289 169.400650024414 239.51806640625 213.198638916016 309.491302490234 355.987182617188 262.152069091797 310.259002685547 285.323608398438 167.510025024414 49.2504730224609 72.4636383056641 80.828727722168 34.8501586914062 42.1610336303711 68.1740951538086 87.0667419433594 71.8994140625 91.2229156494141 93.4638900756836 102.65274810791 162.606201171875 193.433883666992 134.864944458008 145.289245605469 84.6881332397461 59.5210189819336 45.6434669494629 40.6346130371094 25.2315216064453 45.7923965454102 108.016258239746 130.758117675781 85.5208358764648 -9999 -9999
-9999 -9999 -9999 -9999 -9999 -9999 -9999 -9999 -9999 -9999 -9999 -9999 79.4633407592773 73.7903442382812 95.5595703125 144.105407714844 233.426193237305 291.492614746094 370.69775390625 493.746643066406 483.488708496094 437.734222412109 508.458770751953 372.179656982422 202.406723022461 123.406860351562 138.739974975586 116.728492736816 54.2399215698242 109.053314208984 127.7822265625 157.273391723633 126.709205627441 170.567718505859 161.729522705078 138.569778442383 225.081268310547 286.139709472656 191.014953613281 160.787170410156 127.108863830566 126.968124389648 101.865867614746 93.8037948608398 62.9423141479492 85.6471633911133 141.735443115234 131.107467651367 95.7510986328125 99.5876159667969 108.499076843262
-9999 -9999 -9999 -9999 -9999 -9999 -9999 -9999 -9999 -9999 -9999 59.2777786254883 41.8280487060547 89.4999008178711 83.1347045898438 190.28694152832 341.622650146484 402.951446533203 445.227600097656 516.93408203125 609.716003417969 676.800964355469 705.239868164062 492.536193847656 341.619689941406 267.823455810547 291.777465820312 228.756973266602 213.876800537109 375.489318847656 392.804534912109 366.666168212891 326.869201660156 448.021270751953 374.400726318359 337.557647705078 468.539794921875 527.026306152344 322.509857177734 214.649063110352 221.415054321289 265.427459716797 213.990737915039 163.614471435547 166.990509033203 240.176376342773 275.365447998047 204.321640014648 205.604019165039 224.910049438477 206.466903686523
-9999 -9999 -9999 -9999 -9999 -9999 83.0862045288086 46.0855674743652 21.1296291351318 99.6770858764648 59.7832336425781 77.9789428710938 52.5307502746582 68.4960632324219 87.9708480834961 230.549423217773 398.072021484375 457.119689941406 488.921813964844 485.947875976562 540.839477539062 572.468078613281 618.654663085938 578.66015625 514.484558105469 428.618316650391 309.214324951172 352.034973144531 552.568603515625 660.450988769531 621.8466796875 510.253784179688 625.503784179688 665.898132324219 513.898132324219 571.768859863281 623.956787109375 537.3974609375 355.835052490234 308.634765625 257.552825927734 236.4423828125 228.595672607422 249.497604370117 265.664611816406 360.124481201172 400.876892089844 379.017486572266 335.363159179688 374.538421630859 329.530853271484
-9999 -9999 -9999 -9999 -9999 91.3938217163086 83.9904098510742 96.4281463623047 93.8043518066406 133.062423706055 145.138870239258 167.143737792969 107.024505615234 84.3396072387695 116.565727233887 250.293899536133 419.879577636719 537.42236328125 532.734252929688 490.776214599609 465.735412597656 461.302368164062 448.971343994141 481.902191162109 507.988342285156 503.437622070312 437.567016601562 589.971740722656 713.119201660156 727.621459960938 553.604736328125 595.804260253906 824.620727539062 799.928344726562 584.952392578125 578.779174804688 600.881591796875 699.8388671875 553.151062011719 586.487854003906 586.233947753906 485.424011230469 413.255493164062 389.072601318359 432.874938964844 482.838928222656 526.077758789062 603.986267089844 582.803955078125 644.523010253906 512.065673828125
-9999 -9999 66.3690795898438 103.127906799316 121.452026367188 141.984588623047 167.751159667969 170.584548950195 151.270278930664 225.047500610352 371.214233398438 311.505767822266 259.832885742188 203.685195922852 230.572372436523 372.724975585938 462.368530273438 519.824890136719 499.51416015625 497.931579589844 435.688507080078 435.218444824219 407.241394042969 426.710113525391 481.597381591797 565.249267578125 524.992980957031 634.9931640625 727.796997070312 658.204711914062 534.809204101562 705.057678222656 862.844360351562 789.459167480469 666.48095703125 699.461059570312 896.522888183594 785.769104003906 926.304626464844 857.27685546875 811.945007324219 859.764038085938 750.141967773438 517.110656738281 591.664184570312 661.418029785156 765.383850097656 798.875305175781 799.957702636719 989.77197265625 978.569213867188
-9999 -9999 67.3170700073242 107.386184692383 193.889434814453 223.207794189453 295.580017089844 341.990386962891 340.549041748047 389.465362548828 375.686676025391 330.799499511719 348.793212890625 348.043334960938 401.172943115234 481.046295166016 506.787261962891 553.657958984375 515.632690429688 519.158325195312 497.991302490234 421.660491943359 426.880554199219 467.174224853516 559.671813964844 639.1474609375 648.01953125 765.510986328125 702.078735351562 739.31982421875 622.708190917969 895.141845703125 932.250122070312 843.185180664062 792.346130371094 1016.00500488281 1202.14819335938 1064.98742675781 1202.59069824219 1185.11694335938 1087.25402832031 1079.53540039062 874.997924804688 790.213073730469 926.438049316406 945.06689453125 927.837585449219 1153.76098632812 1277.31140136719 1292.90576171875 1320.7373046875
-9999 117.214286804199 131.554214477539 187.795455932617 313.374969482422 326.557678222656 344.531890869141 373.38330078125 367.925720214844 371.094085693359 345.020355224609 285.984191894531 309.064575195312 341.424377441406 377.926574707031 440.404663085938 528.765686035156 635.51123046875 577.138061523438 505.283935546875 508.811614990234 469.365905761719 466.146331787109 528.570617675781 590.522644042969 701.155639648438 745.911315917969 662.549926757812 719.072204589844 569.010192871094 676.280517578125 897.981262207031 1085.64599609375 974.078857421875 1112.64184570312 1238.48132324219 1534.07702636719 1611.82543945312 1533.95458984375 1714.93530273438 1615.89453125 1538.09997558594 1231.18798828125 1085.37365722656 1444.40344238281 1508.97290039062 1449.39855957031 1611.44738769531 1613.63513183594 1431.17419433594 1471.40246582031
62.1170616149902 85.0271148681641 115.665908813477 277.934112548828 334.725006103516 332.487030029297 334.236297607422 329.449829101562 305.546081542969 316.417694091797 273.157836914062 279.078430175781 311.240844726562 347.584777832031 391.978179931641 434.835052490234 530.366943359375 595.818237304688 618.905212402344 561.314880371094 587.379333496094 545.686096191406 465.257995605469 445.029632568359 512.734924316406 672.207458496094 721.796264648438 717.788269042969 575.601013183594 619.521667480469 855.027404785156 953.122985839844 1037.89819335938 1178.72387695312 1326.41479492188 1453.10290527344 1367.65380859375 1400.43298339844 1406.90344238281 1484.63403320312 1416.06896972656 1436.05090332031 1532.30932617188 1460.5595703125 1372.02270507812 1461.05224609375 1394.34716796875 1527.69506835938 1382.02001953125 1283.69262695312 1303.77758789062
-9999 42.3571434020996 46.6051712036133 194.438110351562 322.043609619141 301.254150390625 285.254058837891 284.983428955078 204.610427856445 196.117630004883 260.856536865234 316.703460693359 278.684844970703 316.987884521484 338.585632324219 351.907409667969 406.052917480469 478.424224853516 543.653991699219 588.04638671875 533.4677734375 487.003784179688 464.390045166016 440.822814941406 502.297332763672 616.63671875 749.060607910156 653.969116210938 648.564575195312 880.964477539062 1160.32995605469 1370.57507324219 1369.91271972656 1273.30859375 1317.59338378906 1319.41845703125 1405.87145996094 1594.31762695312 1528.19665527344 1599.67895507812 1600.5146484375 1399.68310546875 1337.00817871094 1411.51770019531 1311.0908203125 1302.51745605469 1240.26550292969 1387.56225585938 1230.09606933594 1191.03686523438 1282.74731445312
-9999 -9999 95.4194107055664 108.079467773438 172.539642333984 171.814346313477 178.324691772461 307.409301757812 199.148986816406 168.815963745117 164.809631347656 223.785278320312 227.750335693359 258.157287597656 383.647918701172 437.687591552734 480.906219482422 552.625732421875 566.841003417969 609.191040039062 568.154174804688 477.067230224609 546.484985351562 556.603759765625 520.215698242188 733.071716308594 880.807861328125 828.126098632812 878.859497070312 1015.93432617188 1308.263671875 1225.39050292969 1048.97412109375 968.166320800781 957.833251953125 1181.68701171875 1444.23156738281 1521.74450683594 1465.30847167969 1352.06921386719 1273.5419921875 1209.51599121094 1157.46264648438 1192.42211914062 1193.75036621094 1103.06677246094 1053.20397949219 1116.7529296875 1056.86779785156 1050.93432617188 1090.98901367188
-9999 -9999 -9999 86.8362884521484 102.955726623535 244.730895996094 211.837310791016 204.320541381836 146.290649414062 193.457015991211 218.73503112793 239.313781738281 387.878936767578 434.314514160156 475.893310546875 541.869018554688 575.477600097656 668.408447265625 697.398498535156 588.322448730469 491.005035400391 566.498291015625 634.24462890625 564.881286621094 628.652282714844 813.335266113281 1014.60662841797 1041.88427734375 1087.779296875 992.313537597656 1070.60827636719 913.750305175781 791.790100097656 793.51611328125 855.530029296875 1010.59368896484 1110.20520019531 1108.7998046875 1197.58557128906 1285.98913574219 1218.7646484375 1132.28796386719 1050.49279785156 1055.62133789062 1057.74877929688 995.496826171875 955.691833496094 1007.99920654297 944.519775390625 1007.01062011719 984.455200195312
-9999 -9999 -9999 34.3958320617676 79.7021179199219 171.82243347168 83.9257888793945 65.480827331543 123.044944763184 183.313781738281 339.545959472656 428.253784179688 566.326110839844 627.992797851562 577.811706542969 589.608032226562 663.775390625 753.94580078125 723.654296875 583.5126953125 464.675933837891 562.983520507812 527.782897949219 449.953002929688 610.425903320312 814.491455078125 931.623474121094 1087.83227539062 1116.53125 986.350830078125 832.720153808594 695.587097167969 608.085021972656 635.123474121094 688.119018554688 779.884765625 872.034973144531 995.74072265625 1147.85729980469 1078.78601074219 1019.33642578125 1018.95849609375 962.552490234375 977.088134765625 979.850158691406 900.191345214844 879.595336914062 897.621032714844 885.662536621094 938.141967773438 926.295959472656
-9999 -9999 -9999 29.0617275238037 32.3912048339844 39.3991584777832 24.2110157012939 50.2882919311523 120.505744934082 196.377685546875 302.49658203125 483.844116210938 624.332885742188 689.938903808594 669.668212890625 627.380676269531 655.256042480469 737.9482421875 666.601623535156 602.627624511719 483.007385253906 489.687713623047 369.737243652344 404.862030029297 532.801086425781 660.831970214844 754.646911621094 1000.88623046875 1095.35693359375 962.311706542969 717.247924804688 574.860900878906 544.214782714844 610.051086425781 726.146484375 950.932434082031 1108.16870117188 1160.95520019531 1136.68566894531 1007.96752929688 938.674194335938 936.8779296875 888.335754394531 893.499267578125 903.260070800781 853.566101074219 821.54296875 816.845764160156 839.060241699219 872.950439453125 909.752624511719
-9999 -9999 -9999 -9999 18.4737663269043 20.0626544952393 35.5464744567871 108.540885925293 158.997924804688 147.601577758789 290.675170898438 490.209381103516 691.050415039062 675.957275390625 545.859985351562 489.904663085938 487.746368408203 500.295227050781 510.541381835938 468.978637695312 491.977142333984 443.935516357422 433.615264892578 506.844604492188 589.484558105469 620.694763183594 650.641174316406 823.719604492188 749.510986328125 671.235778808594 597.138427734375 601.40380859375 788.325378417969 1025.404296875 1186.71594238281 1305.19482421875 1312.17150878906 1189.21447753906 1045.47302246094 932.537353515625 879.780578613281 866.165344238281 836.811706542969 844.196838378906 853.613647460938 828.503295898438 782.006652832031 789.056640625 821.385437011719 856.921936035156 889.416198730469
-9999 -9999 -9999 -9999 -9999 12.2462959289551 29.7633571624756 98.5410766601562 204.997375488281 163.208023071289 248.144912719727 413.340179443359 700.440002441406 722.992553710938 464.362152099609 346.403289794922 313.830261230469 326.271270751953 298.399169921875 363.998046875 619.662902832031 752.462646484375 688.846374511719 697.919494628906 806.295288085938 765.308410644531 582.57421875 553.346374511719 882.266479492188 984.152587890625 873.924560546875 1041.70349121094 1252.47021484375 1190.26025390625 1367.34069824219 1518.19226074219 1443.47973632812 1146.74072265625 1026.28173828125 949.66357421875 866.59033203125 813.8251953125 798.504089355469 809.480895996094 816.223937988281 807.065856933594 765.586547851562 800.102172851562 828.809997558594 834.635925292969 851.088012695312
-9999 -9999 -9999 -9999 -9999 -9999 42.5361099243164 122.388633728027 204.664123535156 186.591278076172 300.900756835938 428.017608642578 567.5146484375 715.574584960938 560.044372558594 268.012359619141 331.546783447266 406.35205078125 317.089721679688 368.545013427734 609.282592773438 680.586853027344 898.946472167969 984.891906738281 1099.10180664062 1104.17651367188 829.101440429688 739.446838378906 940.674438476562 1217.486328125 1299.95825195312 1445.16613769531 1450.75842285156 1279.89709472656 1197.67370605469 1302.69372558594 1405.58471679688 1299.50634765625 1060.0205078125 904.018188476562 842.874084472656 800.602294921875 780.058654785156 781.624389648438 789.028564453125 783.82373046875 753.72021484375 822.324462890625 852.963745117188 823.72412109375 804.174194335938
-9999 -9999 -9999 -9999 -9999 23.2103900909424 30.2070865631104 76.1586761474609 163.225326538086 202.791702270508 189.94075012207 196.113128662109 424.341918945312 589.041625976562 430.685729980469 332.945831298828 405.477478027344 416.659515380859 494.903289794922 533.378356933594 603.176452636719 623.661071777344 911.28662109375 1210.78332519531 1318.07543945312 1396.35705566406 1100.35461425781 884.163940429688 1076.00500488281 1236.68737792969 1536.28564453125 1771.08813476562 1684.03295898438 1518.24108886719 1528.736328125 1450.54150390625 1273.25085449219 1170.92626953125 1005.17913818359 918.98779296875 857.745178222656 833.944763183594 789.466735839844 761.106872558594 767.310119628906 763.689880371094 750.693664550781 813.601440429688 804.836853027344 787.089965820312 773.357971191406
-9999 -9999 -9999 -9999 -9999 93.3240737915039 87.8640213012695 151.16455078125 277.800537109375 135.803497314453 111.92684173584 125.637405395508 373.540130615234 329.037963867188 412.169647216797 589.616271972656 722.872985839844 671.058898925781 695.271240234375 707.675903320312 624.932983398438 679.392639160156 827.121826171875 982.009399414062 1166.09362792969 1166.0888671875 992.033386230469 885.12548828125 1158.111328125 1373.91772460938 1539.09228515625 1550.76525878906 1252.67492675781 1132.03186035156 1139.15637207031 1130.80810546875 1055.43823242188 969.950500488281 884.055908203125 857.140930175781 822.889099121094 800.029602050781 780.665649414062 750.724182128906 757.581970214844 742.552795410156 752.433471679688 771.83642578125 756.524719238281 761.194885253906 760.203247070312
