DATA/PredictorVariables/2_test_multicolinealidad_seleccion_variables/2_1_Resultados/variables_seleccionadas/alt.asc
NCOLS 166 
NROWS 105 
XLLCORNER -9.416666667 
YLLCORNER 35.166666667 
CELLSIZE 0.0833333333313253 
NODATA_value -9999 
[rows 22 to 43 of 105, columns 0 to 50 of 166]
-9999 -9999 -9999 -9999 -9999 137.898498535156 248.896087646484 274.018737792969 193.233581542969 117.147804260254 162.411712646484 197.922119140625 273.141174316406 603.6533203125 876.731994628906 1023.65948486328 953.747680664062 840.780700683594 754.91748046875 704.93603515625 668.610229492188 685.234558105469 733.5029296875 660.140380859375 840.325439453125 927.551635742188 890.150268554688 1009.85229492188 1110.15661621094 1264.92651367188 1352.82507324219 1414.228515625 1076.36083984375 976.25 976.626647949219 955.6484375 917.414733886719 866.919494628906 824.792236328125 791.700866699219 768.351501464844 755.001403808594 761.444091796875 743.169494628906 738.63037109375 722.621948242188 744.745788574219 745.988037109375 759.001281738281 743.829772949219 752.3583984375
-9999 -9999 -9999 -9999 -9999 106.329765319824 160.214202880859 149.846282958984 123.604972839355 214.689407348633 442.960723876953 379.999389648438 506.729644775391 898.861572265625 827.743957519531 779.09326171875 753.533630371094 794.002502441406 885.558898925781 951.8798828125 884.113830566406 761.902954101562 685.19970703125 532.462707519531 663.463317871094 809.115844726562 768.066772460938 845.628479003906 957.238159179688 998.453186035156 1062.27062988281 1155.19812011719 949.965087890625 894.33056640625 899.344482421875 913.886535644531 896.654418945312 887.530334472656 862.761596679688 825.0107421875 781.911010742188 757.899536132812 739.063110351562 723.765075683594 711.164367675781 713.41748046875 728.941040039062 734.717468261719 733.0615234375 725.440124511719 755.519714355469
-9999 -9999 -9999 -9999 -9999 -9999 100.71508026123 154.558166503906 308.920440673828 281.495880126953 495.494171142578 278.816192626953 334.85595703125 599.547302246094 646.3330078125 708.771606445312 877.486938476562 1018.55865478516 1034.0576171875 1031.30590820312 1027.24658203125 801.202697753906 662.855651855469 486.182769775391 605.533935546875 766.538757324219 709.726684570312 691.23046875 827.619018554688 816.409118652344 859.594665527344 860.299377441406 746.52294921875 773.095703125 787.604614257812 835.146789550781 867.93310546875 896.367614746094 904.029846191406 893.426940917969 850.451965332031 779.799011230469 745.56787109375 724.385131835938 712.537719726562 703.173889160156 708.344970703125 703.9296875 712.443420410156 719.614196777344 737.102905273438
-9999 -9999 -9999 -9999 -9999 -9999 175.214813232422 208.705642700195 251.499893188477 150.121292114258 290.118621826172 292.356323242188 324.739379882812 467.527038574219 703.25244140625 935.895080566406 1008.76733398438 988.267578125 1011.498046875 973.827514648438 932.182189941406 813.100463867188 625.375854492188 466.518035888672 611.710876464844 738.027221679688 631.705322265625 600.757629394531 667.388977050781 800.988830566406 880.853210449219 774.55615234375 668.0908203125 708.42626953125 717.095031738281 769.558044433594 837.975769042969 828.615234375 814.363159179688 851.743835449219 858.461547851562 790.923645019531 735.08984375 713.972473144531 707.708557128906 691.677856445312 689.968688964844 710.308166503906 727.898498535156 717.497253417969 738.361877441406
-9999 -9999 -9999 -9999 -9999 -9999 122.264274597168 91.6858673095703 132.298492431641 173.620483398438 224.123153686523 297.375579833984 263.911193847656 427.235748291016 573.760009765625 649.041809082031 716.515441894531 813.543212890625 965.03271484375 954.036437988281 825.565795898438 633.443664550781 514.017700195312 575.141662597656 689.510620117188 623.267333984375 492.515319824219 466.640258789062 567.828369140625 788.896606445312 962.391845703125 791.455810546875 719.172302246094 671.062744140625 682.757019042969 767.360290527344 822.517272949219 825.649536132812 800.570556640625 778.8125 780.468688964844 767.929626464844 727.188293457031 703.184997558594 694.444213867188 685.898254394531 685.747131347656 708.944885253906 733.720764160156 752.636657714844 785.724365234375
-9999 -9999 -9999 -9999 -9999 -9999 29.9736442565918 53.9885787963867 148.016571044922 154.884780883789 154.23193359375 103.404777526855 139.645065307617 273.953460693359 428.485260009766 526.648132324219 771.700256347656 908.554626464844 839.848083496094 686.305541992188 638.634094238281 542.559997558594 544.665649414062 720.630554199219 628.169738769531 450.623687744141 359.370025634766 383.792175292969 550.03076171875 733.394592285156 802.727355957031 769.503784179688 677.103454589844 616.659484863281 657.145629882812 715.610534667969 762.944763183594 798.968200683594 778.660400390625 775.560363769531 775.163696289062 737.379943847656 716.010314941406 709.570068359375 681.02685546875 679.4482421875 728.812744140625 733.620849609375 746.681396484375 745.042175292969 755.69580078125
-9999 -9999 -9999 -9999 -9999 -9999 -9999 43.0359992980957 97.0984344482422 71.0129165649414 109.481636047363 135.624221801758 280.807159423828 272.803039550781 358.344299316406 571.940307617188 593.308776855469 557.628051757812 544.09375 503.367095947266 787.402648925781 770.783508300781 832.195983886719 769.216491699219 514.563415527344 341.380584716797 284.792755126953 365.286590576172 518.726379394531 621.718078613281 620.984252929688 630.596130371094 548.120422363281 531.914245605469 593.252563476562 691.974487304688 763.131713867188 736.507141113281 724.680236816406 743.096801757812 759.725952148438 741.258605957031 723.686218261719 690.797485351562 653.444641113281 655.907836914062 696.709655761719 709.51171875 705.704040527344 705.872680664062 708.150268554688
-9999 -9999 -9999 -9999 -9999 -9999 -9999 22.1143283843994 54.1424751281738 118.29549407959 122.830741882324 218.323577880859 210.321441650391 245.191513061523 373.383911132812 504.419738769531 489.709381103516 333.416046142578 524.213195800781 845.345458984375 909.365051269531 850.130065917969 748.785766601562 640.897521972656 605.603576660156 499.907745361328 336.487030029297 415.231140136719 616.918212890625 814.627868652344 574.19580078125 487.866180419922 503.17529296875 529.014770507812 571.756591796875 670.52197265625 720.951416015625 681.126098632812 745.859558105469 765.831848144531 730.715637207031 728.099426269531 707.968444824219 685.172180175781 675.221252441406 677.859191894531 713.04052734375 704.883544921875 679.892456054688 675.785766601562 690.937316894531
-9999 -9999 -9999 -9999 -9999 -9999 -9999 22.4588050842285 49.2115707397461 79.8415603637695 103.682327270508 134.996002197266 196.298690795898 268.196258544922 339.445465087891 473.331268310547 418.74462890625 392.924224853516 647.51611328125 1033.45568847656 759.449951171875 798.627258300781 705.005859375 581.128967285156 429.513366699219 371.538635253906 376.115112304688 457.753784179688 460.967315673828 597.943969726562 461.127563476562 513.420654296875 652.383422851562 731.537048339844 716.057739257812 669.312622070312 647.002380371094 709.864562988281 768.153198242188 793.723266601562 786.890258789062 772.986389160156 761.130676269531 755.548217773438 754.912414550781 769.143676757812 754.146789550781 758.170227050781 739.858337402344 738.899841308594 719.690002441406
-9999 -9999 -9999 -9999 -9999 -9999 -9999 15.3571424484253 40.6859550476074 90.0130004882812 122.061958312988 224.320220947266 338.092834472656 314.59716796875 304.528533935547 281.5771484375 312.225433349609 609.461303710938 810.959167480469 612.777587890625 534.770751953125 676.497619628906 557.155090332031 579.184326171875 491.795623779297 529.250854492188 583.888305664062 376.823852539062 343.992767333984 446.553375244141 414.680389404297 551.393737792969 683.557189941406 701.113525390625 653.779296875 606.726135253906 680.153991699219 736.398620605469 758.256469726562 783.517517089844 808.065979003906 824.175598144531 833.116271972656 834.909240722656 841.18798828125 825.242797851562 812.176635742188 776.880554199219 745.073303222656 771.853515625 756.457275390625
-9999 -9999 -9999 -9999 -9999 -9999 -9999 -9999 44.8985633850098 79.1523818969727 125.537696838379 186.78662109375 256.714782714844 252.380081176758 283.183837890625 285.759613037109 462.769439697266 660.635131835938 641.159240722656 341.365997314453 426.721801757812 477.837219238281 417.382080078125 437.577239990234 497.404663085938 599.43603515625 586.048034667969 291.025726318359 429.890289306641 495.479125976562 463.048797607422 579.364562988281 634.42431640625 636.746887207031 652.196655273438 715.3544921875 751.028930664062 746.372985839844 754.020324707031 767.66552734375 798.230773925781 837.098449707031 869.517517089844 866.758666992188 846.435791015625 856.677185058594 856.511047363281 827.817810058594 789.302795410156 775.781982421875 773.244201660156
-9999 -9999 -9999 -9999 -9999 -9999 -9999 -9999 29.1969699859619 84.9008865356445 108.530776977539 129.210220336914 198.995880126953 249.606307983398 278.182098388672 352.783935546875 467.447540283203 529.555236816406 578.66357421875 378.014068603516 495.062744140625 486.159454345703 502.893005371094 482.278472900391 497.938262939453 461.370727539062 475.338134765625 313.731475830078 465.698913574219 577.222595214844 498.585388183594 553.876892089844 584.802490234375 691.530883789062 711.22119140625 735.196838378906 768.187255859375 788.103576660156 789.095703125 769.504089355469 775.779846191406 797.866271972656 811.685180664062 820.739685058594 823.990051269531 829.542175292969 848.950988769531 844.96435546875 816.146118164062 788.646118164062 787.074096679688
-9999 -9999 -9999 -9999 -9999 -9999 -9999 -9999 -9999 70.5698471069336 142.147689819336 136.950622558594 195.697296142578 251.64094543457 346.385009765625 576.856323242188 693.956848144531 819.982299804688 862.166198730469 656.249267578125 721.912414550781 675.174438476562 675.195983886719 679.814025878906 683.155700683594 578.954772949219 462.901885986328 331.106994628906 390.027099609375 411.659240722656 412.346130371094 487.816162109375 579.000793457031 679.835754394531 716.030395507812 744.6826171875 771.428344726562 804.072326660156 812.915344238281 804.687255859375 803.2861328125 799.135437011719 797.852905273438 798.742309570312 804.330383300781 821.839477539062 830.740417480469 838.965759277344 832.179260253906 820.193054199219 815.757934570312
-9999 -9999 -9999 -9999 -9999 -9999 -9999 -9999 18.6000003814697 54.8249664306641 172.987121582031 247.642776489258 331.843505859375 329.011993408203 435.652709960938 531.772644042969 731.882873535156 853.985168457031 856.472229003906 842.544311523438 874.623657226562 784.86865234375 659.119750976562 746.439270019531 774.11181640625 673.072082519531 501.189178466797 391.314361572266 494.701568603516 499.710327148438 495.273773193359 575.407897949219 650.706665039062 690.841918945312 705.269409179688 732.837097167969 777.559326171875 783.648254394531 795.861633300781 826.243591308594 836.821838378906 811.348937988281 810.156005859375 819.455139160156 813.415283203125 813.678527832031 812.425170898438 814.927673339844 841.817687988281 850.31201171875 860.616271972656
-9999 -9999 -9999 -9999 -9999 -9999 -9999 -9999 10.7481479644775 30.7014236450195 140.866790771484 242.401580810547 415.694091796875 673.462158203125 744.936584472656 662.75 596.393249511719 595.123352050781 675.151916503906 762.476135253906 821.722229003906 808.416320800781 762.716186523438 760.586853027344 800.133728027344 665.65478515625 513.737182617188 470.317565917969 573.895874023438 648.574096679688 613.345336914062 592.341125488281 673.639343261719 726.126525878906 740.283508300781 739.82958984375 756.628234863281 758.1669921875 768.573303222656 796.950622558594 816.101257324219 818.721862792969 845.411499023438 864.555297851562 865.181213378906 877.014770507812 856.945251464844 829.375732421875 846.903991699219 877.51953125 897.406372070312
-9999 -9999 -9999 -9999 -9999 -9999 -9999 -9999 3.39533019065857 11.6903524398804 76.1753234863281 217.488723754883 499.188171386719 501.115081787109 498.287384033203 503.795959472656 413.803527832031 446.532470703125 566.965698242188 644.735046386719 674.419982910156 675.486267089844 702.129699707031 731.87109375 754.170776367188 657.976928710938 567.703491210938 564.602416992188 548.962646484375 636.417846679688 690.587341308594 670.340637207031 663.795532226562 721.958190917969 764.739501953125 763.987060546875 754.890747070312 770.90185546875 784.757629394531 807.583129882812 847.214660644531 872.158386230469 899.071350097656 938.405151367188 959.549438476562 943.867370605469 851.706115722656 870.56689453125 877.657653808594 891.64599609375 929.736694335938
-9999 -9999 -9999 -9999 -9999 -9999 -9999 4.22187948226929 2.53403234481812 4.22215270996094 60.353816986084 125.38614654541 239.150436401367 399.596618652344 423.294799804688 440.347381591797 445.697906494141 506.948516845703 546.487670898438 512.191101074219 523.340515136719 542.034973144531 587.049255371094 630.602478027344 571.407775878906 572.228942871094 621.038635253906 651.01123046875 661.695983886719 657.501892089844 718.328186035156 717.031494140625 692.752197265625 706.337463378906 772.170593261719 783.233337402344 764.358703613281 792.460571289062 829.977966308594 853.423400878906 875.370727539062 933.642822265625 985.259948730469 992.283142089844 934.771057128906 870.207946777344 875.499267578125 907.437866210938 941.550048828125 981.944091796875 1047.59313964844
-9999 -9999 -9999 -9999 -9999 -9999 -9999 5.57713842391968 6.37297391891479 27.8348159790039 37.6595802307129 64.0888214111328 190.670776367188 386.546417236328 592.128479003906 626.146118164062 455.813659667969 409.740631103516 409.635467529297 431.459991455078 473.199371337891 539.602172851562 530.514953613281 518.305114746094 539.93310546875 625.881225585938 758.969360351562 757.110107421875 721.257629394531 747.181274414062 733.800415039062 748.601501464844 692.888916015625 664.051452636719 691.113037109375 757.294494628906 820.634094238281 868.886047363281 929.449584960938 956.234558105469 979.236938476562 954.328186035156 933.873474121094 934.95849609375 923.791015625 913.348083496094 949.940002441406 996.769653320312 1079.23596191406 1146.96630859375 1214.27429199219
-9999 -9999 -9999 -9999 -9999 -9999 -9999 13.2009210586548 20.2386779785156 43.201530456543 40.7804832458496 54.9913139343262 148.418273925781 396.462005615234 555.506042480469 401.367279052734 308.550476074219 320.077667236328 367.853912353516 410.366790771484 443.319946289062 476.063110351562 596.362609863281 783.508361816406 853.8203125 816.113098144531 832.733642578125 802.002075195312 763.299621582031 742.8046875 786.445617675781 752.962341308594 701.229858398438 686.8017578125 691.788452148438 736.907348632812 881.70458984375 992.4228515625 1116.00134277344 1031.74438476562 1000.57348632812 903.570495605469 878.585388183594 918.999267578125 965.237060546875 945.943542480469 1000.94305419922 1082.43518066406 1136.62109375 1200.64392089844 1377.17407226562
-9999 -9999 -9999 -9999 -9999 -9999 -9999 15.8186922073364 35.1611366271973 54.6679229736328 67.5807418823242 55.4344215393066 169.052810668945 318.489074707031 290.962463378906 246.147125244141 252.660491943359 286.371978759766 332.197296142578 391.205413818359 513.115966796875 819.24853515625 1052.94897460938 957.427856445312 835.326110839844 773.37109375 808.24755859375 792.5615234375 750.202209472656 775.23779296875 816.525390625 764.192260742188 743.070251464844 781.748657226562 794.814025878906 828.987854003906 922.867614746094 953.525817871094 952.54150390625 882.57958984375 704.283386230469 687.366638183594 814.904296875 891.718078613281 1035.88635253906 1049.72436523438 1004.63720703125 1050.90258789062 1189.88452148438 1371.56970214844 1555.62145996094
-9999 -9999 -9999 -9999 -9999 -9999 15.5792150497437 26.255428314209 48.247257232666 68.4547348022461 88.2630310058594 81.2616577148438 183.625518798828 226.963989257812 170.937240600586 206.564819335938 245.647811889648 310.505157470703 386.472229003906 472.322021484375 750.915283203125 1365.60595703125 1249.94067382812 813.101867675781 603.645080566406 582.606628417969 724.798706054688 786.600830078125 785.194091796875 856.688598632812 878.311706542969 837.025695800781 830.724304199219 846.91357421875 857.308654785156 932.680358886719 899.251037597656 799.858337402344 626.773315429688 570.868286132812 615.8203125 744.484252929688 870.604919433594 1110.84497070312 1459.94519042969 1309.78393554688 1084.35766601562 1155.88232421875 1405.31384277344 1613.26989746094 1624.63439941406
-9999 -9999 -9999 -9999 -9999 -9999 21.2336502075195 40.4207534790039 58.8083763122559 80.0724716186523 75.4742050170898 69.7796859741211 198.082534790039 232.556121826172 167.998062133789 197.526748657227 247.738906860352 353.41845703125 522.966735839844 621.7041015625 792.389953613281 1162.70471191406 1012.51745605469 613.948974609375 515.650573730469 524.5283203125 607.425598144531 726.741638183594 849.857177734375 877.647399902344 920.746215820312 940.863220214844 879.502380371094 871.798034667969 785.588500976562 752.270324707031 633.171691894531 622.900390625 517.084411621094 447.027191162109 533.769714355469 664.243041992188 913.906005859375 1323.869140625 1529.16333007812 1513.88159179688 1319.51293945312 1528.48071289062 1603.26098632812 1754.91674804688 1661.736328125
