DATA/PredictorVariables/2_test_multicolinealidad_seleccion_variables/2_1_Resultados/variables_seleccionadas/bio8.asc
NCOLS 166 
NROWS 105 
XLLCORNER -9.416666667 
YLLCORNER 35.166666667 
CELLSIZE 0.0833333333313253 
NODATA_value -9999 
[rows 0 to 39 of 105, columns 0 to 89 of 166]
-9999.000000000000000 -9999 -9999 -9999 -9999 -9999 -9999 -9999 -9999 -9999 -9999 -9999 -9999 -9999 -9999 -9999 -9999 -9999 -9999 -9999 -9999 -9999 -9999 -9999 -9999 -9999 -9999 -9999 -9999 -9999 -9999 -9999 -9999 -9999 -9999 -9999 -9999 -9999 -9999 -9999 -9999 -9999 -9999 -9999 -9999 -9999 -9999 -9999 -9999 -9999 -9999 -9999 -9999 -9999 -9999 -9999 -9999 -9999 -9999 -9999 -9999 -9999 -9999 -9999 -9999 -9999 -9999 -9999 -9999 -9999 -9999 -9999 -9999 -9999 -9999 -9999 -9999 -9999 -9999 -9999 -9999 -9999 -9999 -9999 -9999 -9999 -9999 -9999 -9999 -9999
-9999 -9999 -9999 -9999 -9999 -9999 -9999 -9999 -9999 -9999 -9999 -9999 -9999 -9999 -9999 -9999 -9999 -9999 100 -9999 101 106 -9999 -9999 -9999 -9999 -9999 -9999 -9999 -9999 -9999 -9999 -9999 -9999 -9999 -9999 -9999 -9999 -9999 -9999 -9999 -9999 -9999 -9999 -9999 -9999 -9999 -9999 -9999 -9999 -9999 -9999 -9999 -9999 -9999 -9999 -9999 -9999 -9999 -9999 -9999 -9999 -9999 -9999 -9999 -9999 -9999 -9999 -9999 -9999 -9999 -9999 -9999 -9999 -9999 -9999 -9999 -9999 -9999 -9999 -9999 -9999 -9999 -9999 -9999 -9999 -9999 -9999 -9999 -9999
-9999 -9999 -9999 -9999 -9999 -9999 -9999 -9999 -9999 -9999 -9999 -9999 -9999 -9999 -9999 -9999 100 88 102 99 97 99 98 101 101 -9999 -9999 -9999 -9999 -9999 -9999 -9999 -9999 -9999 -9999 -9999 -9999 -9999 -9999 -9999 -9999 -9999 -9999 -9999 -9999 -9999 -9999 -9999 -9999 -9999 -9999 -9999 -9999 -9999 -9999 -9999 -9999 -9999 -9999 -9999 -9999 -9999 -9999 -9999 -9999 -9999 -9999 -9999 -9999 -9999 -9999 -9999 -9999 -9999 -9999 -9999 -9999 -9999 -9999 -9999 -9999 -9999 -9999 -9999 -9999 -9999 -9999 -9999 -9999 -9999
-9999 -9999 -9999 -9999 -9999 -9999 -9999 -9999 -9999 -9999 -9999 -9999 -9999 -9999 108 102 99 94 98 89 86 94 85 86 93 100 -9999 -9999 -9999 -9999 -9999 -9999 -9999 -9999 -9999 -9999 -9999 -9999 121 -9999 123 123 121 122 124 -9999 -9999 -9999 -9999 -9999 -9999 -9999 -9999 -9999 -9999 -9999 -9999 -9999 -9999 -9999 -9999 -9999 -9999 -9999 -9999 -9999 -9999 -9999 -9999 -9999 -9999 -9999 -9999 -9999 -9999 -9999 -9999 -9999 -9999 -9999 -9999 -9999 -9999 -9999 -9999 -9999 -9999 -9999 -9999 -9999
-9999 -9999 -9999 -9999 -9999 -9999 -9999 -9999 -9999 -9999 -9999 -9999 -9999 105 106 102 98 94 85 79 80 82 74 89 95 95 93 93 119 117 117 113 118 111 115 114 110 108 112 114 117 119 120 118 122 122 118 118 122 120 -9999 -9999 -9999 -9999 -9999 -9999 -9999 -9999 -9999 -9999 -9999 -9999 -9999 -9999 -9999 -9999 -9999 -9999 -9999 124 123 -9999 -9999 -9999 -9999 -9999 -9999 -9999 -9999 -9999 -9999 -9999 -9999 -9999 -9999 -9999 -9999 -9999 -9999 -9999
-9999 -9999 -9999 -9999 -9999 -9999 -9999 -9999 -9999 -9999 -9999 -9999 -9999 106 107 96 88 83 85 79 70 66 64 74 86 91 83 92 91 81 76 97 106 91 100 105 100 92 106 114 108 108 113 116 115 109 107 116 114 112 109 118 120 119 123 126 127 -9999 -9999 -9999 -9999 -9999 -9999 126 126 125 126 127 125 121 123 122 -9999 -9999 -9999 -9999 -9999 95 95 93 100 -9999 -9999 -9999 -9999 -9999 -9999 -9999 -9999 -9999
-9999 -9999 -9999 -9999 -9999 -9999 109 114 -9999 -9999 -9999 107 109 107 105 96 87 84 79 80 77 75 68 71 73 77 83 81 69 58 65 95 91 85 97 88 82 95 105 107 113 114 110 113 111 109 108 108 109 109 117 117 108 107 105 98 108 114 121 123 124 122 120 121 125 123 123 121 123 117 117 120 115 114 119 98 99 90 95 90 93 93 94 99 -9999 -9999 -9999 -9999 -9999 100
-9999 -9999 -9999 -9999 -9999 110 111 109 105 105 104 104 106 106 104 95 87 78 78 80 80 79 80 75 75 73 79 65 59 61 73 66 51 76 89 94 94 87 93 91 92 99 106 106 105 101 92 90 97 88 96 103 90 81 85 95 89 104 102 111 108 111 113 110 116 116 115 106 99 101 104 111 105 104 80 89 88 90 94 93 92 90 87 92 91 96 98 99 98 98
-9999 -9999 113 112 111 107 107 106 106 102 92 94 96 100 98 89 84 79 79 78 81 80 80 79 75 69 71 65 60 65 71 54 45 81 87 85 71 75 72 71 86 63 85 100 89 84 89 85 83 65 78 81 63 32 50 42 48 88 79 88 96 100 93 100 108 102 101 100 81 67 87 100 101 98 81 86 84 81 90 91 88 80 81 83 82 84 83 84 92 81
-9999 -9999 116 112 106 105 99 96 95 91 91 92 90 91 87 82 81 78 79 78 78 80 79 76 71 64 68 54 58 54 63 52 45 52 79 66 54 68 57 64 59 73 74 85 75 76 75 62 56 62 57 51 64 46 38 48 78 92 84 57 72 78 79 82 97 84 93 88 65 59 43 50 61 102 77 83 81 82 82 82 71 77 79 80 76 75 74 78 80 67
-9999 113 112 108 100 99 96 94 92 93 92 95 93 91 89 85 80 72 74 77 76 77 76 71 68 60 57 62 59 66 63 46 36 47 34 58 13 11 40 4 40 34 60 71 43 40 48 39 36 50 42 52 57 45 46 32 38 51 63 56 39 50 68 73 76 74 77 73 74 81 82 82 57 85 56 59 77 77 62 46 62 62 74 78 68 76 81 77 63 64
-9999 115 112 103 99 97 96 97 95 95 95 95 92 90 87 86 79 76 72 75 71 71 76 75 72 61 59 57 65 61 49 47 36 33 25 16 24 48 47 42 48 46 40 46 49 44 50 42 49 60 53 53 56 60 49 34 32 39 53 61 38 48 69 73 75 76 75 75 77 83 90 87 82 82 55 53 57 60 63 57 64 65 58 55 44 57 63 56 45 48
-9999 117 -9999 108 98 98 100 97 101 103 96 91 94 92 90 90 87 81 76 72 73 75 76 76 71 64 56 61 60 47 33 22 22 30 27 28 22 10 40 36 36 45 54 42 53 55 57 51 61 63 55 62 55 61 49 49 49 51 64 69 69 69 72 72 74 71 78 76 80 77 81 87 82 78 49 55 54 51 54 63 67 67 65 63 61 51 53 52 50 40
-9999 -9999 -9999 111 108 108 109 93 100 102 102 97 97 95 86 86 81 75 76 70 70 76 69 67 72 57 51 53 49 42 22 31 37 45 41 27 14 13 40 48 54 59 61 62 58 66 68 65 69 68 67 68 65 70 63 59 67 68 67 71 73 77 76 72 77 77 71 75 73 67 76 77 87 87 85 49 90 57 63 63 57 55 51 52 45 42 46 47 38 43
-9999 -9999 -9999 116 109 96 104 101 106 101 96 96 85 86 83 77 76 70 65 71 75 67 63 65 63 52 40 36 38 42 34 45 51 48 48 39 62 62 59 53 54 60 65 67 65 71 73 70 75 70 74 73 74 72 68 69 71 74 72 77 76 78 72 71 72 72 72 73 69 64 70 84 75 77 44 49 93 94 93 87 86 56 48 52 52 51 50 53 59 62
-9999 -9999 -9999 -9999 112 104 112 109 101 101 92 85 77 70 79 77 70 66 62 71 73 68 69 74 63 49 48 41 33 42 47 54 59 57 53 79 76 69 60 64 67 67 70 70 69 76 77 77 78 76 79 74 78 74 73 74 74 79 77 79 82 81 75 74 71 71 69 68 65 67 75 84 85 83 81 78 83 87 91 83 47 44 49 50 50 52 60 59 58 63
-9999 -9999 -9999 -9999 114 114 114 110 107 99 91 84 78 70 70 71 66 62 66 68 72 71 77 75 68 58 53 40 37 43 55 60 63 59 52 39 30 54 57 65 70 70 74 73 74 77 79 80 80 80 77 78 81 78 76 80 78 80 82 81 84 84 82 81 79 75 69 69 68 72 74 71 73 76 76 79 87 91 92 93 92 90 91 141 141 143 146 92 94 94
-9999 -9999 -9999 -9999 116 113 112 107 98 103 93 81 68 71 76 77 77 75 73 71 71 73 73 66 64 65 62 46 50 54 57 58 46 32 33 23 20 57 64 70 73 73 76 76 76 78 82 82 81 80 79 80 83 81 79 82 84 85 85 86 86 85 84 83 81 74 71 71 70 69 67 68 71 70 75 79 82 86 86 89 92 90 146 150 151 152 152 150 96 96
-9999 -9999 -9999 -9999 -9999 115 111 110 101 101 94 86 68 69 80 86 80 81 79 77 63 58 62 61 50 48 64 65 48 43 50 34 29 32 14 11 18 58 63 68 73 77 78 78 78 79 82 81 81 81 81 83 85 84 83 85 87 88 89 88 89 88 87 85 80 75 74 73 72 69 66 65 60 63 68 36 36 72 76 87 137 126 137 142 145 146 149 152 154 97
-9999 -9999 -9999 -9999 -9999 -9999 111 107 99 102 93 84 76 65 75 87 82 76 79 75 65 61 49 44 42 33 52 54 43 29 24 19 18 23 31 24 15 23 63 71 74 77 79 79 79 80 83 80 79 82 84 86 86 86 87 87 88 91 91 91 90 90 88 83 77 77 77 74 70 67 66 62 105 99 98 96 107 96 110 127 116 109 120 119 117 127 124 142 152 156
-9999 -9999 -9999 -9999 -9999 -9999 115 108 104 100 97 96 81 74 82 83 78 76 72 69 65 64 48 36 29 22 36 49 37 28 15 3 5 14 13 16 24 28 65 70 73 74 78 80 80 81 83 80 81 83 85 87 86 87 89 90 90 92 94 94 91 90 86 81 83 81 78 75 72 68 115 107 96 91 83 83 87 84 102 108 105 117 110 117 108 122 126 136 145 147
-9999 -9999 -9999 -9999 -9999 -9999 107 108 94 105 101 100 85 92 81 72 63 65 63 62 65 61 55 44 34 36 43 45 33 22 12 12 28 32 31 31 34 39 72 72 75 77 77 81 80 82 82 82 83 84 85 85 86 88 90 92 94 94 97 91 88 87 86 87 82 82 79 75 122 118 113 115 113 107 105 103 98 107 103 92 99 105 99 95 103 113 115 124 131 133
-9999 -9999 -9999 -9999 -9999 -9999 95 94 102 104 102 96 94 72 55 46 52 58 63 64 63 62 55 63 49 46 47 40 34 27 21 19 36 38 38 39 40 43 74 76 77 79 79 80 81 83 82 83 83 85 85 85 87 88 90 92 96 96 98 92 92 92 88 84 82 81 79 77 126 123 120 115 118 118 110 92 87 86 79 84 83 84 87 97 107 104 111 119 134 143
-9999 -9999 -9999 -9999 -9999 -9999 99 106 104 99 80 85 76 51 61 64 67 63 54 51 55 56 60 70 59 52 54 48 43 42 37 28 42 43 40 38 42 43 45 74 77 78 80 82 83 83 83 83 84 85 85 84 87 88 89 91 90 89 94 96 93 89 86 81 127 127 127 125 123 122 117 114 110 119 116 113 110 103 92 98 89 99 101 108 102 101 109 118 130 136
-9999 -9999 -9999 -9999 -9999 -9999 106 103 86 86 72 91 87 77 75 73 58 39 39 39 39 53 55 71 56 52 57 56 47 47 46 45 52 47 48 44 42 40 39 69 72 77 78 80 82 83 84 85 86 85 85 85 86 84 84 85 86 89 95 92 134 86 130 128 127 127 127 126 125 125 122 119 117 115 116 114 111 110 110 114 116 117 116 119 119 113 110 117 122 122
-9999 -9999 -9999 -9999 -9999 -9999 97 90 82 102 95 96 90 80 61 46 37 49 43 45 44 48 56 67 57 47 54 59 58 51 43 50 57 48 52 49 44 45 47 72 72 77 81 81 82 84 84 83 83 85 85 83 81 81 81 83 87 92 91 88 136 134 132 131 130 132 131 130 129 129 128 126 125 123 119 117 117 114 114 115 115 116 122 123 121 118 116 117 117 117
-9999 -9999 -9999 -9999 -9999 -9999 96 96 96 91 93 86 89 82 75 71 71 54 46 44 51 58 64 61 50 55 60 68 54 50 40 50 51 53 54 47 45 45 47 77 77 77 80 82 82 83 84 83 83 82 81 79 80 80 80 83 88 87 87 87 137 135 133 132 131 83 83 136 79 133 131 130 129 127 126 124 123 120 123 120 117 119 122 124 125 124 122 122 118 111
-9999 -9999 -9999 -9999 -9999 -9999 -9999 98 94 91 98 101 97 92 81 76 52 48 52 58 59 64 65 48 57 63 69 75 58 46 48 48 54 56 55 51 49 47 47 76 78 80 81 81 83 84 82 82 81 81 82 82 81 80 80 55 58 86 87 86 85 137 86 85 135 83 79 134 134 134 132 131 130 130 130 126 128 126 126 125 127 125 123 124 128 128 125 123 120 118
-9999 -9999 -9999 -9999 -9999 -9999 -9999 98 95 95 100 98 89 90 87 66 65 66 64 68 53 55 46 51 63 70 72 67 59 53 52 58 63 61 58 53 49 50 51 80 77 79 80 82 85 85 83 83 84 84 84 84 83 83 86 87 58 88 82 83 81 80 135 81 135 131 129 130 75 126 127 125 128 131 132 132 132 128 129 131 128 127 126 128 125 123 125 126 122 124
-9999 -9999 -9999 -9999 -9999 -9999 -9999 100 97 93 99 94 94 91 85 70 68 87 67 51 48 48 53 59 59 61 71 66 53 43 63 66 66 63 60 55 51 54 50 78 80 80 81 83 83 84 82 83 85 85 85 85 86 85 84 85 86 85 81 81 135 135 134 134 78 132 126 119 118 120 128 128 125 127 125 127 128 128 129 129 129 130 131 128 123 124 131 130 129 128
-9999 -9999 -9999 -9999 -9999 -9999 -9999 100 98 103 101 99 95 89 88 71 72 79 63 39 55 53 54 61 70 70 68 63 65 56 68 66 56 52 53 54 57 53 49 77 77 78 79 80 80 80 81 81 81 82 83 83 83 82 82 84 85 84 83 85 141 139 81 80 136 79 129 121 125 127 70 126 125 121 118 117 116 116 123 125 122 123 125 127 126 130 136 135 133 134
-9999 -9999 -9999 -9999 -9999 -9999 -9999 -9999 98 101 99 93 87 88 90 88 91 65 53 65 78 58 66 57 68 58 58 70 69 64 73 64 55 55 59 61 55 52 51 49 77 76 76 76 75 76 77 80 82 80 81 83 83 84 84 84 84 84 84 84 84 82 139 79 78 77 75 70 72 70 121 113 108 108 107 108 110 115 119 121 123 121 122 122 126 134 138 140 141 142
-9999 -9999 -9999 -9999 -9999 -9999 -9999 -9999 98 102 99 97 92 92 90 93 68 61 59 78 82 67 75 72 66 54 55 73 67 60 68 61 60 58 59 53 51 52 52 51 78 76 73 74 76 75 75 76 79 81 81 82 82 83 83 82 144 142 83 83 82 81 80 78 77 76 73 70 68 68 112 91 91 99 105 102 110 123 122 126 128 120 120 121 126 132 135 133 130 131
-9999 -9999 -9999 -9999 -9999 -9999 -9999 -9999 106 103 103 100 95 92 93 88 84 76 71 77 72 71 71 67 69 70 69 76 63 59 69 67 62 56 55 54 52 50 50 51 81 79 79 78 78 77 76 77 78 81 81 81 81 82 82 142 142 140 141 142 140 138 139 77 132 128 68 124 117 103 92 95 108 102 113 111 117 122 125 129 130 122 121 121 119 118 116 117 120 124
-9999 -9999 -9999 -9999 -9999 -9999 -9999 -9999 -9999 104 100 101 98 95 87 64 66 50 53 64 58 60 57 54 56 62 63 73 77 76 74 72 63 58 56 54 53 51 50 50 79 80 80 80 80 79 77 77 77 79 79 80 79 80 141 140 141 138 139 139 137 139 136 133 128 121 102 100 100 63 63 70 81 66 88 84 96 97 96 132 128 125 121 119 120 115 111 113 118 113
-9999 -9999 -9999 -9999 -9999 -9999 -9999 -9999 -9999 106 99 95 91 90 87 79 57 48 51 51 49 55 62 54 49 56 66 70 62 69 71 63 61 59 58 56 52 52 52 50 78 80 80 79 80 80 80 80 78 78 77 138 139 139 138 139 140 138 136 135 136 137 138 132 124 96 85 107 65 69 71 65 66 73 73 73 75 78 102 99 128 124 123 123 122 120 117 113 112 114
-9999 -9999 -9999 -9999 -9999 -9999 -9999 -9999 110 108 102 95 87 72 71 65 72 69 64 57 54 53 56 53 50 56 65 66 59 62 64 65 60 57 56 56 55 55 54 52 80 80 79 78 78 77 77 79 79 77 76 74 135 136 137 139 138 137 133 131 133 134 133 125 115 49 112 67 55 69 76 81 80 76 78 81 79 75 95 93 94 93 126 123 121 126 121 120 114 120
-9999 -9999 -9999 -9999 -9999 -9999 -9999 -9999 110 109 106 99 81 86 79 79 87 75 69 64 61 60 58 57 52 58 63 61 70 64 61 62 62 58 56 55 56 55 54 53 51 79 76 75 73 74 79 78 77 77 75 133 130 131 135 132 135 132 129 127 127 127 118 93 57 46 59 63 76 80 86 84 78 79 82 85 80 98 96 96 99 98 90 125 128 126 123 123 121 119
-9999 -9999 -9999 -9999 -9999 -9999 -9999 -9999 111 111 107 103 98 86 87 83 86 73 70 71 71 69 64 63 63 63 61 57 64 64 60 61 61 61 55 55 57 55 53 51 51 48 45 72 76 79 78 77 75 73 70 123 123 121 119 120 126 123 122 112 114 109 107 114 68 69 76 78 75 85 90 86 83 81 86 84 74 74 99 94 102 107 105 100 128 117 113 111 115 114
-9999 -9999 -9999 -9999 -9999 -9999 -9999 113 112 110 109 107 100 90 78 66 78 79 78 76 72 68 69 71 67 63 50 52 62 60 60 59 62 64 62 59 54 52 50 47 45 46 49 48 77 77 76 73 68 64 61 55 77 80 118 124 125 121 115 110 106 109 103 127 80 75 77 87 89 93 94 88 87 86 89 80 77 78 98 95 106 101 95 90 89 85 115 111 110 109
