DATA/PredictorVariables/2_test_multicolinealidad_seleccion_variables/2_1_Resultados/variables_seleccionadas/bio8.asc
NCOLS 166 
NROWS 105 
XLLCORNER -9.416666667 
YLLCORNER 35.166666667 
CELLSIZE 0.0833333333313253 
NODATA_value -9999 
[rows 40 to 79 of 105, columns 0 to 89 of 166]
-9999 -9999 -9999 -9999 -9999 -9999 -9999 113 112 110 110 109 104 90 68 93 93 85 80 79 77 76 70 52 46 50 50 51 60 61 58 60 63 63 63 61 51 45 36 44 46 52 53 48 47 77 73 68 67 65 57 47 80 85 83 78 112 116 128 123 132 131 92 79 84 89 91 94 91 93 94 91 91 91 83 79 82 77 99 102 109 101 100 98 100 97 90 119 112 99
-9999 -9999 -9999 -9999 -9999 -9999 -9999 114 112 111 109 110 103 95 88 89 90 87 85 80 75 57 37 43 49 57 50 53 63 61 58 62 62 58 58 58 53 51 51 51 65 63 56 54 46 44 74 73 67 54 42 41 63 61 70 85 95 104 104 111 88 84 84 90 93 96 92 95 94 94 97 96 93 85 80 82 81 76 78 111 112 109 112 109 107 97 92 82 111 104
-9999 -9999 -9999 -9999 -9999 -9999 116 114 113 111 109 110 94 93 96 94 91 87 81 76 58 24 36 59 68 68 58 61 61 58 57 57 57 57 56 47 53 55 68 72 69 59 56 44 23 28 43 39 23 18 18 63 75 76 86 92 87 83 91 116 92 94 96 100 97 97 94 94 98 96 97 97 89 84 82 86 82 83 89 113 115 105 102 109 103 102 98 92 78 108
-9999 -9999 -9999 -9999 -9999 -9999 116 114 112 111 111 111 95 94 97 94 90 87 78 71 61 36 40 71 74 69 73 66 58 55 50 54 56 52 59 62 68 71 74 78 71 65 57 27 13 30 34 25 16 5 11 66 88 81 83 108 123 117 113 115 91 99 103 100 97 98 96 95 98 99 100 96 88 87 88 85 86 91 87 108 114 111 105 103 100 98 95 90 78 106
-9999 -9999 -9999 -9999 -9999 -9999 113 114 115 114 114 105 98 97 94 93 86 74 61 56 69 74 75 75 73 73 79 74 70 75 77 60 71 76 78 80 74 79 81 82 81 62 37 51 36 12 14 17 73 33 68 88 99 93 106 131 126 120 116 98 105 105 101 98 98 100 96 98 98 99 100 97 93 91 89 90 94 92 108 106 111 103 104 104 103 97 90 97 81 78
-9999 -9999 -9999 -9999 -9999 -9999 118 117 116 115 106 101 99 99 87 78 73 71 65 68 76 73 71 72 75 87 85 83 84 85 83 80 84 88 86 82 80 83 83 83 76 61 60 47 60 63 65 101 112 112 111 109 105 104 130 120 115 101 105 107 105 102 99 99 101 99 99 100 97 102 100 95 90 91 94 97 94 89 108 105 106 102 101 101 96 96 97 96 84 78
-9999 -9999 -9999 -9999 -9999 -9999 117 115 116 116 100 96 97 80 70 75 79 78 79 81 71 76 70 80 90 89 89 85 82 83 88 90 92 91 88 87 88 89 89 85 79 76 74 73 82 84 118 117 116 115 113 111 110 108 103 105 109 109 108 107 105 102 101 102 104 101 104 101 102 104 101 99 98 98 96 92 89 87 110 107 106 104 100 99 94 98 103 99 91 83
-9999 -9999 -9999 -9999 -9999 118 117 115 114 114 96 96 94 84 85 88 84 77 75 74 78 87 84 84 93 92 93 91 89 90 92 88 91 91 91 91 92 91 86 82 83 87 89 89 90 119 118 118 117 115 114 113 111 109 111 110 110 109 106 132 132 133 105 106 104 105 106 105 103 98 94 92 92 92 89 88 88 114 111 108 110 108 104 103 101 102 99 98 95 92
-9999 -9999 -9999 -9999 -9999 119 119 114 112 112 99 99 94 93 94 88 81 76 70 81 89 91 88 86 95 99 98 97 93 93 93 93 91 92 91 89 89 85 80 83 86 90 91 90 90 88 115 117 117 114 111 113 111 113 110 133 135 108 138 137 136 135 137 134 104 105 105 103 102 98 95 93 93 92 91 90 91 115 112 111 111 109 108 105 105 106 99 96 93 93
-9999 -9999 -9999 -9999 119 118 119 116 111 107 107 110 97 97 96 94 90 82 80 89 92 91 89 99 103 101 100 96 96 95 94 94 94 94 91 89 86 88 89 89 90 87 87 87 89 85 113 116 114 113 112 114 111 110 108 132 132 133 131 132 137 133 128 127 125 124 98 99 99 100 99 96 95 94 93 93 119 117 112 111 110 112 111 107 107 109 106 102 97 96
-9999 -9999 -9999 -9999 118 116 116 116 110 108 111 113 101 96 99 94 93 90 93 97 95 96 104 102 100 99 100 97 97 98 97 93 92 91 93 95 92 90 87 87 88 85 83 79 76 77 78 76 104 106 108 107 105 125 127 126 126 123 125 124 127 124 121 124 121 122 122 123 124 97 97 97 95 96 95 121 120 119 115 114 111 113 111 107 108 112 111 104 101 100
-9999 -9999 -9999 -9999 119 119 114 110 102 108 111 114 114 101 101 96 93 93 97 99 100 100 104 102 102 102 99 99 99 96 95 92 90 89 91 92 93 92 90 89 89 87 85 82 79 76 72 70 63 68 97 129 130 116 117 114 115 114 115 116 122 122 117 116 118 118 119 122 122 124 124 124 123 125 125 123 122 118 114 117 116 112 114 110 110 112 112 111 107 106
-9999 -9999 -9999 122 119 117 105 101 103 104 116 117 116 104 102 101 100 100 99 101 97 97 95 103 101 100 97 96 98 99 97 95 93 92 91 90 93 91 91 91 89 87 84 82 78 77 75 61 60 57 66 122 128 126 118 116 115 104 116 105 109 111 112 111 112 115 121 123 123 124 124 124 126 126 125 124 123 122 119 120 118 115 115 115 115 114 111 111 113 111
-9999 -9999 122 123 118 113 107 109 115 117 119 119 117 117 117 116 115 103 101 98 97 96 94 99 100 99 98 94 94 97 97 97 96 94 93 91 89 90 89 90 89 86 83 80 69 73 72 62 56 69 104 105 131 135 132 132 127 122 123 119 120 122 123 111 104 109 115 120 120 123 125 125 127 127 125 123 125 125 123 123 122 120 120 118 118 115 112 116 115 114
126 123 123 121 118 115 119 119 118 120 121 120 114 114 113 106 103 101 101 100 99 96 94 88 83 92 93 94 94 93 93 95 92 92 94 93 91 90 88 88 86 84 83 81 73 70 71 74 74 76 112 109 112 111 139 135 131 127 121 117 115 123 119 115 115 111 115 119 117 115 122 126 127 129 128 126 127 126 125 125 124 123 122 122 121 119 119 119 117 117
124 121 120 119 119 119 121 120 121 122 122 118 116 114 113 105 105 104 103 103 101 108 105 101 91 90 96 99 97 96 97 97 93 94 92 90 92 90 87 86 86 84 86 88 85 86 85 84 79 79 116 115 114 132 136 135 130 130 128 127 130 131 125 117 118 121 119 115 117 112 123 127 128 130 129 129 128 127 126 125 124 123 123 122 121 120 120 120 120 120
123 121 120 119 112 120 121 121 123 123 120 118 117 116 114 114 107 105 104 112 110 107 106 105 102 99 99 100 100 97 99 97 95 94 91 91 90 89 88 82 85 91 90 91 89 90 88 89 86 83 115 115 114 136 130 132 132 133 129 122 127 132 131 122 122 125 128 127 123 126 130 129 129 128 128 128 128 127 126 125 123 121 121 120 121 122 122 122 122 158
122 122 119 115 118 122 122 123 124 122 121 119 117 116 116 117 107 106 106 105 111 109 106 105 104 104 102 102 102 100 100 98 97 95 94 95 94 91 91 91 95 94 94 94 93 92 91 90 89 86 117 112 110 136 133 128 133 133 126 123 126 127 130 125 124 128 131 131 131 130 130 130 129 129 128 128 127 126 123 121 120 119 118 116 118 120 122 123 123 159
120 119 116 114 117 124 125 125 124 121 121 119 119 119 117 117 108 106 105 105 112 110 109 107 105 105 105 102 102 102 101 100 99 98 98 97 97 94 92 93 96 96 96 95 94 93 88 86 89 86 84 116 113 138 135 131 129 132 133 133 125 127 132 127 131 131 131 131 131 131 130 130 130 128 127 126 124 121 116 115 114 113 113 111 113 117 122 124 124 160
116 113 112 111 118 125 126 125 124 123 123 123 121 120 118 118 109 107 104 102 101 108 107 106 104 101 101 104 103 103 101 101 101 100 99 99 98 96 95 98 97 97 95 94 93 92 91 89 86 86 87 82 74 77 133 133 134 135 130 133 132 130 132 129 132 130 131 131 131 131 130 130 129 127 124 121 118 116 117 114 112 109 107 106 109 114 120 123 124 160
113 111 113 119 124 127 126 125 124 122 122 121 119 120 118 116 107 106 104 103 109 104 103 103 103 99 100 104 105 102 100 100 101 100 100 99 97 97 98 97 95 95 93 92 90 89 91 89 87 85 86 86 80 82 84 135 133 128 128 132 133 128 130 132 132 132 132 130 129 129 125 127 129 127 124 122 120 116 115 115 112 111 109 107 108 112 117 121 123 160
111 112 117 124 127 127 126 125 124 123 122 120 118 117 115 105 104 104 102 101 99 106 102 100 104 105 106 106 104 101 99 99 99 99 98 96 95 96 94 92 91 90 90 85 89 88 90 87 85 82 82 82 87 86 85 85 86 104 103 129 131 131 130 129 129 125 127 130 130 131 129 128 128 124 124 123 121 116 114 112 111 110 109 109 110 111 112 114 115 119
118 120 121 125 128 127 127 125 124 122 121 120 119 116 113 102 100 100 100 99 99 95 103 105 104 108 107 104 103 100 99 99 98 97 97 95 94 95 96 93 89 87 88 87 87 88 85 84 80 80 81 85 91 89 90 89 86 84 107 102 98 128 130 130 127 122 125 132 131 128 129 129 127 125 124 122 121 118 115 111 111 113 112 107 102 99 99 100 106 113
-9999 126 124 126 127 126 126 126 125 123 122 120 117 113 103 100 99 99 101 101 109 109 106 107 108 108 107 103 99 97 96 97 96 95 95 94 92 92 94 91 88 85 84 87 83 84 80 82 84 85 86 86 89 84 89 86 82 82 80 103 100 99 100 99 99 102 104 126 132 127 128 128 128 124 121 121 121 119 114 116 116 122 112 99 92 100 98 103 109 115
-9999 -9999 124 125 125 123 126 127 126 123 123 121 116 114 104 101 101 102 101 110 110 109 107 106 108 109 106 103 98 96 92 89 90 88 93 92 89 90 91 92 84 84 85 87 81 78 81 82 85 84 87 86 87 87 88 88 87 83 74 93 98 100 101 106 105 102 103 104 101 100 99 96 124 123 122 123 124 118 120 125 124 116 97 92 91 100 109 113 119 125
-9999 -9999 123 122 120 120 128 128 127 125 124 122 121 117 115 115 105 103 110 111 111 109 108 108 109 110 107 104 100 96 92 85 84 84 87 91 86 87 88 90 89 86 83 84 81 81 83 81 81 82 85 84 86 84 83 83 84 85 84 79 92 93 94 96 106 110 101 95 90 88 97 98 99 99 128 125 123 124 129 128 120 114 109 100 98 110 116 121 128 126
-9999 -9999 -9999 -9999 -9999 -9999 -9999 127 126 126 125 124 121 120 115 114 113 103 108 109 109 110 109 110 111 109 107 104 100 97 92 88 95 92 90 87 86 85 84 86 87 83 85 83 83 83 81 80 81 80 81 82 83 82 81 81 81 80 80 82 81 83 102 101 101 113 104 104 102 96 99 100 105 107 106 103 130 131 136 131 125 120 105 98 108 124 129 127 127 133
-9999 -9999 -9999 -9999 -9999 -9999 -9999 127 126 123 123 123 123 122 119 116 113 111 111 109 105 108 110 111 111 109 108 105 103 99 96 97 97 95 94 90 88 85 83 82 83 82 83 83 82 83 81 80 83 82 85 81 77 82 83 80 81 80 80 78 79 79 87 106 109 114 113 112 113 112 112 115 116 113 107 105 135 141 127 115 123 102 93 106 107 115 113 109 109 119
-9999 -9999 -9999 -9999 -9999 -9999 -9999 126 124 120 123 122 122 122 120 119 116 114 111 110 109 109 111 112 110 109 107 106 105 103 98 94 87 87 90 91 87 85 87 85 82 80 82 84 86 89 86 81 79 78 84 85 84 81 84 87 84 82 84 83 85 81 91 88 90 118 113 121 123 122 120 123 117 110 108 109 111 129 123 116 115 94 95 104 90 106 99 99 100 111
-9999 -9999 -9999 -9999 -9999 -9999 -9999 127 122 115 120 122 123 122 121 119 117 114 114 114 114 115 113 111 111 110 109 107 104 102 99 93 89 88 84 83 84 81 82 88 90 86 80 82 84 88 89 89 86 84 80 81 84 89 88 90 92 89 91 99 97 96 98 97 99 98 102 127 127 123 128 124 119 119 117 111 106 99 99 121 97 86 88 88 90 91 94 91 106 106
-9999 -9999 -9999 -9999 -9999 -9999 128 127 121 118 119 122 123 122 121 117 114 113 111 113 113 115 112 110 107 108 107 102 98 94 95 98 90 84 84 83 77 78 83 85 91 93 89 83 79 82 87 92 95 90 89 86 84 86 89 90 99 99 101 106 106 106 108 108 109 109 108 107 128 128 123 113 107 107 112 118 111 85 108 104 76 82 76 80 82 88 93 104 111 120
-9999 -9999 -9999 -9999 -9999 -9999 128 126 120 121 122 123 123 122 120 117 116 114 112 112 115 114 112 110 109 108 108 105 104 100 92 91 90 89 93 95 89 87 90 87 84 93 87 84 86 80 82 87 90 95 95 88 93 95 93 95 103 109 108 110 107 108 107 105 107 108 106 108 108 129 125 122 123 122 122 118 111 93 104 82 73 87 85 95 103 106 104 111 114 117
-9999 -9999 -9999 -9999 -9999 -9999 -9999 127 122 122 123 124 123 121 118 116 116 116 115 115 115 116 113 110 110 111 107 101 98 97 92 91 88 87 88 91 96 95 92 93 93 99 92 91 90 86 88 92 98 96 100 99 101 103 105 109 109 107 107 107 104 104 106 104 105 106 104 106 104 100 121 123 118 120 122 114 96 66 90 82 90 107 103 106 112 108 103 107 117 121
-9999 -9999 -9999 -9999 -9999 -9999 -9999 127 121 122 123 123 122 119 116 115 115 116 116 116 115 116 113 112 112 111 107 104 105 104 102 103 101 99 95 93 97 101 96 95 95 103 103 98 99 97 98 101 100 105 109 108 108 107 107 108 107 105 106 106 102 106 105 105 101 99 93 100 101 108 96 92 97 112 114 115 89 62 81 87 114 118 118 114 112 107 109 112 116 123
-9999 -9999 -9999 -9999 -9999 -9999 -9999 128 124 123 121 119 120 120 117 114 115 116 115 116 115 117 114 116 114 114 113 110 111 111 108 110 104 100 99 98 98 101 103 103 102 100 109 108 106 102 105 110 111 111 110 108 106 106 103 101 104 107 105 107 104 106 104 101 99 88 77 88 86 103 83 63 93 94 98 104 109 97 94 97 97 125 118 113 114 109 97 104 115 126
-9999 -9999 -9999 -9999 -9999 -9999 -9999 128 127 126 121 118 115 118 115 114 114 114 116 117 118 119 117 118 117 115 112 111 114 114 110 110 105 103 106 102 102 104 106 106 109 107 111 114 114 112 113 112 111 109 109 109 107 105 104 105 102 104 101 97 99 100 103 100 87 89 74 58 88 97 90 87 89 90 96 103 109 102 101 105 105 124 115 100 98 97 103 113 119 121
-9999 -9999 -9999 -9999 -9999 -9999 -9999 128 125 127 125 122 119 118 116 113 113 114 115 115 116 118 120 117 114 112 112 115 115 116 115 110 109 108 108 104 107 111 112 114 116 117 116 115 113 112 111 110 108 109 107 108 110 109 110 107 106 102 95 92 83 84 92 95 90 87 68 56 78 89 83 89 88 89 89 99 106 106 101 97 103 95 111 108 102 106 108 109 115 121
-9999 -9999 -9999 -9999 -9999 -9999 -9999 128 123 120 123 123 118 115 112 110 111 111 113 114 115 116 116 121 117 116 116 117 119 119 115 115 114 114 115 113 115 116 117 116 118 118 116 114 111 112 113 111 110 110 108 109 111 110 111 108 104 102 101 96 79 83 90 85 84 76 77 69 72 72 95 94 87 91 95 98 91 87 80 87 97 90 106 100 109 116 115 118 123 129
-9999 -9999 -9999 -9999 -9999 -9999 131 128 122 118 113 120 122 118 113 107 108 111 111 112 116 119 120 123 120 120 119 119 120 122 149 120 120 118 115 114 115 117 115 114 117 119 117 113 113 115 114 114 113 112 112 111 110 109 109 109 108 106 101 93 90 78 79 75 73 70 72 75 74 75 78 86 76 85 96 94 81 71 48 62 84 89 94 100 118 123 131 135 138 142
-9999 -9999 -9999 -9999 -9999 -9999 129 128 120 112 114 122 121 123 119 112 110 105 106 111 113 117 121 124 124 123 124 123 123 124 151 122 119 118 118 117 117 119 118 118 119 118 116 116 116 115 114 113 112 113 112 112 109 106 97 105 105 104 103 102 96 92 88 80 79 73 77 83 85 82 77 66 75 86 92 92 81 66 53 49 59 65 68 95 104 120 122 128 133 145
